0 0 0
0 0.02 0.367696
0 0.04 83.8443
0 0.06 175.739
0 0.08 242.277
0 0.1 288.228
0 0.12 324.703
0 0.14 350.52
0 0.16 382.686
0 0.18 413.513
0 0.2 441.686
0 0.22 468.967
0 0.24 499.096
0 0.26 518.827
0 0.28 536.585
0 0.3 564.21
0 0.32 575.56
0 0.34 600.859
0 0.36 617.286
0 0.38 633.231
0 0.4 644.962
0 0.42 660.947
0 0.44 674.178
0 0.46 687.943
0 0.48 698.633

0.1 0 0
0.1 0.02 1.18266
0.1 0.04 79.6269
0.1 0.06 180.323
0.1 0.08 244.058
0.1 0.1 288.925
0.1 0.12 322.579
0.1 0.14 357.384
0.1 0.16 380.986
0.1 0.18 413.045
0.1 0.2 443.816
0.1 0.22 470.656
0.1 0.24 499.215
0.1 0.26 517.432
0.1 0.28 534.973
0.1 0.3 564.405
0.1 0.32 583.208
0.1 0.34 603.833
0.1 0.36 613.846
0.1 0.38 636.106
0.1 0.4 645.884
0.1 0.42 666.61
0.1 0.44 678.274
0.1 0.46 682.552
0.1 0.48 703.207

0.2 0 0
0.2 0.02 3.34651
0.2 0.04 79.5324
0.2 0.06 177.62
0.2 0.08 240.678
0.2 0.1 285.147
0.2 0.12 324.011
0.2 0.14 357.863
0.2 0.16 381.885
0.2 0.18 412.765
0.2 0.2 439.69
0.2 0.22 464.669
0.2 0.24 491.462
0.2 0.26 522.774
0.2 0.28 537.9
0.2 0.3 561.653
0.2 0.32 582.214
0.2 0.34 595.936
0.2 0.36 619.559
0.2 0.38 636.027
0.2 0.4 648.138
0.2 0.42 665.847
0.2 0.44 673.912
0.2 0.46 684.232
0.2 0.48 695.705

0.3 0 0
0.3 0.02 1.56178
0.3 0.04 80.659
0.3 0.06 176.678
0.3 0.08 242.372
0.3 0.1 287.278
0.3 0.12 326.561
0.3 0.14 359.824
0.3 0.16 383.743
0.3 0.18 410.052
0.3 0.2 442.747
0.3 0.22 468.91
0.3 0.24 488.395
0.3 0.26 520.909
0.3 0.28 537.62
0.3 0.3 564.421
0.3 0.32 582.884
0.3 0.34 601.822
0.3 0.36 620.41
0.3 0.38 633.116
0.3 0.4 644.416
0.3 0.42 661.044
0.3 0.44 675.895
0.3 0.46 689.47
0.3 0.48 703.231

0.4 0 0
0.4 0.02 3.50744
0.4 0.04 82.7326
0.4 0.06 177.402
0.4 0.08 243.274
0.4 0.1 288.563
0.4 0.12 323.886
0.4 0.14 357.32
0.4 0.16 386.065
0.4 0.18 413.551
0.4 0.2 442.302
0.4 0.22 467.528
0.4 0.24 490.966
0.4 0.26 509.433
0.4 0.28 540.266
0.4 0.3 556.626
0.4 0.32 580.937
0.4 0.34 603.854
0.4 0.36 618.147
0.4 0.38 634.343
0.4 0.4 650.335
0.4 0.42 661.567
0.4 0.44 676.224
0.4 0.46 687.661
0.4 0.48 699.717

0.5 0 0
0.5 0.02 0.390013
0.5 0.04 83.0096
0.5 0.06 177.808
0.5 0.08 244.194
0.5 0.1 289.167
0.5 0.12 321.124
0.5 0.14 354.144
0.5 0.16 387.387
0.5 0.18 411.092
0.5 0.2 439.461
0.5 0.22 467.845
0.5 0.24 491.057
0.5 0.26 513.207
0.5 0.28 539.389
0.5 0.3 562.373
0.5 0.32 578.684
0.5 0.34 598.234
0.5 0.36 617.571
0.5 0.38 630.027
0.5 0.4 644.71
0.5 0.42 665.131
0.5 0.44 675.565
0.5 0.46 687.354
0.5 0.48 697.667

0.6 0 0
0.6 0.02 2.79782
0.6 0.04 84.8571
0.6 0.06 181.741
0.6 0.08 244.404
0.6 0.1 283.716
0.6 0.12 323.07
0.6 0.14 353.391
0.6 0.16 385.145
0.6 0.18 412.122
0.6 0.2 442.415
0.6 0.22 472.418
0.6 0.24 492.794
0.6 0.26 515.773
0.6 0.28 536.592
0.6 0.3 555.882
0.6 0.32 578.159
0.6 0.34 601.425
0.6 0.36 618.444
0.6 0.38 631.263
0.6 0.4 648.695
0.6 0.42 661.344
0.6 0.44 677.378
0.6 0.46 692.123
0.6 0.48 699.961

0.7 0 0
0.7 0.02 5.27511
0.7 0.04 82.3168
0.7 0.06 178.591
0.7 0.08 245.723
0.7 0.1 286.163
0.7 0.12 322.621
0.7 0.14 356.868
0.7 0.16 387.844
0.7 0.18 409.919
0.7 0.2 443.952
0.7 0.22 468.715
0.7 0.24 494.166
0.7 0.26 516.499
0.7 0.28 541.444
0.7 0.3 561.384
0.7 0.32 583.642
0.7 0.34 600.407
0.7 0.36 618.076
0.7 0.38 633.727
0.7 0.4 644.251
0.7 0.42 666.822
0.7 0.44 680.267
0.7 0.46 685.719
0.7 0.48 703.899

0.8 0 0
0.8 0.02 3.10328
0.8 0.04 84.3138
0.8 0.06 177.984
0.8 0.08 241.38
0.8 0.1 287.208
0.8 0.12 321.554
0.8 0.14 358.868
0.8 0.16 385.61
0.8 0.18 416.234
0.8 0.2 446.186
0.8 0.22 470.269
0.8 0.24 489.391
0.8 0.26 516.67
0.8 0.28 539.021
0.8 0.3 562.174
0.8 0.32 584.537
0.8 0.34 601.046
0.8 0.36 620.367
0.8 0.38 633.533
0.8 0.4 644.221
0.8 0.42 664.3
0.8 0.44 676.455
0.8 0.46 684.985
0.8 0.48 703.049

0.9 0 0
0.9 0.02 8.21154
0.9 0.04 87.6376
0.9 0.06 183.219
0.9 0.08 249.462
0.9 0.1 288.838
0.9 0.12 323.095
0.9 0.14 355.68
0.9 0.16 383.283
0.9 0.18 415.618
0.9 0.2 446.417
0.9 0.22 465.289
0.9 0.24 498.046
0.9 0.26 514.441
0.9 0.28 540.745
0.9 0.3 554.39
0.9 0.32 579.868
0.9 0.34 599.722
0.9 0.36 617.26
0.9 0.38 635.343
0.9 0.4 648.978
0.9 0.42 658.759
0.9 0.44 678.329
0.9 0.46 687.161
0.9 0.48 699.968

