0 0 0
0 0.02 0
0 0.04 5.22943
0 0.06 19.8295
0 0.08 39.1562
0 0.1 64.2529
0 0.12 96.2132
0 0.14 123.979
0 0.16 148.454
0 0.18 176.444
0 0.2 199.122
0 0.22 222.808
0 0.24 245.166
0 0.26 267.219
0 0.28 287.449
0 0.3 305.481
0 0.32 333.198
0 0.34 357.909
0 0.36 372.929
0 0.38 389.934
0 0.4 416.022
0 0.42 430.73
0 0.44 449.477
0 0.46 463.838
0 0.48 479.811

0.1 0 0
0.1 0.02 0
0.1 0.04 4.70537
0.1 0.06 18.8816
0.1 0.08 40.024
0.1 0.1 68.3673
0.1 0.12 97.5658
0.1 0.14 126.029
0.1 0.16 151.659
0.1 0.18 176.025
0.1 0.2 198.982
0.1 0.22 224.665
0.1 0.24 245.094
0.1 0.26 265.268
0.1 0.28 283.7
0.1 0.3 312.377
0.1 0.32 332.157
0.1 0.34 350.976
0.1 0.36 372.075
0.1 0.38 389.641
0.1 0.4 412.447
0.1 0.42 427.93
0.1 0.44 446.003
0.1 0.46 465.415
0.1 0.48 480.667

0.2 0 0
0.2 0.02 0
0.2 0.04 4.64113
0.2 0.06 19.599
0.2 0.08 37.7062
0.2 0.1 66.2154
0.2 0.12 96.1538
0.2 0.14 125.384
0.2 0.16 150.741
0.2 0.18 176.403
0.2 0.2 202.76
0.2 0.22 219.537
0.2 0.24 243.429
0.2 0.26 266.014
0.2 0.28 290.979
0.2 0.3 309.761
0.2 0.32 332.021
0.2 0.34 351.938
0.2 0.36 374.624
0.2 0.38 391.699
0.2 0.4 413.829
0.2 0.42 435.94
0.2 0.44 450.716
0.2 0.46 461.392
0.2 0.48 483.558

0.3 0 0
0.3 0.02 0
0.3 0.04 5.61175
0.3 0.06 19.9443
0.3 0.08 38.2214
0.3 0.1 67.987
0.3 0.12 95.8487
0.3 0.14 123.471
0.3 0.16 149.584
0.3 0.18 174.372
0.3 0.2 198.62
0.3 0.22 223.096
0.3 0.24 245.998
0.3 0.26 261.425
0.3 0.28 291.119
0.3 0.3 313.439
0.3 0.32 333.465
0.3 0.34 352.637
0.3 0.36 374.587
0.3 0.38 391.848
0.3 0.4 415.341
0.3 0.42 433.466
0.3 0.44 445.465
0.3 0.46 469
0.3 0.48 485.523

0.4 0 0
0.4 0.02 0
0.4 0.04 5.14847
0.4 0.06 19.2797
0.4 0.08 40.4755
0.4 0.1 67.4613
0.4 0.12 94.1755
0.4 0.14 123.182
0.4 0.16 149.285
0.4 0.18 174.15
0.4 0.2 199.002
0.4 0.22 219.261
0.4 0.24 248.005
0.4 0.26 267.582
0.4 0.28 290.024
0.4 0.3 310.06
0.4 0.32 328.347
0.4 0.34 353.794
0.4 0.36 371.573
0.4 0.38 391.55
0.4 0.4 409.62
0.4 0.42 429.554
0.4 0.44 448.827
0.4 0.46 462.752
0.4 0.48 480.238

0.5 0 0
0.5 0.02 0
0.5 0.04 5.10356
0.5 0.06 17.6114
0.5 0.08 40.0256
0.5 0.1 65.3642
0.5 0.12 95.9003
0.5 0.14 125.249
0.5 0.16 154.96
0.5 0.18 175.931
0.5 0.2 198.049
0.5 0.22 222.803
0.5 0.24 243.938
0.5 0.26 268.019
0.5 0.28 289.633
0.5 0.3 311.931
0.5 0.32 331.962
0.5 0.34 347.513
0.5 0.36 369.312
0.5 0.38 392.545
0.5 0.4 412.425
0.5 0.42 430.065
0.5 0.44 448.078
0.5 0.46 460.808
0.5 0.48 482.435

0.6 0 0
0.6 0.02 0
0.6 0.04 5.53858
0.6 0.06 18.3002
0.6 0.08 38.1442
0.6 0.1 63.127
0.6 0.12 94.8195
0.6 0.14 126.693
0.6 0.16 151.931
0.6 0.18 174.51
0.6 0.2 199.614
0.6 0.22 221.069
0.6 0.24 245.543
0.6 0.26 268.843
0.6 0.28 286.846
0.6 0.3 308.272
0.6 0.32 334.573
0.6 0.34 352.484
0.6 0.36 373.132
0.6 0.38 389.801
0.6 0.4 417.99
0.6 0.42 434.861
0.6 0.44 448.427
0.6 0.46 469.27
0.6 0.48 480.019

0.7 0 0
0.7 0.02 0
0.7 0.04 5.18246
0.7 0.06 19.7441
0.7 0.08 38.719
0.7 0.1 66.804
0.7 0.12 97.3086
0.7 0.14 124.376
0.7 0.16 153.327
0.7 0.18 174.773
0.7 0.2 200.085
0.7 0.22 221.134
0.7 0.24 242.08
0.7 0.26 264.778
0.7 0.28 288.797
0.7 0.3 308.997
0.7 0.32 333.006
0.7 0.34 352.408
0.7 0.36 370.507
0.7 0.38 389.002
0.7 0.4 409.525
0.7 0.42 429.797
0.7 0.44 447.308
0.7 0.46 464.416
0.7 0.48 486.187

0.8 0 0
0.8 0.02 0
0.8 0.04 5.59945
0.8 0.06 19.9532
0.8 0.08 40.7938
0.8 0.1 69.6518
0.8 0.12 96.7329
0.8 0.14 122.813
0.8 0.16 151.8
0.8 0.18 176.75
0.8 0.2 203.033
0.8 0.22 221.695
0.8 0.24 245.336
0.8 0.26 269.061
0.8 0.28 288.731
0.8 0.3 314.646
0.8 0.32 329.288
0.8 0.34 352.022
0.8 0.36 372.388
0.8 0.38 392.662
0.8 0.4 409
0.8 0.42 430.483
0.8 0.44 450.586
0.8 0.46 464.024
0.8 0.48 478.826

0.9 0 0
0.9 0.02 0
0.9 0.04 4.81911
0.9 0.06 19.3782
0.9 0.08 40.1765
0.9 0.1 67.8862
0.9 0.12 95.9918
0.9 0.14 125.163
0.9 0.16 153.505
0.9 0.18 180.168
0.9 0.2 196.852
0.9 0.22 223.159
0.9 0.24 244.826
0.9 0.26 266.471
0.9 0.28 285.639
0.9 0.3 313.72
0.9 0.32 333.637
0.9 0.34 352.94
0.9 0.36 371.294
0.9 0.38 395.089
0.9 0.4 413.545
0.9 0.42 432.228
0.9 0.44 454.314
0.9 0.46 462.3
0.9 0.48 486.804

