10 0.00291712 0.000221917 101.543 0.00292048 0.000221822 101.342
20 0.00291712 0.000221917 101.543 0.00291833 0.000222739 101.637
30 0.00291712 0.000221917 101.543 0.00291741 0.000223223 101.785
40 0.00291712 0.000221917 101.543 0.00291684 0.00022355 101.883
50 0.00291712 0.000221917 101.543 0.00291644 0.000223786 101.954
60 0.00291712 0.000221917 101.543 0.00291613 0.000223962 102.007
70 0.00291712 0.000221917 101.543 0.0029159 0.000224097 102.048
80 0.00291712 0.000221917 101.543 0.00291571 0.000224201 102.079
90 0.00291712 0.000221917 101.543 0.00291555 0.000224284 102.105
100 0.00291712 0.000221917 101.543 0.00291543 0.00022435 102.125
110 0.00291712 0.000221917 101.543 0.00291533 0.000224404 102.142
120 0.00291712 0.000221917 101.543 0.00291524 0.000224448 102.155
130 0.00291712 0.000221917 101.543 0.00291517 0.000224485 102.167
140 0.00291712 0.000221917 101.543 0.00291511 0.000224516 102.177
150 0.00291712 0.000221917 101.543 0.00291506 0.000224542 102.185
160 0.00291712 0.000221917 101.543 0.00291501 0.000224564 102.192
170 0.00291712 0.000221917 101.543 0.00291498 0.000224583 102.198
180 0.00291712 0.000221917 101.543 0.00291494 0.0002246 102.203
190 0.00291712 0.000221917 101.543 0.00291491 0.000224614 102.207
200 0.00291712 0.000221917 101.543 0.00291489 0.000224627 102.211
210 0.00291712 0.000221917 101.543 0.00291487 0.000224638 102.214
220 0.00291712 0.000221917 101.543 0.00291485 0.000224648 102.217
230 0.00291712 0.000221917 101.543 0.00291483 0.000224658 102.22
240 0.00291712 0.000221917 101.543 0.00291482 0.000224666 102.222
250 0.00291712 0.000221917 101.543 0.00291481 0.000224674 102.223
260 0.00291712 0.000221917 101.543 0.0029148 0.000224681 102.224
270 0.00291712 0.000221917 101.543 0.0029148 0.000224687 102.224
280 0.00291712 0.000221917 101.543 0.00291479 0.000224693 102.223
290 0.00291712 0.000221917 101.543 0.00291479 0.000224699 102.222
300 0.00291712 0.000221917 101.543 0.0029148 0.000224704 102.22
310 0.00291712 0.000221917 101.543 0.0029148 0.000224708 102.217
320 0.00291712 0.000221917 101.543 0.00291481 0.000224712 102.213
330 0.00291712 0.000221917 101.543 0.00291482 0.000224714 102.207
340 0.00291712 0.000221917 101.543 0.00291484 0.000224716 102.2
350 0.00291712 0.000221917 101.543 0.00291486 0.000224716 102.192
360 0.00291712 0.000221917 101.543 0.00291488 0.000224715 102.182
370 0.00291712 0.000221917 101.543 0.00291491 0.000224712 102.17
380 0.00291712 0.000221917 101.543 0.00291494 0.000224707 102.156
390 0.00291712 0.000221917 101.543 0.00291498 0.0002247 102.14
400 0.00291712 0.000221917 101.543 0.00291502 0.000224689 102.122
410 0.00291712 0.000221917 101.543 0.00291506 0.000224676 102.101
420 0.00291712 0.000221917 101.543 0.00291511 0.00022466 102.078
430 0.00291712 0.000221917 101.543 0.00291516 0.00022464 102.053
440 0.00291712 0.000221917 101.543 0.00291522 0.000224615 102.025
450 0.00291712 0.000221917 101.543 0.00291528 0.000224587 101.993
460 0.00291712 0.000221917 101.543 0.00291534 0.000224554 101.959
470 0.00291712 0.000221917 101.543 0.00291541 0.000224516 101.922
480 0.00291712 0.000221917 101.543 0.00291548 0.000224473 101.882
490 0.00291712 0.000221917 101.543 0.00291555 0.000224424 101.839
500 0.00291712 0.000221917 101.543 0.00291563 0.00022437 101.792
510 0.00291712 0.000221917 101.543 0.00291571 0.000224309 101.743
520 0.00291712 0.000221917 101.543 0.0029158 0.000224242 101.689
530 0.00291712 0.000221917 101.543 0.00291589 0.000224169 101.633
540 0.00291712 0.000221917 101.543 0.00291598 0.000224089 101.573
550 0.00291712 0.000221917 101.543 0.00291607 0.000224002 101.51
560 0.00291712 0.000221917 101.543 0.00291617 0.000223907 101.443
570 0.00291712 0.000221917 101.543 0.00291626 0.000223806 101.373
580 0.00291712 0.000221917 101.543 0.00291637 0.000223697 101.3
590 0.00291712 0.000221917 101.543 0.00291647 0.00022358 101.223
600 0.00291712 0.000221917 101.543 0.00291657 0.000223456 101.142
610 0.00291712 0.000221917 101.543 0.00291668 0.000223324 101.058
620 0.00291712 0.000221917 101.543 0.00291679 0.000223184 100.971
630 0.00291712 0.000221917 101.543 0.0029169 0.000223037 100.881
640 0.00291712 0.000221917 101.543 0.00291702 0.000222881 100.787
650 0.00291712 0.000221917 101.543 0.00291713 0.000222717 100.69
660 0.00291712 0.000221917 101.543 0.00291725 0.000222545 100.589
670 0.00291712 0.000221917 101.543 0.00291737 0.000222365 100.485
680 0.00291712 0.000221917 101.543 0.00291749 0.000222177 100.379
690 0.00291712 0.000221917 101.543 0.00291761 0.000221981 100.269
700 0.00291712 0.000221917 101.543 0.00291773 0.000221776 100.156
710 0.00291712 0.000221917 101.543 0.00291785 0.000221564 100.04
720 0.00291712 0.000221917 101.543 0.00291797 0.000221344 99.9208
730 0.00291712 0.000221917 101.543 0.0029181 0.000221116 99.7989
740 0.00291712 0.000221917 101.543 0.00291823 0.00022088 99.6743
750 0.00291712 0.000221917 101.543 0.00291835 0.000220636 99.5468
760 0.00291712 0.000221917 101.543 0.00291848 0.000220384 99.4166
770 0.00291712 0.000221917 101.543 0.00291861 0.000220125 99.2838
780 0.00291712 0.000221917 101.543 0.00291874 0.000219858 99.1483
790 0.00291712 0.000221917 101.543 0.00291887 0.000219584 99.0104
800 0.00291712 0.000221917 101.543 0.002919 0.000219302 98.87
810 0.00291712 0.000221917 101.543 0.00291913 0.000219013 98.7272
820 0.00291712 0.000221917 101.543 0.00291926 0.000218717 98.5821
830 0.00291712 0.000221917 101.543 0.0029194 0.000218414 98.4347
840 0.00291712 0.000221917 101.543 0.00291953 0.000218104 98.2852
850 0.00291712 0.000221917 101.543 0.00291966 0.000217787 98.1335
860 0.00291712 0.000221917 101.543 0.0029198 0.000217463 97.9797
870 0.00291712 0.000221917 101.543 0.00291993 0.000217133 97.824
880 0.00291712 0.000221917 101.543 0.00292007 0.000216797 97.6663
890 0.00291712 0.000221917 101.543 0.00292021 0.000216454 97.5068
900 0.00291712 0.000221917 101.543 0.00292034 0.000216105 97.3454
910 0.00291712 0.000221917 101.543 0.00292048 0.00021575 97.1823
920 0.00291712 0.000221917 101.543 0.00292062 0.000215389 97.0176
930 0.00291712 0.000221917 101.543 0.00292076 0.000215022 96.8512
940 0.00291712 0.000221917 101.543 0.0029209 0.000214649 96.6833
950 0.00291712 0.000221917 101.543 0.00292104 0.000214271 96.5139
960 0.00291712 0.000221917 101.543 0.00292118 0.000213888 96.3431
970 0.00291712 0.000221917 101.543 0.00292132 0.0002135 96.1709
980 0.00291712 0.000221917 101.543 0.00292146 0.000213106 95.9974
990 0.00291712 0.000221917 101.543 0.00292161 0.000212707 95.8226
1000 0.00291712 0.000221917 101.543 0.00292175 0.000212304 95.6466
1010 0.00291712 0.000221917 101.543 0.00292189 0.000211896 95.4695
1020 0.00291712 0.000221917 101.543 0.00292204 0.000211483 95.2913
1030 0.00291712 0.000221917 101.543 0.00292219 0.000211066 95.1121
1040 0.00291712 0.000221917 101.543 0.00292233 0.000210645 94.9318
1050 0.00291712 0.000221917 101.543 0.00292248 0.000210219 94.7507
1060 0.00291712 0.000221917 101.543 0.00292263 0.00020979 94.5686
1070 0.00291712 0.000221917 101.543 0.00292278 0.000209356 94.3857
1080 0.00291712 0.000221917 101.543 0.00292293 0.000208919 94.2021
1090 0.00291712 0.000221917 101.543 0.00292308 0.000208478 94.0176
1100 0.00291712 0.000221917 101.543 0.00292323 0.000208034 93.8325
1110 0.00291712 0.000221917 101.543 0.00292338 0.000207586 93.6468
1120 0.00291712 0.000221917 101.543 0.00292353 0.000207135 93.4604
1130 0.00291712 0.000221917 101.543 0.00292369 0.000206681 93.2735
1140 0.00291712 0.000221917 101.543 0.00292384 0.000206223 93.086
1150 0.00291712 0.000221917 101.543 0.002924 0.000205763 92.8981
1160 0.00291712 0.000221917 101.543 0.00292415 0.0002053 92.7097
1170 0.00291712 0.000221917 101.543 0.00292431 0.000204834 92.5209
1180 0.00291712 0.000221917 101.543 0.00292447 0.000204366 92.3318
1190 0.00291712 0.000221917 101.543 0.00292463 0.000203895 92.1423
1200 0.00291712 0.000221917 101.543 0.00292479 0.000203422 91.9526
1210 0.00291712 0.000221917 101.543 0.00292495 0.000202947 91.7626
1220 0.00291712 0.000221917 101.543 0.00292511 0.000202469 91.5723
1230 0.00291712 0.000221917 101.543 0.00292527 0.000201989 91.3819
1240 0.00291712 0.000221917 101.543 0.00292544 0.000201508 91.1913
1250 0.00291712 0.000221917 101.543 0.0029256 0.000201024 91.0006
1260 0.00291712 0.000221917 101.543 0.00292577 0.000200539 90.8099
1270 0.00291712 0.000221917 101.543 0.00292593 0.000200052 90.619
1280 0.00291712 0.000221917 101.543 0.0029261 0.000199564 90.4281
1290 0.00291712 0.000221917 101.543 0.00292627 0.000199074 90.2373
1300 0.00291712 0.000221917 101.543 0.00292644 0.000198582 90.0464
1310 0.00291712 0.000221917 101.543 0.00292661 0.00019809 89.8556
1320 0.00291712 0.000221917 101.543 0.00292678 0.000197596 89.6649
1330 0.00291712 0.000221917 101.543 0.00292695 0.000197101 89.4742
1340 0.00291712 0.000221917 101.543 0.00292713 0.000196604 89.2838
1350 0.00291712 0.000221917 101.543 0.0029273 0.000196107 89.0934
1360 0.00291712 0.000221917 101.543 0.00292748 0.000195609 88.9032
1370 0.00291712 0.000221917 101.543 0.00292765 0.000195111 88.7133
1380 0.00291712 0.000221917 101.543 0.00292783 0.000194611 88.5235
1390 0.00291712 0.000221917 101.543 0.00292801 0.000194111 88.334
1400 0.00291712 0.000221917 101.543 0.00292818 0.00019361 88.1448
1410 0.00291712 0.000221917 101.543 0.00292836 0.000193109 87.9558
1420 0.00291712 0.000221917 101.543 0.00292854 0.000192607 87.7672
1430 0.00291712 0.000221917 101.543 0.00292872 0.000192105 87.5788
1440 0.00291712 0.000221917 101.543 0.0029289 0.000191603 87.3908
1450 0.00291712 0.000221917 101.543 0.00292909 0.0001911 87.2032
1460 0.00291712 0.000221917 101.543 0.00292927 0.000190597 87.016
1470 0.00291712 0.000221917 101.543 0.00292945 0.000190094 86.8291
1480 0.00291712 0.000221917 101.543 0.00292964 0.000189591 86.6426
1490 0.00291712 0.000221917 101.543 0.00292982 0.000189088 86.4566
1500 0.00291712 0.000221917 101.543 0.00293001 0.000188585 86.271
1510 0.00291712 0.000221917 101.543 0.0029302 0.000188082 86.0859
1520 0.00291712 0.000221917 101.543 0.00293038 0.00018758 85.9012
1530 0.00291712 0.000221917 101.543 0.00293057 0.000187077 85.717
1540 0.00291712 0.000221917 101.543 0.00293076 0.000186575 85.5333
1550 0.00291712 0.000221917 101.543 0.00293095 0.000186073 85.3502
1560 0.00291712 0.000221917 101.543 0.00293113 0.000185571 85.1675
1570 0.00291712 0.000221917 101.543 0.00293132 0.00018507 84.9854
1580 0.00291712 0.000221917 101.543 0.00293151 0.00018457 84.8038
1590 0.00291712 0.000221917 101.543 0.0029317 0.000184069 84.6228
1600 0.00291712 0.000221917 101.543 0.00293189 0.00018357 84.4423
1610 0.00291712 0.000221917 101.543 0.00293209 0.000183071 84.2625
1620 0.00291712 0.000221917 101.543 0.00293228 0.000182573 84.0832
1630 0.00291712 0.000221917 101.543 0.00293247 0.000182075 83.9045
1640 0.00291712 0.000221917 101.543 0.00293266 0.000181578 83.7264
1650 0.00291712 0.000221917 101.543 0.00293285 0.000181082 83.5489
1660 0.00291712 0.000221917 101.543 0.00293304 0.000180587 83.3721
1670 0.00291712 0.000221917 101.543 0.00293324 0.000180092 83.1959
1680 0.00291712 0.000221917 101.543 0.00293343 0.000179599 83.0203
1690 0.00291712 0.000221917 101.543 0.00293362 0.000179106 82.8454
1700 0.00291712 0.000221917 101.543 0.00293381 0.000178614 82.6712
1710 0.00291712 0.000221917 101.543 0.002934 0.000178124 82.4976
1720 0.00291712 0.000221917 101.543 0.0029342 0.000177634 82.3247
1730 0.00291712 0.000221917 101.543 0.00293439 0.000177145 82.1524
1740 0.00291712 0.000221917 101.543 0.00293458 0.000176658 81.9809
1750 0.00291712 0.000221917 101.543 0.00293477 0.000176171 81.81
1760 0.00291712 0.000221917 101.543 0.00293496 0.000175686 81.6398
1770 0.00291712 0.000221917 101.543 0.00293515 0.000175202 81.4703
1780 0.00291712 0.000221917 101.543 0.00293535 0.000174719 81.3016
1790 0.00291712 0.000221917 101.543 0.00293554 0.000174237 81.1335
1800 0.00291712 0.000221917 101.543 0.00293573 0.000173757 80.9662
1810 0.00291712 0.000221917 101.543 0.00293592 0.000173278 80.7996
1820 0.00291712 0.000221917 101.543 0.00293611 0.0001728 80.6337
1830 0.00291712 0.000221917 101.543 0.00293629 0.000172323 80.4685
1840 0.00291712 0.000221917 101.543 0.00293648 0.000171848 80.3041
1850 0.00291712 0.000221917 101.543 0.00293667 0.000171374 80.1404
1860 0.00291712 0.000221917 101.543 0.00293686 0.000170902 79.9774
1870 0.00291712 0.000221917 101.543 0.00293704 0.000170431 79.8152
1880 0.00291712 0.000221917 101.543 0.00293723 0.000169961 79.6538
1890 0.00291712 0.000221917 101.543 0.00293741 0.000169493 79.4931
1900 0.00291712 0.000221917 101.543 0.0029376 0.000169026 79.3331
1910 0.00291712 0.000221917 101.543 0.00293778 0.000168561 79.1739
1920 0.00291712 0.000221917 101.543 0.00293796 0.000168097 79.0155
1930 0.00291712 0.000221917 101.543 0.00293814 0.000167635 78.8578
1940 0.00291712 0.000221917 101.543 0.00293832 0.000167175 78.7008
1950 0.00291712 0.000221917 101.543 0.0029385 0.000166715 78.5447
1960 0.00291712 0.000221917 101.543 0.00293868 0.000166258 78.3893
1970 0.00291712 0.000221917 101.543 0.00293886 0.000165802 78.2347
1980 0.00291712 0.000221917 101.543 0.00293904 0.000165348 78.0808
1990 0.00291712 0.000221917 101.543 0.00293921 0.000164895 77.9277
2000 0.00291712 0.000221917 101.543 0.00293938 0.000164444 77.7754
2010 0.00291712 0.000221917 101.543 0.00293956 0.000163994 77.6238
2020 0.00291712 0.000221917 101.543 0.00293973 0.000163547 77.4731
2030 0.00291712 0.000221917 101.543 0.0029399 0.0001631 77.3231
2040 0.00291712 0.000221917 101.543 0.00294007 0.000162656 77.1738
2050 0.00291712 0.000221917 101.543 0.00294023 0.000162213 77.0254
2060 0.00291712 0.000221917 101.543 0.0029404 0.000161772 76.8777
2070 0.00291712 0.000221917 101.543 0.00294056 0.000161333 76.7308
2080 0.00291712 0.000221917 101.543 0.00294073 0.000160895 76.5847
2090 0.00291712 0.000221917 101.543 0.00294089 0.000160459 76.4393
2100 0.00291712 0.000221917 101.543 0.00294105 0.000160025 76.2948
2110 0.00291712 0.000221917 101.543 0.0029412 0.000159592 76.151
2120 0.00291712 0.000221917 101.543 0.00294136 0.000159161 76.0079
2130 0.00291712 0.000221917 101.543 0.00294151 0.000158732 75.8657
2140 0.00291712 0.000221917 101.543 0.00294167 0.000158305 75.7242
2150 0.00291712 0.000221917 101.543 0.00294182 0.000157879 75.5835
2160 0.00291712 0.000221917 101.543 0.00294196 0.000157456 75.4436
2170 0.00291712 0.000221917 101.543 0.00294211 0.000157034 75.3044
2180 0.00291712 0.000221917 101.543 0.00294226 0.000156613 75.166
2190 0.00291712 0.000221917 101.543 0.0029424 0.000156195 75.0284
2200 0.00291712 0.000221917 101.543 0.00294254 0.000155778 74.8916
2210 0.00291712 0.000221917 101.543 0.00294268 0.000155363 74.7555
2220 0.00291712 0.000221917 101.543 0.00294282 0.00015495 74.6202
2230 0.00291712 0.000221917 101.543 0.00294295 0.000154539 74.4856
2240 0.00291712 0.000221917 101.543 0.00294308 0.00015413 74.3519
2250 0.00291712 0.000221917 101.543 0.00294321 0.000153722 74.2189
2260 0.00291712 0.000221917 101.543 0.00294334 0.000153316 74.0866
2270 0.00291712 0.000221917 101.543 0.00294347 0.000152912 73.9551
2280 0.00291712 0.000221917 101.543 0.00294359 0.00015251 73.8244
2290 0.00291712 0.000221917 101.543 0.00294371 0.000152109 73.6944
2300 0.00291712 0.000221917 101.543 0.00294383 0.000151711 73.5652
2310 0.00291712 0.000221917 101.543 0.00294395 0.000151314 73.4367
2320 0.00291712 0.000221917 101.543 0.00294406 0.000150919 73.309
2330 0.00291712 0.000221917 101.543 0.00294417 0.000150526 73.1821
2340 0.00291712 0.000221917 101.543 0.00294428 0.000150134 73.0559
2350 0.00291712 0.000221917 101.543 0.00294439 0.000149745 72.9304
2360 0.00291712 0.000221917 101.543 0.00294449 0.000149357 72.8057
2370 0.00291712 0.000221917 101.543 0.00294459 0.000148971 72.6817
2380 0.00291712 0.000221917 101.543 0.00294469 0.000148587 72.5585
2390 0.00291712 0.000221917 101.543 0.00294479 0.000148205 72.436
2400 0.00291712 0.000221917 101.543 0.00294488 0.000147825 72.3142
2410 0.00291712 0.000221917 101.543 0.00294497 0.000147446 72.1932
2420 0.00291712 0.000221917 101.543 0.00294506 0.000147069 72.0729
2430 0.00291712 0.000221917 101.543 0.00294514 0.000146694 71.9534
2440 0.00291712 0.000221917 101.543 0.00294523 0.000146321 71.8346
2450 0.00291712 0.000221917 101.543 0.00294531 0.00014595 71.7165
2460 0.00291712 0.000221917 101.543 0.00294538 0.00014558 71.5991
2470 0.00291712 0.000221917 101.543 0.00294546 0.000145213 71.4824
2480 0.00291712 0.000221917 101.543 0.00294553 0.000144847 71.3665
2490 0.00291712 0.000221917 101.543 0.00294559 0.000144483 71.2513
2500 0.00291712 0.000221917 101.543 0.00294566 0.00014412 71.1368
2510 0.00291712 0.000221917 101.543 0.00294572 0.00014376 71.023
2520 0.00291712 0.000221917 101.543 0.00294578 0.000143401 70.9099
2530 0.00291712 0.000221917 101.543 0.00294584 0.000143044 70.7975
2540 0.00291712 0.000221917 101.543 0.00294589 0.000142689 70.6858
2550 0.00291712 0.000221917 101.543 0.00294594 0.000142336 70.5749
2560 0.00291712 0.000221917 101.543 0.00294598 0.000141984 70.4646
2570 0.00291712 0.000221917 101.543 0.00294603 0.000141634 70.355
2580 0.00291712 0.000221917 101.543 0.00294607 0.000141286 70.2461
2590 0.00291712 0.000221917 101.543 0.00294611 0.00014094 70.1379
2600 0.00291712 0.000221917 101.543 0.00294614 0.000140596 70.0304
2610 0.00291712 0.000221917 101.543 0.00294617 0.000140253 69.9236
2620 0.00291712 0.000221917 101.543 0.0029462 0.000139912 69.8175
2630 0.00291712 0.000221917 101.543 0.00294622 0.000139573 69.712
2640 0.00291712 0.000221917 101.543 0.00294624 0.000139235 69.6072
2650 0.00291712 0.000221917 101.543 0.00294626 0.0001389 69.5031
2660 0.00291712 0.000221917 101.543 0.00294628 0.000138566 69.3997
2670 0.00291712 0.000221917 101.543 0.00294629 0.000138234 69.2969
2680 0.00291712 0.000221917 101.543 0.00294629 0.000137903 69.1948
2690 0.00291712 0.000221917 101.543 0.0029463 0.000137575 69.0934
2700 0.00291712 0.000221917 101.543 0.0029463 0.000137248 68.9926
2710 0.00291712 0.000221917 101.543 0.0029463 0.000136922 68.8925
2720 0.00291712 0.000221917 101.543 0.00294629 0.000136599 68.793
2730 0.00291712 0.000221917 101.543 0.00294628 0.000136277 68.6942
2740 0.00291712 0.000221917 101.543 0.00294627 0.000135957 68.596
2750 0.00291712 0.000221917 101.543 0.00294625 0.000135639 68.4985
2760 0.00291712 0.000221917 101.543 0.00294623 0.000135322 68.4016
2770 0.00291712 0.000221917 101.543 0.00294621 0.000135007 68.3054
2780 0.00291712 0.000221917 101.543 0.00294618 0.000134694 68.2098
2790 0.00291712 0.000221917 101.543 0.00294615 0.000134382 68.1148
2800 0.00291712 0.000221917 101.543 0.00294612 0.000134072 68.0205
2810 0.00291712 0.000221917 101.543 0.00294608 0.000133764 67.9268
2820 0.00291712 0.000221917 101.543 0.00294604 0.000133457 67.8337
2830 0.00291712 0.000221917 101.543 0.002946 0.000133152 67.7412
2840 0.00291712 0.000221917 101.543 0.00294595 0.000132849 67.6494
2850 0.00291712 0.000221917 101.543 0.0029459 0.000132547 67.5582
2860 0.00291712 0.000221917 101.543 0.00294585 0.000132247 67.4675
2870 0.00291712 0.000221917 101.543 0.00294579 0.000131949 67.3775
2880 0.00291712 0.000221917 101.543 0.00294572 0.000131652 67.2882
2890 0.00291712 0.000221917 101.543 0.00294566 0.000131357 67.1994
2900 0.00291712 0.000221917 101.543 0.00294559 0.000131063 67.1112
2910 0.00291712 0.000221917 101.543 0.00294552 0.000130772 67.0236
2920 0.00291712 0.000221917 101.543 0.00294544 0.000130481 66.9366
2930 0.00291712 0.000221917 101.543 0.00294536 0.000130193 66.8502
2940 0.00291712 0.000221917 101.543 0.00294528 0.000129905 66.7644
2950 0.00291712 0.000221917 101.543 0.00294519 0.00012962 66.6792
2960 0.00291712 0.000221917 101.543 0.0029451 0.000129336 66.5945
2970 0.00291712 0.000221917 101.543 0.002945 0.000129054 66.5105
2980 0.00291712 0.000221917 101.543 0.0029449 0.000128773 66.427
2990 0.00291712 0.000221917 101.543 0.0029448 0.000128494 66.3441
3000 0.00291712 0.000221917 101.543 0.0029447 0.000128216 66.2618
3010 0.00291712 0.000221917 101.543 0.00294459 0.00012794 66.18
3020 0.00291712 0.000221917 101.543 0.00294447 0.000127666 66.0988
3030 0.00291712 0.000221917 101.543 0.00294436 0.000127393 66.0182
3040 0.00291712 0.000221917 101.543 0.00294424 0.000127121 65.9381
3050 0.00291712 0.000221917 101.543 0.00294411 0.000126851 65.8586
3060 0.00291712 0.000221917 101.543 0.00294398 0.000126583 65.7797
3070 0.00291712 0.000221917 101.543 0.00294385 0.000126316 65.7013
3080 0.00291712 0.000221917 101.543 0.00294372 0.000126051 65.6234
3090 0.00291712 0.000221917 101.543 0.00294358 0.000125787 65.5461
3100 0.00291712 0.000221917 101.543 0.00294343 0.000125524 65.4694
3110 0.00291712 0.000221917 101.543 0.00294329 0.000125264 65.3931
3120 0.00291712 0.000221917 101.543 0.00294314 0.000125004 65.3174
3130 0.00291712 0.000221917 101.543 0.00294298 0.000124746 65.2423
3140 0.00291712 0.000221917 101.543 0.00294283 0.00012449 65.1677
3150 0.00291712 0.000221917 101.543 0.00294266 0.000124235 65.0936
3160 0.00291712 0.000221917 101.543 0.0029425 0.000123981 65.02
3170 0.00291712 0.000221917 101.543 0.00294233 0.000123729 64.947
3180 0.00291712 0.000221917 101.543 0.00294216 0.000123479 64.8745
3190 0.00291712 0.000221917 101.543 0.00294198 0.000123229 64.8025
3200 0.00291712 0.000221917 101.543 0.0029418 0.000122982 64.731
3210 0.00291712 0.000221917 101.543 0.00294162 0.000122735 64.66
3220 0.00291712 0.000221917 101.543 0.00294143 0.00012249 64.5896
3230 0.00291712 0.000221917 101.543 0.00294124 0.000122247 64.5196
3240 0.00291712 0.000221917 101.543 0.00294104 0.000122005 64.4501
3250 0.00291712 0.000221917 101.543 0.00294085 0.000121764 64.3812
3260 0.00291712 0.000221917 101.543 0.00294064 0.000121525 64.3127
3270 0.00291712 0.000221917 101.543 0.00294044 0.000121287 64.2448
3280 0.00291712 0.000221917 101.543 0.00294023 0.00012105 64.1773
3290 0.00291712 0.000221917 101.543 0.00294002 0.000120815 64.1104
3300 0.00291712 0.000221917 101.543 0.0029398 0.000120581 64.0439
3310 0.00291712 0.000221917 101.543 0.00293958 0.000120349 63.9779
3320 0.00291712 0.000221917 101.543 0.00293935 0.000120118 63.9124
3330 0.00291712 0.000221917 101.543 0.00293913 0.000119888 63.8473
3340 0.00291712 0.000221917 101.543 0.0029389 0.00011966 63.7828
3350 0.00291712 0.000221917 101.543 0.00293866 0.000119433 63.7187
3360 0.00291712 0.000221917 101.543 0.00293842 0.000119207 63.655
3370 0.00291712 0.000221917 101.543 0.00293818 0.000118983 63.5919
3380 0.00291712 0.000221917 101.543 0.00293793 0.00011876 63.5292
3390 0.00291712 0.000221917 101.543 0.00293768 0.000118538 63.467
3400 0.00291712 0.000221917 101.543 0.00293743 0.000118318 63.4052
3410 0.00291712 0.000221917 101.543 0.00293718 0.000118098 63.3439
3420 0.00291712 0.000221917 101.543 0.00293691 0.000117881 63.2831
3430 0.00291712 0.000221917 101.543 0.00293665 0.000117664 63.2227
3440 0.00291712 0.000221917 101.543 0.00293638 0.000117449 63.1628
3450 0.00291712 0.000221917 101.543 0.00293611 0.000117235 63.1033
3460 0.00291712 0.000221917 101.543 0.00293584 0.000117022 63.0442
3470 0.00291712 0.000221917 101.543 0.00293556 0.000116811 62.9856
3480 0.00291712 0.000221917 101.543 0.00293528 0.0001166 62.9275
3490 0.00291712 0.000221917 101.543 0.00293499 0.000116391 62.8698
3500 0.00291712 0.000221917 101.543 0.00293471 0.000116184 62.8125
3510 0.00291712 0.000221917 101.543 0.00293441 0.000115977 62.7556
3520 0.00291712 0.000221917 101.543 0.00293412 0.000115772 62.6992
3530 0.00291712 0.000221917 101.543 0.00293382 0.000115568 62.6432
3540 0.00291712 0.000221917 101.543 0.00293352 0.000115365 62.5876
3550 0.00291712 0.000221917 101.543 0.00293321 0.000115163 62.5325
3560 0.00291712 0.000221917 101.543 0.0029329 0.000114963 62.4777
3570 0.00291712 0.000221917 101.543 0.00293259 0.000114764 62.4234
3580 0.00291712 0.000221917 101.543 0.00293227 0.000114566 62.3695
3590 0.00291712 0.000221917 101.543 0.00293195 0.000114369 62.3161
3600 0.00291712 0.000221917 101.543 0.00293163 0.000114173 62.263
3610 0.00291712 0.000221917 101.543 0.0029313 0.000113979 62.2103
3620 0.00291712 0.000221917 101.543 0.00293097 0.000113786 62.1581
3630 0.00291712 0.000221917 101.543 0.00293064 0.000113594 62.1062
3640 0.00291712 0.000221917 101.543 0.0029303 0.000113403 62.0548
3650 0.00291712 0.000221917 101.543 0.00292996 0.000113213 62.0037
3660 0.00291712 0.000221917 101.543 0.00292962 0.000113024 61.9531
3670 0.00291712 0.000221917 101.543 0.00292927 0.000112837 61.9028
3680 0.00291712 0.000221917 101.543 0.00292892 0.00011265 61.8529
3690 0.00291712 0.000221917 101.543 0.00292857 0.000112465 61.8035
3700 0.00291712 0.000221917 101.543 0.00292821 0.000112281 61.7544
3710 0.00291712 0.000221917 101.543 0.00292786 0.000112098 61.7057
3720 0.00291712 0.000221917 101.543 0.00292749 0.000111916 61.6573
3730 0.00291712 0.000221917 101.543 0.00292713 0.000111735 61.6094
3740 0.00291712 0.000221917 101.543 0.00292676 0.000111556 61.5618
3750 0.00291712 0.000221917 101.543 0.00292638 0.000111377 61.5147
3760 0.00291712 0.000221917 101.543 0.00292601 0.0001112 61.4678
3770 0.00291712 0.000221917 101.543 0.00292563 0.000111023 61.4214
3780 0.00291712 0.000221917 101.543 0.00292525 0.000110848 61.3753
3790 0.00291712 0.000221917 101.543 0.00292486 0.000110674 61.3296
3800 0.00291712 0.000221917 101.543 0.00292447 0.0001105 61.2843
3810 0.00291712 0.000221917 101.543 0.00292408 0.000110328 61.2393
3820 0.00291712 0.000221917 101.543 0.00292369 0.000110157 61.1947
3830 0.00291712 0.000221917 101.543 0.00292329 0.000109987 61.1504
3840 0.00291712 0.000221917 101.543 0.00292289 0.000109818 61.1065
3850 0.00291712 0.000221917 101.543 0.00292248 0.00010965 61.063
3860 0.00291712 0.000221917 101.543 0.00292208 0.000109483 61.0198
3870 0.00291712 0.000221917 101.543 0.00292167 0.000109317 60.977
3880 0.00291712 0.000221917 101.543 0.00292125 0.000109153 60.9345
3890 0.00291712 0.000221917 101.543 0.00292084 0.000108989 60.8923
3900 0.00291712 0.000221917 101.543 0.00292042 0.000108826 60.8505
3910 0.00291712 0.000221917 101.543 0.00292 0.000108664 60.8091
3920 0.00291712 0.000221917 101.543 0.00291957 0.000108503 60.7679
3930 0.00291712 0.000221917 101.543 0.00291914 0.000108343 60.7272
3940 0.00291712 0.000221917 101.543 0.00291871 0.000108185 60.6867
3950 0.00291712 0.000221917 101.543 0.00291828 0.000108027 60.6466
3960 0.00291712 0.000221917 101.543 0.00291784 0.00010787 60.6068
3970 0.00291712 0.000221917 101.543 0.0029174 0.000107714 60.5674
3980 0.00291712 0.000221917 101.543 0.00291696 0.000107559 60.5283
3990 0.00291712 0.000221917 101.543 0.00291651 0.000107405 60.4895
4000 0.00291712 0.000221917 101.543 0.00291606 0.000107252 60.451
4010 0.00291712 0.000221917 101.543 0.00291561 0.0001071 60.4128
4020 0.00291712 0.000221917 101.543 0.00291516 0.000106949 60.375
4030 0.00291712 0.000221917 101.543 0.0029147 0.000106799 60.3375
4040 0.00291712 0.000221917 101.543 0.00291424 0.00010665 60.3003
4050 0.00291712 0.000221917 101.543 0.00291378 0.000106502 60.2634
4060 0.00291712 0.000221917 101.543 0.00291332 0.000106354 60.2269
4070 0.00291712 0.000221917 101.543 0.00291285 0.000106208 60.1906
4080 0.00291712 0.000221917 101.543 0.00291238 0.000106062 60.1547
4090 0.00291712 0.000221917 101.543 0.0029119 0.000105918 60.119
4100 0.00291712 0.000221917 101.543 0.00291143 0.000105774 60.0837
4110 0.00291712 0.000221917 101.543 0.00291095 0.000105631 60.0486
4120 0.00291712 0.000221917 101.543 0.00291047 0.00010549 60.0139
4130 0.00291712 0.000221917 101.543 0.00290998 0.000105349 59.9795
4140 0.00291712 0.000221917 101.543 0.0029095 0.000105209 59.9454
4150 0.00291712 0.000221917 101.543 0.00290901 0.000105069 59.9115
4160 0.00291712 0.000221917 101.543 0.00290852 0.000104931 59.878
4170 0.00291712 0.000221917 101.543 0.00290802 0.000104794 59.8447
4180 0.00291712 0.000221917 101.543 0.00290753 0.000104657 59.8118
4190 0.00291712 0.000221917 101.543 0.00290703 0.000104522 59.7791
4200 0.00291712 0.000221917 101.543 0.00290652 0.000104387 59.7467
4210 0.00291712 0.000221917 101.543 0.00290602 0.000104253 59.7146
4220 0.00291712 0.000221917 101.543 0.00290551 0.00010412 59.6828
4230 0.00291712 0.000221917 101.543 0.002905 0.000103988 59.6513
4240 0.00291712 0.000221917 101.543 0.00290449 0.000103856 59.62
4250 0.00291712 0.000221917 101.543 0.00290398 0.000103726 59.5891
4260 0.00291712 0.000221917 101.543 0.00290346 0.000103596 59.5584
4270 0.00291712 0.000221917 101.543 0.00290294 0.000103467 59.5279
4280 0.00291712 0.000221917 101.543 0.00290242 0.000103339 59.4978
4290 0.00291712 0.000221917 101.543 0.0029019 0.000103212 59.4679
4300 0.00291712 0.000221917 101.543 0.00290137 0.000103085 59.4383
4310 0.00291712 0.000221917 101.543 0.00290084 0.00010296 59.409
4320 0.00291712 0.000221917 101.543 0.00290031 0.000102835 59.3799
4330 0.00291712 0.000221917 101.543 0.00289978 0.000102711 59.3511
4340 0.00291712 0.000221917 101.543 0.00289924 0.000102588 59.3226
4350 0.00291712 0.000221917 101.543 0.0028987 0.000102465 59.2943
4360 0.00291712 0.000221917 101.543 0.00289816 0.000102344 59.2663
4370 0.00291712 0.000221917 101.543 0.00289762 0.000102223 59.2385
4380 0.00291712 0.000221917 101.543 0.00289708 0.000102103 59.211
4390 0.00291712 0.000221917 101.543 0.00289653 0.000101984 59.1838
4400 0.00291712 0.000221917 101.543 0.00289598 0.000101865 59.1568
4410 0.00291712 0.000221917 101.543 0.00289543 0.000101748 59.1301
4420 0.00291712 0.000221917 101.543 0.00289488 0.000101631 59.1036
4430 0.00291712 0.000221917 101.543 0.00289432 0.000101514 59.0774
4440 0.00291712 0.000221917 101.543 0.00289377 0.000101399 59.0514
4450 0.00291712 0.000221917 101.543 0.00289321 0.000101284 59.0256
4460 0.00291712 0.000221917 101.543 0.00289264 0.000101171 59.0001
4470 0.00291712 0.000221917 101.543 0.00289208 0.000101057 58.9749
4480 0.00291712 0.000221917 101.543 0.00289151 0.000100945 58.9499
4490 0.00291712 0.000221917 101.543 0.00289095 0.000100833 58.9251
4500 0.00291712 0.000221917 101.543 0.00289038 0.000100722 58.9006
4510 0.00291712 0.000221917 101.543 0.0028898 0.000100612 58.8763
4520 0.00291712 0.000221917 101.543 0.00288923 0.000100503 58.8523
4530 0.00291712 0.000221917 101.543 0.00288865 0.000100394 58.8284
4540 0.00291712 0.000221917 101.543 0.00288808 0.000100286 58.8049
4550 0.00291712 0.000221917 101.543 0.0028875 0.000100179 58.7815
4560 0.00291712 0.000221917 101.543 0.00288691 0.000100072 58.7584
4570 0.00291712 0.000221917 101.543 0.00288633 9.99661e-05 58.7355
4580 0.00291712 0.000221917 101.543 0.00288575 9.98609e-05 58.7128
4590 0.00291712 0.000221917 101.543 0.00288516 9.97564e-05 58.6904
4600 0.00291712 0.000221917 101.543 0.00288457 9.96526e-05 58.6682
4610 0.00291712 0.000221917 101.543 0.00288398 9.95494e-05 58.6462
4620 0.00291712 0.000221917 101.543 0.00288338 9.9447e-05 58.6244
4630 0.00291712 0.000221917 101.543 0.00288279 9.93453e-05 58.6029
4640 0.00291712 0.000221917 101.543 0.00288219 9.92442e-05 58.5816
4650 0.00291712 0.000221917 101.543 0.00288159 9.91439e-05 58.5605
4660 0.00291712 0.000221917 101.543 0.00288099 9.90442e-05 58.5396
4670 0.00291712 0.000221917 101.543 0.00288039 9.89451e-05 58.5189
4680 0.00291712 0.000221917 101.543 0.00287979 9.88468e-05 58.4985
4690 0.00291712 0.000221917 101.543 0.00287918 9.8749e-05 58.4782
4700 0.00291712 0.000221917 101.543 0.00287858 9.8652e-05 58.4582
4710 0.00291712 0.000221917 101.543 0.00287797 9.85556e-05 58.4384
4720 0.00291712 0.000221917 101.543 0.00287736 9.84599e-05 58.4187
4730 0.00291712 0.000221917 101.543 0.00287674 9.83648e-05 58.3993
4740 0.00291712 0.000221917 101.543 0.00287613 9.82704e-05 58.3801
4750 0.00291712 0.000221917 101.543 0.00287552 9.81766e-05 58.3611
4760 0.00291712 0.000221917 101.543 0.0028749 9.80834e-05 58.3424
4770 0.00291712 0.000221917 101.543 0.00287428 9.79909e-05 58.3238
4780 0.00291712 0.000221917 101.543 0.00287366 9.7899e-05 58.3054
4790 0.00291712 0.000221917 101.543 0.00287304 9.78077e-05 58.2872
4800 0.00291712 0.000221917 101.543 0.00287241 9.77171e-05 58.2692
4810 0.00291712 0.000221917 101.543 0.00287179 9.7627e-05 58.2514
4820 0.00291712 0.000221917 101.543 0.00287116 9.75376e-05 58.2339
4830 0.00291712 0.000221917 101.543 0.00287053 9.74489e-05 58.2165
4840 0.00291712 0.000221917 101.543 0.00286991 9.73607e-05 58.1993
4850 0.00291712 0.000221917 101.543 0.00286927 9.72731e-05 58.1823
4860 0.00291712 0.000221917 101.543 0.00286864 9.71861e-05 58.1655
4870 0.00291712 0.000221917 101.543 0.00286801 9.70998e-05 58.1488
4880 0.00291712 0.000221917 101.543 0.00286737 9.7014e-05 58.1324
4890 0.00291712 0.000221917 101.543 0.00286674 9.69289e-05 58.1162
4900 0.00291712 0.000221917 101.543 0.0028661 9.68443e-05 58.1001
4910 0.00291712 0.000221917 101.543 0.00286546 9.67603e-05 58.0842
4920 0.00291712 0.000221917 101.543 0.00286482 9.66769e-05 58.0686
4930 0.00291712 0.000221917 101.543 0.00286418 9.65941e-05 58.0531
4940 0.00291712 0.000221917 101.543 0.00286353 9.65118e-05 58.0377
4950 0.00291712 0.000221917 101.543 0.00286289 9.64302e-05 58.0226
4960 0.00291712 0.000221917 101.543 0.00286224 9.63491e-05 58.0077
4970 0.00291712 0.000221917 101.543 0.00286159 9.62686e-05 57.9929
4980 0.00291712 0.000221917 101.543 0.00286094 9.61886e-05 57.9783
4990 0.00291712 0.000221917 101.543 0.00286029 9.61092e-05 57.9639
5000 0.00291712 0.000221917 101.543 0.00285964 9.60304e-05 57.9496
5010 0.00291712 0.000221917 101.543 0.00285899 9.59521e-05 57.9356
5020 0.00291712 0.000221917 101.543 0.00285834 9.58744e-05 57.9217
5030 0.00291712 0.000221917 101.543 0.00285768 9.57972e-05 57.908
5040 0.00291712 0.000221917 101.543 0.00285703 9.57206e-05 57.8944
5050 0.00291712 0.000221917 101.543 0.00285637 9.56446e-05 57.881
5060 0.00291712 0.000221917 101.543 0.00285571 9.5569e-05 57.8678
5070 0.00291712 0.000221917 101.543 0.00285505 9.54941e-05 57.8548
5080 0.00291712 0.000221917 101.543 0.00285439 9.54196e-05 57.8419
5090 0.00291712 0.000221917 101.543 0.00285373 9.53457e-05 57.8292
5100 0.00291712 0.000221917 101.543 0.00285306 9.52723e-05 57.8167
5110 0.00291712 0.000221917 101.543 0.0028524 9.51995e-05 57.8043
5120 0.00291712 0.000221917 101.543 0.00285173 9.51271e-05 57.7921
5130 0.00291712 0.000221917 101.543 0.00285107 9.50553e-05 57.7801
5140 0.00291712 0.000221917 101.543 0.0028504 9.4984e-05 57.7682
5150 0.00291712 0.000221917 101.543 0.00284973 9.49133e-05 57.7565
5160 0.00291712 0.000221917 101.543 0.00284906 9.4843e-05 57.7449
5170 0.00291712 0.000221917 101.543 0.00284839 9.47733e-05 57.7335
5180 0.00291712 0.000221917 101.543 0.00284772 9.47041e-05 57.7223
5190 0.00291712 0.000221917 101.543 0.00284705 9.46353e-05 57.7112
5200 0.00291712 0.000221917 101.543 0.00284637 9.45671e-05 57.7002
5210 0.00291712 0.000221917 101.543 0.0028457 9.44994e-05 57.6895
5220 0.00291712 0.000221917 101.543 0.00284502 9.44322e-05 57.6789
5230 0.00291712 0.000221917 101.543 0.00284435 9.43655e-05 57.6684
5240 0.00291712 0.000221917 101.543 0.00284367 9.42992e-05 57.6581
5250 0.00291712 0.000221917 101.543 0.00284299 9.42335e-05 57.6479
5260 0.00291712 0.000221917 101.543 0.00284231 9.41682e-05 57.6379
5270 0.00291712 0.000221917 101.543 0.00284163 9.41035e-05 57.628
5280 0.00291712 0.000221917 101.543 0.00284095 9.40392e-05 57.6183
5290 0.00291712 0.000221917 101.543 0.00284027 9.39754e-05 57.6088
5300 0.00291712 0.000221917 101.543 0.00283959 9.3912e-05 57.5993
5310 0.00291712 0.000221917 101.543 0.0028389 9.38492e-05 57.5901
5320 0.00291712 0.000221917 101.543 0.00283822 9.37868e-05 57.5809
5330 0.00291712 0.000221917 101.543 0.00283753 9.37249e-05 57.5719
5340 0.00291712 0.000221917 101.543 0.00283685 9.36635e-05 57.5631
5350 0.00291712 0.000221917 101.543 0.00283616 9.36025e-05 57.5544
5360 0.00291712 0.000221917 101.543 0.00283547 9.3542e-05 57.5458
5370 0.00291712 0.000221917 101.543 0.00283479 9.34819e-05 57.5374
5380 0.00291712 0.000221917 101.543 0.0028341 9.34223e-05 57.5292
5390 0.00291712 0.000221917 101.543 0.00283341 9.33632e-05 57.521
5400 0.00291712 0.000221917 101.543 0.00283272 9.33045e-05 57.513
5410 0.00291712 0.000221917 101.543 0.00283202 9.32462e-05 57.5052
5420 0.00291712 0.000221917 101.543 0.00283133 9.31884e-05 57.4974
5430 0.00291712 0.000221917 101.543 0.00283064 9.31311e-05 57.4898
5440 0.00291712 0.000221917 101.543 0.00282995 9.30742e-05 57.4824
5450 0.00291712 0.000221917 101.543 0.00282925 9.30177e-05 57.4751
5460 0.00291712 0.000221917 101.543 0.00282856 9.29617e-05 57.4679
5470 0.00291712 0.000221917 101.543 0.00282786 9.29061e-05 57.4608
5480 0.00291712 0.000221917 101.543 0.00282717 9.2851e-05 57.4539
5490 0.00291712 0.000221917 101.543 0.00282647 9.27962e-05 57.4471
5500 0.00291712 0.000221917 101.543 0.00282577 9.27419e-05 57.4404
5510 0.00291712 0.000221917 101.543 0.00282507 9.26881e-05 57.4339
5520 0.00291712 0.000221917 101.543 0.00282438 9.26346e-05 57.4275
5530 0.00291712 0.000221917 101.543 0.00282368 9.25816e-05 57.4212
5540 0.00291712 0.000221917 101.543 0.00282298 9.2529e-05 57.4151
5550 0.00291712 0.000221917 101.543 0.00282228 9.24768e-05 57.409
5560 0.00291712 0.000221917 101.543 0.00282158 9.24251e-05 57.4031
5570 0.00291712 0.000221917 101.543 0.00282087 9.23737e-05 57.3974
5580 0.00291712 0.000221917 101.543 0.00282017 9.23228e-05 57.3917
5590 0.00291712 0.000221917 101.543 0.00281947 9.22723e-05 57.3862
5600 0.00291712 0.000221917 101.543 0.00281877 9.22221e-05 57.3808
5610 0.00291712 0.000221917 101.543 0.00281806 9.21724e-05 57.3755
5620 0.00291712 0.000221917 101.543 0.00281736 9.21231e-05 57.3703
5630 0.00291712 0.000221917 101.543 0.00281665 9.20742e-05 57.3653
5640 0.00291712 0.000221917 101.543 0.00281595 9.20257e-05 57.3604
5650 0.00291712 0.000221917 101.543 0.00281524 9.19775e-05 57.3555
5660 0.00291712 0.000221917 101.543 0.00281454 9.19298e-05 57.3509
5670 0.00291712 0.000221917 101.543 0.00281383 9.18825e-05 57.3463
5680 0.00291712 0.000221917 101.543 0.00281313 9.18355e-05 57.3418
5690 0.00291712 0.000221917 101.543 0.00281242 9.1789e-05 57.3375
5700 0.00291712 0.000221917 101.543 0.00281171 9.17428e-05 57.3333
5710 0.00291712 0.000221917 101.543 0.002811 9.1697e-05 57.3292
5720 0.00291712 0.000221917 101.543 0.00281029 9.16516e-05 57.3252
5730 0.00291712 0.000221917 101.543 0.00280959 9.16066e-05 57.3213
5740 0.00291712 0.000221917 101.543 0.00280888 9.15619e-05 57.3175
5750 0.00291712 0.000221917 101.543 0.00280817 9.15177e-05 57.3138
5760 0.00291712 0.000221917 101.543 0.00280746 9.14738e-05 57.3103
5770 0.00291712 0.000221917 101.543 0.00280675 9.14303e-05 57.3069
5780 0.00291712 0.000221917 101.543 0.00280604 9.13871e-05 57.3035
5790 0.00291712 0.000221917 101.543 0.00280533 9.13443e-05 57.3003
5800 0.00291712 0.000221917 101.543 0.00280462 9.13019e-05 57.2972
5810 0.00291712 0.000221917 101.543 0.0028039 9.12598e-05 57.2942
5820 0.00291712 0.000221917 101.543 0.00280319 9.12181e-05 57.2913
5830 0.00291712 0.000221917 101.543 0.00280248 9.11768e-05 57.2885
5840 0.00291712 0.000221917 101.543 0.00280177 9.11358e-05 57.2858
5850 0.00291712 0.000221917 101.543 0.00280106 9.10952e-05 57.2832
5860 0.00291712 0.000221917 101.543 0.00280034 9.1055e-05 57.2807
5870 0.00291712 0.000221917 101.543 0.00279963 9.1015e-05 57.2784
5880 0.00291712 0.000221917 101.543 0.00279892 9.09755e-05 57.2761
5890 0.00291712 0.000221917 101.543 0.0027982 9.09363e-05 57.2739
5900 0.00291712 0.000221917 101.543 0.00279749 9.08974e-05 57.2719
5910 0.00291712 0.000221917 101.543 0.00279678 9.08589e-05 57.2699
5920 0.00291712 0.000221917 101.543 0.00279606 9.08207e-05 57.268
5930 0.00291712 0.000221917 101.543 0.00279535 9.07829e-05 57.2663
5940 0.00291712 0.000221917 101.543 0.00279463 9.07454e-05 57.2646
5950 0.00291712 0.000221917 101.543 0.00279392 9.07083e-05 57.263
5960 0.00291712 0.000221917 101.543 0.0027932 9.06714e-05 57.2616
5970 0.00291712 0.000221917 101.543 0.00279249 9.0635e-05 57.2602
5980 0.00291712 0.000221917 101.543 0.00279177 9.05988e-05 57.2589
5990 0.00291712 0.000221917 101.543 0.00279106 9.0563e-05 57.2577
6000 0.00291712 0.000221917 101.543 0.00279034 9.05275e-05 57.2567
6010 0.00291712 0.000221917 101.543 0.00278963 9.04924e-05 57.2557
6020 0.00291712 0.000221917 101.543 0.00278891 9.04575e-05 57.2548
6030 0.00291712 0.000221917 101.543 0.0027882 9.0423e-05 57.254
6040 0.00291712 0.000221917 101.543 0.00278748 9.03888e-05 57.2533
6050 0.00291712 0.000221917 101.543 0.00278676 9.0355e-05 57.2527
6060 0.00291712 0.000221917 101.543 0.00278605 9.03214e-05 57.2521
6070 0.00291712 0.000221917 101.543 0.00278533 9.02882e-05 57.2517
6080 0.00291712 0.000221917 101.543 0.00278461 9.02553e-05 57.2514
6090 0.00291712 0.000221917 101.543 0.0027839 9.02227e-05 57.2511
6100 0.00291712 0.000221917 101.543 0.00278318 9.01904e-05 57.251
6110 0.00291712 0.000221917 101.543 0.00278247 9.01584e-05 57.2509
6120 0.00291712 0.000221917 101.543 0.00278175 9.01268e-05 57.2509
6130 0.00291712 0.000221917 101.543 0.00278103 9.00954e-05 57.251
6140 0.00291712 0.000221917 101.543 0.00278032 9.00644e-05 57.2512
6150 0.00291712 0.000221917 101.543 0.0027796 9.00336e-05 57.2515
6160 0.00291712 0.000221917 101.543 0.00277888 9.00032e-05 57.2519
6170 0.00291712 0.000221917 101.543 0.00277817 8.99731e-05 57.2523
6180 0.00291712 0.000221917 101.543 0.00277745 8.99432e-05 57.2529
6190 0.00291712 0.000221917 101.543 0.00277673 8.99137e-05 57.2535
6200 0.00291712 0.000221917 101.543 0.00277602 8.98844e-05 57.2542
6210 0.00291712 0.000221917 101.543 0.0027753 8.98555e-05 57.255
6220 0.00291712 0.000221917 101.543 0.00277458 8.98268e-05 57.2559
6230 0.00291712 0.000221917 101.543 0.00277387 8.97985e-05 57.2569
6240 0.00291712 0.000221917 101.543 0.00277315 8.97704e-05 57.2579
6250 0.00291712 0.000221917 101.543 0.00277243 8.97426e-05 57.259
6260 0.00291712 0.000221917 101.543 0.00277172 8.97151e-05 57.2602
6270 0.00291712 0.000221917 101.543 0.002771 8.96879e-05 57.2615
6280 0.00291712 0.000221917 101.543 0.00277029 8.9661e-05 57.2629
6290 0.00291712 0.000221917 101.543 0.00276957 8.96344e-05 57.2644
6300 0.00291712 0.000221917 101.543 0.00276885 8.9608e-05 57.2659
6310 0.00291712 0.000221917 101.543 0.00276814 8.95819e-05 57.2675
6320 0.00291712 0.000221917 101.543 0.00276742 8.95562e-05 57.2692
6330 0.00291712 0.000221917 101.543 0.00276671 8.95306e-05 57.2709
6340 0.00291712 0.000221917 101.543 0.00276599 8.95054e-05 57.2728
6350 0.00291712 0.000221917 101.543 0.00276527 8.94804e-05 57.2747
6360 0.00291712 0.000221917 101.543 0.00276456 8.94557e-05 57.2767
6370 0.00291712 0.000221917 101.543 0.00276384 8.94313e-05 57.2788
6380 0.00291712 0.000221917 101.543 0.00276313 8.94072e-05 57.2809
6390 0.00291712 0.000221917 101.543 0.00276241 8.93833e-05 57.2832
6400 0.00291712 0.000221917 101.543 0.0027617 8.93597e-05 57.2855
6410 0.00291712 0.000221917 101.543 0.00276098 8.93363e-05 57.2878
6420 0.00291712 0.000221917 101.543 0.00276027 8.93132e-05 57.2903
6430 0.00291712 0.000221917 101.543 0.00275956 8.92904e-05 57.2928
6440 0.00291712 0.000221917 101.543 0.00275884 8.92679e-05 57.2954
6450 0.00291712 0.000221917 101.543 0.00275813 8.92456e-05 57.2981
6460 0.00291712 0.000221917 101.543 0.00275741 8.92235e-05 57.3008
6470 0.00291712 0.000221917 101.543 0.0027567 8.92017e-05 57.3036
6480 0.00291712 0.000221917 101.543 0.00275599 8.91802e-05 57.3065
6490 0.00291712 0.000221917 101.543 0.00275527 8.91589e-05 57.3095
6500 0.00291712 0.000221917 101.543 0.00275456 8.91379e-05 57.3125
6510 0.00291712 0.000221917 101.543 0.00275385 8.91172e-05 57.3156
6520 0.00291712 0.000221917 101.543 0.00275313 8.90967e-05 57.3187
6530 0.00291712 0.000221917 101.543 0.00275242 8.90764e-05 57.322
6540 0.00291712 0.000221917 101.543 0.00275171 8.90564e-05 57.3253
6550 0.00291712 0.000221917 101.543 0.002751 8.90366e-05 57.3286
6560 0.00291712 0.000221917 101.543 0.00275029 8.90171e-05 57.3321
6570 0.00291712 0.000221917 101.543 0.00274958 8.89979e-05 57.3356
6580 0.00291712 0.000221917 101.543 0.00274886 8.89788e-05 57.3391
6590 0.00291712 0.000221917 101.543 0.00274815 8.89601e-05 57.3428
6600 0.00291712 0.000221917 101.543 0.00274744 8.89415e-05 57.3465
6610 0.00291712 0.000221917 101.543 0.00274673 8.89232e-05 57.3503
6620 0.00291712 0.000221917 101.543 0.00274602 8.89051e-05 57.3541
6630 0.00291712 0.000221917 101.543 0.00274531 8.88873e-05 57.358
6640 0.00291712 0.000221917 101.543 0.0027446 8.88697e-05 57.3619
6650 0.00291712 0.000221917 101.543 0.00274389 8.88524e-05 57.366
6660 0.00291712 0.000221917 101.543 0.00274318 8.88353e-05 57.3701
6670 0.00291712 0.000221917 101.543 0.00274248 8.88184e-05 57.3742
6680 0.00291712 0.000221917 101.543 0.00274177 8.88017e-05 57.3784
6690 0.00291712 0.000221917 101.543 0.00274106 8.87853e-05 57.3827
6700 0.00291712 0.000221917 101.543 0.00274035 8.87691e-05 57.3871
6710 0.00291712 0.000221917 101.543 0.00273964 8.87531e-05 57.3915
6720 0.00291712 0.000221917 101.543 0.00273894 8.87374e-05 57.3959
6730 0.00291712 0.000221917 101.543 0.00273823 8.87219e-05 57.4005
6740 0.00291712 0.000221917 101.543 0.00273752 8.87066e-05 57.405
6750 0.00291712 0.000221917 101.543 0.00273682 8.86915e-05 57.4097
6760 0.00291712 0.000221917 101.543 0.00273611 8.86767e-05 57.4144
6770 0.00291712 0.000221917 101.543 0.00273541 8.86621e-05 57.4192
6780 0.00291712 0.000221917 101.543 0.0027347 8.86477e-05 57.424
6790 0.00291712 0.000221917 101.543 0.002734 8.86335e-05 57.4289
6800 0.00291712 0.000221917 101.543 0.00273329 8.86195e-05 57.4338
6810 0.00291712 0.000221917 101.543 0.00273259 8.86058e-05 57.4388
6820 0.00291712 0.000221917 101.543 0.00273188 8.85922e-05 57.4439
6830 0.00291712 0.000221917 101.543 0.00273118 8.85789e-05 57.449
6840 0.00291712 0.000221917 101.543 0.00273048 8.85658e-05 57.4542
6850 0.00291712 0.000221917 101.543 0.00272977 8.85529e-05 57.4594
6860 0.00291712 0.000221917 101.543 0.00272907 8.85403e-05 57.4647
6870 0.00291712 0.000221917 101.543 0.00272837 8.85278e-05 57.47
6880 0.00291712 0.000221917 101.543 0.00272767 8.85155e-05 57.4754
6890 0.00291712 0.000221917 101.543 0.00272697 8.85035e-05 57.4809
6900 0.00291712 0.000221917 101.543 0.00272627 8.84916e-05 57.4864
6910 0.00291712 0.000221917 101.543 0.00272557 8.848e-05 57.4919
6920 0.00291712 0.000221917 101.543 0.00272487 8.84686e-05 57.4975
6930 0.00291712 0.000221917 101.543 0.00272417 8.84573e-05 57.5032
6940 0.00291712 0.000221917 101.543 0.00272347 8.84463e-05 57.5089
6950 0.00291712 0.000221917 101.543 0.00272277 8.84355e-05 57.5147
6960 0.00291712 0.000221917 101.543 0.00272207 8.84248e-05 57.5205
6970 0.00291712 0.000221917 101.543 0.00272137 8.84144e-05 57.5264
6980 0.00291712 0.000221917 101.543 0.00272068 8.84042e-05 57.5324
6990 0.00291712 0.000221917 101.543 0.00271998 8.83942e-05 57.5383
7000 0.00291712 0.000221917 101.543 0.00271928 8.83843e-05 57.5444
7010 0.00291712 0.000221917 101.543 0.00271859 8.83747e-05 57.5505
7020 0.00291712 0.000221917 101.543 0.00271789 8.83653e-05 57.5566
7030 0.00291712 0.000221917 101.543 0.0027172 8.8356e-05 57.5628
7040 0.00291712 0.000221917 101.543 0.0027165 8.83469e-05 57.569
7050 0.00291712 0.000221917 101.543 0.00271581 8.83381e-05 57.5753
7060 0.00291712 0.000221917 101.543 0.00271512 8.83294e-05 57.5817
7070 0.00291712 0.000221917 101.543 0.00271442 8.83209e-05 57.588
7080 0.00291712 0.000221917 101.543 0.00271373 8.83126e-05 57.5945
7090 0.00291712 0.000221917 101.543 0.00271304 8.83045e-05 57.601
7100 0.00291712 0.000221917 101.543 0.00271234 8.82966e-05 57.6075
7110 0.00291712 0.000221917 101.543 0.00271165 8.82889e-05 57.6141
7120 0.00291712 0.000221917 101.543 0.00271096 8.82813e-05 57.6207
7130 0.00291712 0.000221917 101.543 0.00271027 8.8274e-05 57.6274
7140 0.00291712 0.000221917 101.543 0.00270958 8.82668e-05 57.6341
7150 0.00291712 0.000221917 101.543 0.00270889 8.82598e-05 57.6409
7160 0.00291712 0.000221917 101.543 0.0027082 8.8253e-05 57.6477
7170 0.00291712 0.000221917 101.543 0.00270752 8.82463e-05 57.6546
7180 0.00291712 0.000221917 101.543 0.00270683 8.82399e-05 57.6615
7190 0.00291712 0.000221917 101.543 0.00270614 8.82336e-05 57.6684
7200 0.00291712 0.000221917 101.543 0.00270545 8.82275e-05 57.6754
7210 0.00291712 0.000221917 101.543 0.00270477 8.82216e-05 57.6825
7220 0.00291712 0.000221917 101.543 0.00270408 8.82158e-05 57.6896
7230 0.00291712 0.000221917 101.543 0.00270339 8.82102e-05 57.6967
7240 0.00291712 0.000221917 101.543 0.00270271 8.82048e-05 57.7039
7250 0.00291712 0.000221917 101.543 0.00270203 8.81996e-05 57.7111
7260 0.00291712 0.000221917 101.543 0.00270134 8.81945e-05 57.7184
7270 0.00291712 0.000221917 101.543 0.00270066 8.81897e-05 57.7257
7280 0.00291712 0.000221917 101.543 0.00269998 8.81849e-05 57.733
7290 0.00291712 0.000221917 101.543 0.00269929 8.81804e-05 57.7404
7300 0.00291712 0.000221917 101.543 0.00269861 8.8176e-05 57.7479
7310 0.00291712 0.000221917 101.543 0.00269793 8.81718e-05 57.7553
7320 0.00291712 0.000221917 101.543 0.00269725 8.81678e-05 57.7629
7330 0.00291712 0.000221917 101.543 0.00269657 8.81639e-05 57.7704
7340 0.00291712 0.000221917 101.543 0.00269589 8.81602e-05 57.778
7350 0.00291712 0.000221917 101.543 0.00269521 8.81567e-05 57.7857
7360 0.00291712 0.000221917 101.543 0.00269453 8.81533e-05 57.7934
7370 0.00291712 0.000221917 101.543 0.00269385 8.81501e-05 57.8011
7380 0.00291712 0.000221917 101.543 0.00269318 8.8147e-05 57.8089
7390 0.00291712 0.000221917 101.543 0.0026925 8.81441e-05 57.8167
7400 0.00291712 0.000221917 101.543 0.00269182 8.81414e-05 57.8245
7410 0.00291712 0.000221917 101.543 0.00269115 8.81388e-05 57.8324
7420 0.00291712 0.000221917 101.543 0.00269047 8.81364e-05 57.8403
7430 0.00291712 0.000221917 101.543 0.0026898 8.81341e-05 57.8483
7440 0.00291712 0.000221917 101.543 0.00268912 8.8132e-05 57.8563
7450 0.00291712 0.000221917 101.543 0.00268845 8.81301e-05 57.8643
7460 0.00291712 0.000221917 101.543 0.00268778 8.81283e-05 57.8724
7470 0.00291712 0.000221917 101.543 0.0026871 8.81267e-05 57.8805
7480 0.00291712 0.000221917 101.543 0.00268643 8.81252e-05 57.8887
7490 0.00291712 0.000221917 101.543 0.00268576 8.81239e-05 57.8969
7500 0.00291712 0.000221917 101.543 0.00268509 8.81227e-05 57.9051
7510 0.00291712 0.000221917 101.543 0.00268442 8.81217e-05 57.9134
7520 0.00291712 0.000221917 101.543 0.00268375 8.81208e-05 57.9217
7530 0.00291712 0.000221917 101.543 0.00268308 8.81201e-05 57.9301
7540 0.00291712 0.000221917 101.543 0.00268241 8.81195e-05 57.9384
7550 0.00291712 0.000221917 101.543 0.00268175 8.81191e-05 57.9469
7560 0.00291712 0.000221917 101.543 0.00268108 8.81188e-05 57.9553
7570 0.00291712 0.000221917 101.543 0.00268041 8.81187e-05 57.9638
7580 0.00291712 0.000221917 101.543 0.00267975 8.81187e-05 57.9723
7590 0.00291712 0.000221917 101.543 0.00267908 8.81189e-05 57.9809
7600 0.00291712 0.000221917 101.543 0.00267842 8.81192e-05 57.9895
7610 0.00291712 0.000221917 101.543 0.00267775 8.81197e-05 57.9981
7620 0.00291712 0.000221917 101.543 0.00267709 8.81203e-05 58.0068
7630 0.00291712 0.000221917 101.543 0.00267643 8.8121e-05 58.0155
7640 0.00291712 0.000221917 101.543 0.00267576 8.81219e-05 58.0242
7650 0.00291712 0.000221917 101.543 0.0026751 8.81229e-05 58.033
7660 0.00291712 0.000221917 101.543 0.00267444 8.81241e-05 58.0418
7670 0.00291712 0.000221917 101.543 0.00267378 8.81254e-05 58.0506
7680 0.00291712 0.000221917 101.543 0.00267312 8.81268e-05 58.0595
7690 0.00291712 0.000221917 101.543 0.00267246 8.81284e-05 58.0684
7700 0.00291712 0.000221917 101.543 0.0026718 8.81301e-05 58.0773
7710 0.00291712 0.000221917 101.543 0.00267115 8.8132e-05 58.0863
7720 0.00291712 0.000221917 101.543 0.00267049 8.8134e-05 58.0953
7730 0.00291712 0.000221917 101.543 0.00266983 8.81361e-05 58.1043
7740 0.00291712 0.000221917 101.543 0.00266918 8.81384e-05 58.1133
7750 0.00291712 0.000221917 101.543 0.00266852 8.81408e-05 58.1224
7760 0.00291712 0.000221917 101.543 0.00266786 8.81433e-05 58.1316
7770 0.00291712 0.000221917 101.543 0.00266721 8.8146e-05 58.1407
7780 0.00291712 0.000221917 101.543 0.00266656 8.81488e-05 58.1499
7790 0.00291712 0.000221917 101.543 0.0026659 8.81517e-05 58.1591
7800 0.00291712 0.000221917 101.543 0.00266525 8.81548e-05 58.1684
7810 0.00291712 0.000221917 101.543 0.0026646 8.8158e-05 58.1776
7820 0.00291712 0.000221917 101.543 0.00266395 8.81613e-05 58.187
7830 0.00291712 0.000221917 101.543 0.0026633 8.81648e-05 58.1963
7840 0.00291712 0.000221917 101.543 0.00266265 8.81683e-05 58.2057
7850 0.00291712 0.000221917 101.543 0.002662 8.81721e-05 58.2151
7860 0.00291712 0.000221917 101.543 0.00266135 8.81759e-05 58.2245
7870 0.00291712 0.000221917 101.543 0.0026607 8.81798e-05 58.2339
7880 0.00291712 0.000221917 101.543 0.00266006 8.81839e-05 58.2434
7890 0.00291712 0.000221917 101.543 0.00265941 8.81881e-05 58.2529
7900 0.00291712 0.000221917 101.543 0.00265876 8.81925e-05 58.2625
7910 0.00291712 0.000221917 101.543 0.00265812 8.81969e-05 58.2721
7920 0.00291712 0.000221917 101.543 0.00265747 8.82015e-05 58.2817
7930 0.00291712 0.000221917 101.543 0.00265683 8.82062e-05 58.2913
7940 0.00291712 0.000221917 101.543 0.00265619 8.82111e-05 58.301
7950 0.00291712 0.000221917 101.543 0.00265554 8.8216e-05 58.3106
7960 0.00291712 0.000221917 101.543 0.0026549 8.82211e-05 58.3203
7970 0.00291712 0.000221917 101.543 0.00265426 8.82263e-05 58.3301
7980 0.00291712 0.000221917 101.543 0.00265362 8.82316e-05 58.3399
7990 0.00291712 0.000221917 101.543 0.00265298 8.8237e-05 58.3496
8000 0.00291712 0.000221917 101.543 0.00265234 8.82426e-05 58.3595
8010 0.00291712 0.000221917 101.543 0.0026517 8.82482e-05 58.3693
8020 0.00291712 0.000221917 101.543 0.00265106 8.8254e-05 58.3792
8030 0.00291712 0.000221917 101.543 0.00265043 8.82599e-05 58.3891
8040 0.00291712 0.000221917 101.543 0.00264979 8.82659e-05 58.399
8050 0.00291712 0.000221917 101.543 0.00264915 8.82721e-05 58.409
8060 0.00291712 0.000221917 101.543 0.00264852 8.82783e-05 58.4189
8070 0.00291712 0.000221917 101.543 0.00264788 8.82847e-05 58.4289
8080 0.00291712 0.000221917 101.543 0.00264725 8.82912e-05 58.439
8090 0.00291712 0.000221917 101.543 0.00264662 8.82978e-05 58.449
8100 0.00291712 0.000221917 101.543 0.00264598 8.83045e-05 58.4591
8110 0.00291712 0.000221917 101.543 0.00264535 8.83113e-05 58.4692
8120 0.00291712 0.000221917 101.543 0.00264472 8.83182e-05 58.4793
8130 0.00291712 0.000221917 101.543 0.00264409 8.83252e-05 58.4895
8140 0.00291712 0.000221917 101.543 0.00264346 8.83324e-05 58.4997
8150 0.00291712 0.000221917 101.543 0.00264283 8.83396e-05 58.5099
8160 0.00291712 0.000221917 101.543 0.0026422 8.8347e-05 58.5201
8170 0.00291712 0.000221917 101.543 0.00264157 8.83545e-05 58.5303
8180 0.00291712 0.000221917 101.543 0.00264095 8.8362e-05 58.5406
8190 0.00291712 0.000221917 101.543 0.00264032 8.83697e-05 58.5509
8200 0.00291712 0.000221917 101.543 0.00263969 8.83775e-05 58.5612
8210 0.00291712 0.000221917 101.543 0.00263907 8.83854e-05 58.5716
8220 0.00291712 0.000221917 101.543 0.00263844 8.83934e-05 58.5819
8230 0.00291712 0.000221917 101.543 0.00263782 8.84016e-05 58.5923
8240 0.00291712 0.000221917 101.543 0.0026372 8.84098e-05 58.6027
8250 0.00291712 0.000221917 101.543 0.00263657 8.84181e-05 58.6132
8260 0.00291712 0.000221917 101.543 0.00263595 8.84265e-05 58.6236
8270 0.00291712 0.000221917 101.543 0.00263533 8.84351e-05 58.6341
8280 0.00291712 0.000221917 101.543 0.00263471 8.84437e-05 58.6446
8290 0.00291712 0.000221917 101.543 0.00263409 8.84524e-05 58.6551
8300 0.00291712 0.000221917 101.543 0.00263347 8.84613e-05 58.6657
8310 0.00291712 0.000221917 101.543 0.00263285 8.84702e-05 58.6762
8320 0.00291712 0.000221917 101.543 0.00263224 8.84792e-05 58.6868
8330 0.00291712 0.000221917 101.543 0.00263162 8.84884e-05 58.6974
8340 0.00291712 0.000221917 101.543 0.002631 8.84976e-05 58.708
8350 0.00291712 0.000221917 101.543 0.00263039 8.8507e-05 58.7187
8360 0.00291712 0.000221917 101.543 0.00262977 8.85164e-05 58.7294
8370 0.00291712 0.000221917 101.543 0.00262916 8.85259e-05 58.74
8380 0.00291712 0.000221917 101.543 0.00262854 8.85356e-05 58.7508
8390 0.00291712 0.000221917 101.543 0.00262793 8.85453e-05 58.7615
8400 0.00291712 0.000221917 101.543 0.00262732 8.85551e-05 58.7722
8410 0.00291712 0.000221917 101.543 0.00262671 8.8565e-05 58.783
8420 0.00291712 0.000221917 101.543 0.0026261 8.85751e-05 58.7938
8430 0.00291712 0.000221917 101.543 0.00262549 8.85852e-05 58.8046
8440 0.00291712 0.000221917 101.543 0.00262488 8.85954e-05 58.8155
8450 0.00291712 0.000221917 101.543 0.00262427 8.86057e-05 58.8263
8460 0.00291712 0.000221917 101.543 0.00262366 8.86161e-05 58.8372
8470 0.00291712 0.000221917 101.543 0.00262305 8.86266e-05 58.8481
8480 0.00291712 0.000221917 101.543 0.00262245 8.86371e-05 58.859
8490 0.00291712 0.000221917 101.543 0.00262184 8.86478e-05 58.8699
8500 0.00291712 0.000221917 101.543 0.00262123 8.86586e-05 58.8808
8510 0.00291712 0.000221917 101.543 0.00262063 8.86694e-05 58.8918
8520 0.00291712 0.000221917 101.543 0.00262003 8.86804e-05 58.9028
8530 0.00291712 0.000221917 101.543 0.00261942 8.86914e-05 58.9138
8540 0.00291712 0.000221917 101.543 0.00261882 8.87026e-05 58.9248
8550 0.00291712 0.000221917 101.543 0.00261822 8.87138e-05 58.9359
8560 0.00291712 0.000221917 101.543 0.00261762 8.87251e-05 58.9469
8570 0.00291712 0.000221917 101.543 0.00261702 8.87365e-05 58.958
8580 0.00291712 0.000221917 101.543 0.00261642 8.8748e-05 58.9691
8590 0.00291712 0.000221917 101.543 0.00261582 8.87595e-05 58.9802
8600 0.00291712 0.000221917 101.543 0.00261522 8.87712e-05 58.9913
8610 0.00291712 0.000221917 101.543 0.00261462 8.87829e-05 59.0025
8620 0.00291712 0.000221917 101.543 0.00261403 8.87948e-05 59.0136
8630 0.00291712 0.000221917 101.543 0.00261343 8.88067e-05 59.0248
8640 0.00291712 0.000221917 101.543 0.00261283 8.88187e-05 59.036
8650 0.00291712 0.000221917 101.543 0.00261224 8.88308e-05 59.0472
8660 0.00291712 0.000221917 101.543 0.00261165 8.8843e-05 59.0584
8670 0.00291712 0.000221917 101.543 0.00261105 8.88552e-05 59.0697
8680 0.00291712 0.000221917 101.543 0.00261046 8.88676e-05 59.0809
8690 0.00291712 0.000221917 101.543 0.00260987 8.888e-05 59.0922
8700 0.00291712 0.000221917 101.543 0.00260928 8.88925e-05 59.1035
8710 0.00291712 0.000221917 101.543 0.00260869 8.89051e-05 59.1148
8720 0.00291712 0.000221917 101.543 0.0026081 8.89178e-05 59.1261
8730 0.00291712 0.000221917 101.543 0.00260751 8.89305e-05 59.1375
8740 0.00291712 0.000221917 101.543 0.00260692 8.89434e-05 59.1488
8750 0.00291712 0.000221917 101.543 0.00260633 8.89563e-05 59.1602
8760 0.00291712 0.000221917 101.543 0.00260574 8.89693e-05 59.1716
8770 0.00291712 0.000221917 101.543 0.00260516 8.89824e-05 59.183
8780 0.00291712 0.000221917 101.543 0.00260457 8.89955e-05 59.1944
8790 0.00291712 0.000221917 101.543 0.00260399 8.90087e-05 59.2059
8800 0.00291712 0.000221917 101.543 0.0026034 8.90221e-05 59.2173
8810 0.00291712 0.000221917 101.543 0.00260282 8.90355e-05 59.2288
8820 0.00291712 0.000221917 101.543 0.00260224 8.90489e-05 59.2403
8830 0.00291712 0.000221917 101.543 0.00260165 8.90625e-05 59.2517
8840 0.00291712 0.000221917 101.543 0.00260107 8.90761e-05 59.2633
8850 0.00291712 0.000221917 101.543 0.00260049 8.90898e-05 59.2748
8860 0.00291712 0.000221917 101.543 0.00259991 8.91036e-05 59.2863
8870 0.00291712 0.000221917 101.543 0.00259933 8.91174e-05 59.2979
8880 0.00291712 0.000221917 101.543 0.00259875 8.91314e-05 59.3094
8890 0.00291712 0.000221917 101.543 0.00259818 8.91454e-05 59.321
8900 0.00291712 0.000221917 101.543 0.0025976 8.91595e-05 59.3326
8910 0.00291712 0.000221917 101.543 0.00259702 8.91736e-05 59.3442
8920 0.00291712 0.000221917 101.543 0.00259645 8.91879e-05 59.3558
8930 0.00291712 0.000221917 101.543 0.00259587 8.92022e-05 59.3675
8940 0.00291712 0.000221917 101.543 0.0025953 8.92165e-05 59.3791
8950 0.00291712 0.000221917 101.543 0.00259472 8.9231e-05 59.3908
8960 0.00291712 0.000221917 101.543 0.00259415 8.92455e-05 59.4024
8970 0.00291712 0.000221917 101.543 0.00259358 8.92601e-05 59.4141
8980 0.00291712 0.000221917 101.543 0.00259301 8.92748e-05 59.4258
8990 0.00291712 0.000221917 101.543 0.00259243 8.92895e-05 59.4375
9000 0.00291712 0.000221917 101.543 0.00259186 8.93043e-05 59.4493
9010 0.00291712 0.000221917 101.543 0.00259129 8.93192e-05 59.461
9020 0.00291712 0.000221917 101.543 0.00259073 8.93342e-05 59.4727
9030 0.00291712 0.000221917 101.543 0.00259016 8.93492e-05 59.4845
9040 0.00291712 0.000221917 101.543 0.00258959 8.93643e-05 59.4963
9050 0.00291712 0.000221917 101.543 0.00258902 8.93794e-05 59.5081
9060 0.00291712 0.000221917 101.543 0.00258846 8.93947e-05 59.5199
9070 0.00291712 0.000221917 101.543 0.00258789 8.941e-05 59.5317
9080 0.00291712 0.000221917 101.543 0.00258733 8.94253e-05 59.5435
9090 0.00291712 0.000221917 101.543 0.00258676 8.94408e-05 59.5553
9100 0.00291712 0.000221917 101.543 0.0025862 8.94563e-05 59.5672
9110 0.00291712 0.000221917 101.543 0.00258564 8.94718e-05 59.579
9120 0.00291712 0.000221917 101.543 0.00258508 8.94875e-05 59.5909
9130 0.00291712 0.000221917 101.543 0.00258452 8.95032e-05 59.6028
9140 0.00291712 0.000221917 101.543 0.00258396 8.95189e-05 59.6147
9150 0.00291712 0.000221917 101.543 0.0025834 8.95348e-05 59.6266
9160 0.00291712 0.000221917 101.543 0.00258284 8.95507e-05 59.6385
9170 0.00291712 0.000221917 101.543 0.00258228 8.95666e-05 59.6504
9180 0.00291712 0.000221917 101.543 0.00258172 8.95826e-05 59.6623
9190 0.00291712 0.000221917 101.543 0.00258116 8.95987e-05 59.6743
9200 0.00291712 0.000221917 101.543 0.00258061 8.96149e-05 59.6862
9210 0.00291712 0.000221917 101.543 0.00258005 8.96311e-05 59.6982
9220 0.00291712 0.000221917 101.543 0.0025795 8.96474e-05 59.7102
9230 0.00291712 0.000221917 101.543 0.00257894 8.96638e-05 59.7222
9240 0.00291712 0.000221917 101.543 0.00257839 8.96802e-05 59.7342
9250 0.00291712 0.000221917 101.543 0.00257784 8.96966e-05 59.7462
9260 0.00291712 0.000221917 101.543 0.00257728 8.97132e-05 59.7582
9270 0.00291712 0.000221917 101.543 0.00257673 8.97298e-05 59.7702
9280 0.00291712 0.000221917 101.543 0.00257618 8.97464e-05 59.7823
9290 0.00291712 0.000221917 101.543 0.00257563 8.97631e-05 59.7943
9300 0.00291712 0.000221917 101.543 0.00257508 8.97799e-05 59.8064
9310 0.00291712 0.000221917 101.543 0.00257454 8.97968e-05 59.8185
9320 0.00291712 0.000221917 101.543 0.00257399 8.98137e-05 59.8305
9330 0.00291712 0.000221917 101.543 0.00257344 8.98306e-05 59.8426
9340 0.00291712 0.000221917 101.543 0.00257289 8.98476e-05 59.8547
9350 0.00291712 0.000221917 101.543 0.00257235 8.98647e-05 59.8668
9360 0.00291712 0.000221917 101.543 0.0025718 8.98819e-05 59.879
9370 0.00291712 0.000221917 101.543 0.00257126 8.98991e-05 59.8911
9380 0.00291712 0.000221917 101.543 0.00257072 8.99163e-05 59.9032
9390 0.00291712 0.000221917 101.543 0.00257017 8.99336e-05 59.9154
9400 0.00291712 0.000221917 101.543 0.00256963 8.9951e-05 59.9275
9410 0.00291712 0.000221917 101.543 0.00256909 8.99684e-05 59.9397
9420 0.00291712 0.000221917 101.543 0.00256855 8.99859e-05 59.9518
9430 0.00291712 0.000221917 101.543 0.00256801 9.00035e-05 59.964
9440 0.00291712 0.000221917 101.543 0.00256747 9.00211e-05 59.9762
9450 0.00291712 0.000221917 101.543 0.00256693 9.00387e-05 59.9884
9460 0.00291712 0.000221917 101.543 0.00256639 9.00564e-05 60.0006
9470 0.00291712 0.000221917 101.543 0.00256585 9.00742e-05 60.0128
9480 0.00291712 0.000221917 101.543 0.00256532 9.0092e-05 60.025
9490 0.00291712 0.000221917 101.543 0.00256478 9.01099e-05 60.0373
9500 0.00291712 0.000221917 101.543 0.00256424 9.01278e-05 60.0495
9510 0.00291712 0.000221917 101.543 0.00256371 9.01458e-05 60.0618
9520 0.00291712 0.000221917 101.543 0.00256318 9.01638e-05 60.074
9530 0.00291712 0.000221917 101.543 0.00256264 9.01819e-05 60.0863
9540 0.00291712 0.000221917 101.543 0.00256211 9.02001e-05 60.0985
9550 0.00291712 0.000221917 101.543 0.00256158 9.02183e-05 60.1108
9560 0.00291712 0.000221917 101.543 0.00256105 9.02365e-05 60.1231
9570 0.00291712 0.000221917 101.543 0.00256052 9.02548e-05 60.1354
9580 0.00291712 0.000221917 101.543 0.00255999 9.02732e-05 60.1477
9590 0.00291712 0.000221917 101.543 0.00255946 9.02916e-05 60.16
9600 0.00291712 0.000221917 101.543 0.00255893 9.03101e-05 60.1723
9610 0.00291712 0.000221917 101.543 0.0025584 9.03286e-05 60.1846
9620 0.00291712 0.000221917 101.543 0.00255787 9.03472e-05 60.197
9630 0.00291712 0.000221917 101.543 0.00255735 9.03658e-05 60.2093
9640 0.00291712 0.000221917 101.543 0.00255682 9.03844e-05 60.2216
9650 0.00291712 0.000221917 101.543 0.0025563 9.04032e-05 60.234
9660 0.00291712 0.000221917 101.543 0.00255577 9.04219e-05 60.2464
9670 0.00291712 0.000221917 101.543 0.00255525 9.04408e-05 60.2587
9680 0.00291712 0.000221917 101.543 0.00255473 9.04596e-05 60.2711
9690 0.00291712 0.000221917 101.543 0.0025542 9.04785e-05 60.2835
9700 0.00291712 0.000221917 101.543 0.00255368 9.04975e-05 60.2959
9710 0.00291712 0.000221917 101.543 0.00255316 9.05165e-05 60.3082
9720 0.00291712 0.000221917 101.543 0.00255264 9.05356e-05 60.3206
9730 0.00291712 0.000221917 101.543 0.00255212 9.05547e-05 60.333
9740 0.00291712 0.000221917 101.543 0.0025516 9.05739e-05 60.3455
9750 0.00291712 0.000221917 101.543 0.00255108 9.05931e-05 60.3579
9760 0.00291712 0.000221917 101.543 0.00255056 9.06123e-05 60.3703
9770 0.00291712 0.000221917 101.543 0.00255005 9.06316e-05 60.3827
9780 0.00291712 0.000221917 101.543 0.00254953 9.0651e-05 60.3952
9790 0.00291712 0.000221917 101.543 0.00254902 9.06704e-05 60.4076
9800 0.00291712 0.000221917 101.543 0.0025485 9.06898e-05 60.42
9810 0.00291712 0.000221917 101.543 0.00254799 9.07093e-05 60.4325
9820 0.00291712 0.000221917 101.543 0.00254747 9.07289e-05 60.4449
9830 0.00291712 0.000221917 101.543 0.00254696 9.07484e-05 60.4574
9840 0.00291712 0.000221917 101.543 0.00254645 9.07681e-05 60.4699
9850 0.00291712 0.000221917 101.543 0.00254594 9.07877e-05 60.4824
9860 0.00291712 0.000221917 101.543 0.00254543 9.08075e-05 60.4948
9870 0.00291712 0.000221917 101.543 0.00254492 9.08272e-05 60.5073
9880 0.00291712 0.000221917 101.543 0.00254441 9.0847e-05 60.5198
9890 0.00291712 0.000221917 101.543 0.0025439 9.08669e-05 60.5323
9900 0.00291712 0.000221917 101.543 0.00254339 9.08868e-05 60.5448
9910 0.00291712 0.000221917 101.543 0.00254288 9.09067e-05 60.5573
9920 0.00291712 0.000221917 101.543 0.00254237 9.09267e-05 60.5698
9930 0.00291712 0.000221917 101.543 0.00254187 9.09467e-05 60.5823
9940 0.00291712 0.000221917 101.543 0.00254136 9.09668e-05 60.5949
9950 0.00291712 0.000221917 101.543 0.00254086 9.09869e-05 60.6074
9960 0.00291712 0.000221917 101.543 0.00254035 9.10071e-05 60.6199
9970 0.00291712 0.000221917 101.543 0.00253985 9.10273e-05 60.6325
9980 0.00291712 0.000221917 101.543 0.00253935 9.10475e-05 60.645
9990 0.00291712 0.000221917 101.543 0.00253884 9.10678e-05 60.6575
