0 0 0
0 0.01 115.883
0 0.02 231.491
0 0.03 347.614
0 0.04 463.44
0 0.05 577.173
0 0.06 700.307
0 0.07 809.081
0 0.08 925.396
0 0.09 1048.54
0 0.1 1161.43
0 0.2 2327.08
0 0.3 3480.82
0 0.4 4641.32
0 0.5 5796.87
0 0.6 6971.29
0 0.7 8100.98
0 0.8 9320.19
0 0.9 10442.4

0.1 0 52.5543
0.1 0.01 128.613
0.1 0.02 238.541
0.1 0.03 354.569
0.1 0.04 467.842
0.1 0.05 584.004
0.1 0.06 702.699
0.1 0.07 818.21
0.1 0.08 939.376
0.1 0.09 1047.99
0.1 0.1 1160.07
0.1 0.2 2331.08
0.1 0.3 3483.21
0.1 0.4 4657.05
0.1 0.5 5847.73
0.1 0.6 6977.8
0.1 0.7 8140.85
0.1 0.8 9318.18
0.1 0.9 10430.3

0.2 0 108.053
0.2 0.01 159.878
0.2 0.02 258.621
0.2 0.03 367.402
0.2 0.04 484.724
0.2 0.05 599.15
0.2 0.06 710.989
0.2 0.07 829.083
0.2 0.08 944.668
0.2 0.09 1069.55
0.2 0.1 1187.3
0.2 0.2 2354.63
0.2 0.3 3536.61
0.2 0.4 4732.73
0.2 0.5 5889.39
0.2 0.6 7063.02
0.2 0.7 8259.55
0.2 0.8 9424.37
0.2 0.9 10617.7

0.3 0 173.226
0.3 0.01 208.332
0.3 0.02 293.358
0.3 0.03 401.407
0.3 0.04 510.028
0.3 0.05 626.442
0.3 0.06 741.535
0.3 0.07 856.362
0.3 0.08 973.323
0.3 0.09 1089.57
0.3 0.1 1217.78
0.3 0.2 2409.91
0.3 0.3 3589.29
0.3 0.4 4812.3
0.3 0.5 5998.04
0.3 0.6 7214.53
0.3 0.7 8343.37
0.3 0.8 9602.33
0.3 0.9 10762.5

0.4 0 255.214
0.4 0.01 296.945
0.4 0.02 356.68
0.4 0.03 450.753
0.4 0.04 556.291
0.4 0.05 670.118
0.4 0.06 787.274
0.4 0.07 906.323
0.4 0.08 1031.69
0.4 0.09 1140.69
0.4 0.1 1270.55
0.4 0.2 2491.86
0.4 0.3 3720.54
0.4 0.4 4963.15
0.4 0.5 6218.06
0.4 0.6 7426.11
0.4 0.7 8674.07
0.4 0.8 9916.67
0.4 0.9 11196.2

0.5 0 1151.8
0.5 0.01 2057.33
0.5 0.02 532.342
0.5 0.03 567.582
0.5 0.04 1009.68
0.5 0.05 760.092
0.5 0.06 889.978
0.5 0.07 1036.06
0.5 0.08 1560.4
0.5 0.09 2094.26
0.5 0.1 1492.2
0.5 0.2 2672.01
0.5 0.3 4412.61
0.5 0.4 5494.82
0.5 0.5 7242.06
0.5 0.6 8553.63
0.5 0.7 9693.6
0.5 0.8 24979.4
0.5 0.9 11837.8

0.6 0 3977.02
0.6 0.01 3433.42
0.6 0.02 4922.18
0.6 0.03 3565
0.6 0.04 1405.09
0.6 0.05 38273.4
0.6 0.06 36838.6
0.6 0.07 7486.75
0.6 0.08 2692.23
0.6 0.09 2153.2
0.6 0.1 2237.56
0.6 0.2 7964.76
0.6 0.3 23508.1
0.6 0.4 7344.04
0.6 0.5 35792.8
0.6 0.6 362047
0.6 0.7 29495.4
0.6 0.8 15990.7
0.6 0.9 113066

0.7 0 54257.2
0.7 0.01 20095.2
0.7 0.02 10215.5
0.7 0.03 40023.6
0.7 0.04 24846.4
0.7 0.05 9043.99
0.7 0.06 113124
0.7 0.07 14215
0.7 0.08 116636
0.7 0.09 8227.84
0.7 0.1 9242.91
0.7 0.2 135594
0.7 0.3 29705.6
0.7 0.4 145549
0.7 0.5 213724
0.7 0.6 74680.7
0.7 0.7 90732.6
0.7 0.8 49347.6
0.7 0.9 1.81635e+07

0.8 0 22371.2
0.8 0.01 83103.8
0.8 0.02 27350.3
0.8 0.03 21642.9
0.8 0.04 15433.6
0.8 0.05 14759.7
0.8 0.06 22538.4
0.8 0.07 15040.5
0.8 0.08 71972.6
0.8 0.09 132627
0.8 0.1 295230
0.8 0.2 152726
0.8 0.3 52350.5
0.8 0.4 161273
0.8 0.5 90510.5
0.8 0.6 285654
0.8 0.7 1.49126e+06
0.8 0.8 135617
0.8 0.9 105051

0.9 0 1.72986e+06
0.9 0.01 32334.4
0.9 0.02 42803.1
0.9 0.03 26984.1
0.9 0.04 75392
0.9 0.05 28320.3
0.9 0.06 37207.8
0.9 0.07 189015
0.9 0.08 736603
0.9 0.09 18874.5
0.9 0.1 39651.8
0.9 0.2 63934.4
0.9 0.3 244966
0.9 0.4 536698
0.9 0.5 98701.6
0.9 0.6 192998
0.9 0.7 192991
0.9 0.8 983920
0.9 0.9 583552

1 0 92629.6
1 0.01 156284
1 0.02 37667.5
1 0.03 355714
1 0.04 158810
1 0.05 93252.4
1 0.06 23996.6
1 0.07 109714
1 0.08 47488.2
1 0.09 72944
1 0.1 238922
1 0.2 448185
1 0.3 8.17287e+06
1 0.4 2.36321e+06
1 0.5 156196
1 0.6 383102
1 0.7 274776
1 0.8 314894
1 0.9 227833

2 0 124496
2 0.01 165798
2 0.02 128995
2 0.03 162198
2 0.04 623530
2 0.05 332056
2 0.06 154037
2 0.07 463716
2 0.08 96168.6
2 0.09 1.52605e+06
2 0.1 4.06558e+06
2 0.2 3.06536e+06
2 0.3 1.36575e+06
2 0.4 1.85243e+07
2 0.5 680637
2 0.6 753804
2 0.7 624310
2 0.8 705336
2 0.9 2.09166e+06

3 0 111080
3 0.01 141606
3 0.02 135170
3 0.03 316234
3 0.04 562693
3 0.05 293230
3 0.06 198393
3 0.07 142883
3 0.08 219155
3 0.09 271703
3 0.1 302040
3 0.2 374542
3 0.3 1.08972e+06
3 0.4 3.70953e+06
3 0.5 509928
3 0.6 3.19005e+06
3 0.7 604025
3 0.8 1.2791e+06
3 0.9 1.48931e+06

4 0 57301.9
4 0.01 148848
4 0.02 93150.4
4 0.03 443768
4 0.04 128283
4 0.05 451896
4 0.06 58170.7
4 0.07 185688
4 0.08 71411.8
4 0.09 116272
4 0.1 158990
4 0.2 2.15048e+06
4 0.3 311686
4 0.4 230148
4 0.5 1.82078e+06
4 0.6 744755
4 0.7 860193
4 0.8 1.58028e+06
4 0.9 1.27537e+07

5 0 150286
5 0.01 122674
5 0.02 162014
5 0.03 563629
5 0.04 245834
5 0.05 118835
5 0.06 590301
5 0.07 425479
5 0.08 238096
5 0.09 68944.1
5 0.1 93649.6
5 0.2 237953
5 0.3 6.75352e+06
5 0.4 3.30761e+06
5 0.5 243081
5 0.6 1.08357e+06
5 0.7 1.63498e+06
5 0.8 824987
5 0.9 444177

6 0 224423
6 0.01 9.38217e+07
6 0.02 2.59641e+06
6 0.03 900944
6 0.04 1.62346e+06
6 0.05 148967
6 0.06 383082
6 0.07 212356
6 0.08 613520
6 0.09 82651.7
6 0.1 244498
6 0.2 528376
6 0.3 1.03137e+07
6 0.4 409264
6 0.5 779959
6 0.6 358134
6 0.7 1.19698e+06
6 0.8 810720
6 0.9 4.78177e+06

7 0 572997
7 0.01 131082
7 0.02 354209
7 0.03 572319
7 0.04 576067
7 0.05 142569
7 0.06 461824
7 0.07 323675
7 0.08 623730
7 0.09 226454
7 0.1 210637
7 0.2 661887
7 0.3 1.42162e+06
7 0.4 2.02708e+06
7 0.5 1.79939e+06
7 0.6 998293
7 0.7 3.031e+06
7 0.8 672506
7 0.9 5.83397e+06

8 0 498877
8 0.01 1.14645e+06
8 0.02 2.16216e+06
8 0.03 3.00713e+06
8 0.04 260689
8 0.05 1.82748e+06
8 0.06 294725
8 0.07 295658
8 0.08 1.23075e+06
8 0.09 294600
8 0.1 4.06429e+07
8 0.2 1.6091e+06
8 0.3 724972
8 0.4 709075
8 0.5 2.54408e+06
8 0.6 4.41311e+06
8 0.7 1.44936e+08
8 0.8 1.07591e+07
8 0.9 7.24145e+06

9 0 334618
9 0.01 409439
9 0.02 411349
9 0.03 315664
9 0.04 4.31592e+06
9 0.05 3.03913e+06
9 0.06 1.53079e+06
9 0.07 308012
9 0.08 624491
9 0.09 927769
9 0.1 1.86372e+06
9 0.2 468658
9 0.3 2.37754e+06
9 0.4 1.88064e+06
9 0.5 1.45038e+06
9 0.6 3.87982e+06
9 0.7 5.81987e+06
9 0.8 2.57918e+06
9 0.9 3.66227e+06

