0 0 0
0 0.01 1.6513e-21
0 0.02 3.29866e-21
0 0.03 4.95343e-21
0 0.04 6.60387e-21
0 0.05 8.2246e-21
0 0.06 9.97915e-21
0 0.07 1.15292e-20
0 0.08 1.31867e-20
0 0.09 1.49414e-20
0 0.1 1.65502e-20
0 0.2 3.31604e-20
0 0.3 4.96016e-20
0 0.4 6.61379e-20
0 0.5 8.26039e-20
0 0.6 9.93389e-20
0 0.7 1.15438e-19
0 0.8 1.32811e-19
0 0.9 1.48802e-19

0.1 0 7.49115e-22
0.1 0.01 1.83282e-21
0.1 0.02 3.39917e-21
0.1 0.03 5.05258e-21
0.1 0.04 6.6668e-21
0.1 0.05 8.32185e-21
0.1 0.06 1.00135e-20
0.1 0.07 1.16593e-20
0.1 0.08 1.3386e-20
0.1 0.09 1.49338e-20
0.1 0.1 1.65306e-20
0.1 0.2 3.32179e-20
0.1 0.3 4.96343e-20
0.1 0.4 6.63615e-20
0.1 0.5 8.33283e-20
0.1 0.6 9.94324e-20
0.1 0.7 1.16005e-19
0.1 0.8 1.32781e-19
0.1 0.9 1.4863e-19

0.2 0 1.54019e-21
0.2 0.01 2.27854e-21
0.2 0.02 3.68549e-21
0.2 0.03 5.23551e-21
0.2 0.04 6.90736e-21
0.2 0.05 8.53791e-21
0.2 0.06 1.01315e-20
0.2 0.07 1.18145e-20
0.2 0.08 1.34613e-20
0.2 0.09 1.52411e-20
0.2 0.1 1.69188e-20
0.2 0.2 3.35533e-20
0.2 0.3 5.03964e-20
0.2 0.4 6.74408e-20
0.2 0.5 8.39249e-20
0.2 0.6 1.00648e-19
0.2 0.7 1.17696e-19
0.2 0.8 1.34296e-19
0.2 0.9 1.51303e-19

0.3 0 2.46918e-21
0.3 0.01 2.96925e-21
0.3 0.02 4.18072e-21
0.3 0.03 5.72034e-21
0.3 0.04 7.26811e-21
0.3 0.05 8.92701e-21
0.3 0.06 1.05669e-20
0.3 0.07 1.22033e-20
0.3 0.08 1.38698e-20
0.3 0.09 1.55265e-20
0.3 0.1 1.73535e-20
0.3 0.2 3.43412e-20
0.3 0.3 5.1148e-20
0.3 0.4 6.85759e-20
0.3 0.5 8.54717e-20
0.3 0.6 1.02807e-19
0.3 0.7 1.18895e-19
0.3 0.8 1.36832e-19
0.3 0.9 1.53367e-19

0.4 0 3.63777e-21
0.4 0.01 4.23249e-21
0.4 0.02 5.08343e-21
0.4 0.03 6.4237e-21
0.4 0.04 7.92762e-21
0.4 0.05 9.54957e-21
0.4 0.06 1.12189e-20
0.4 0.07 1.29156e-20
0.4 0.08 1.47022e-20
0.4 0.09 1.62551e-20
0.4 0.1 1.81056e-20
0.4 0.2 3.55098e-20
0.4 0.3 5.30186e-20
0.4 0.4 7.0726e-20
0.4 0.5 8.86081e-20
0.4 0.6 1.05824e-19
0.4 0.7 1.23608e-19
0.4 0.8 1.41314e-19
0.4 0.9 1.59547e-19

0.5 0 1.64052e-20
0.5 0.01 2.93372e-20
0.5 0.02 7.59028e-21
0.5 0.03 8.08888e-21
0.5 0.04 1.43883e-20
0.5 0.05 1.08321e-20
0.5 0.06 1.26838e-20
0.5 0.07 1.47634e-20
0.5 0.08 2.22469e-20
0.5 0.09 2.98373e-20
0.5 0.1 2.127e-20
0.5 0.2 3.80771e-20
0.5 0.3 6.28902e-20
0.5 0.4 7.83139e-20
0.5 0.5 1.03202e-19
0.5 0.6 1.21905e-19
0.5 0.7 1.38135e-19
0.5 0.8 3.56191e-19
0.5 0.9 1.68696e-19

0.6 0 5.6723e-20
0.6 0.01 4.89376e-20
0.6 0.02 7.00484e-20
0.6 0.03 5.08349e-20
0.6 0.04 2.00295e-20
0.6 0.05 5.44542e-19
0.6 0.06 5.25347e-19
0.6 0.07 1.069e-19
0.6 0.08 3.83602e-20
0.6 0.09 3.06852e-20
0.6 0.1 3.18796e-20
0.6 0.2 1.13482e-19
0.6 0.3 3.34905e-19
0.6 0.4 1.04667e-19
0.6 0.5 5.1005e-19
0.6 0.6 5.16004e-18
0.6 0.7 4.20677e-19
0.6 0.8 2.2789e-19
0.6 0.9 1.60985e-18

0.7 0 7.75665e-19
0.7 0.01 2.86382e-19
0.7 0.02 1.45591e-19
0.7 0.03 5.70375e-19
0.7 0.04 3.54102e-19
0.7 0.05 1.28991e-19
0.7 0.06 1.61488e-18
0.7 0.07 2.02529e-19
0.7 0.08 1.66312e-18
0.7 0.09 1.17321e-19
0.7 0.1 1.31782e-19
0.7 0.2 1.93198e-18
0.7 0.3 4.2308e-19
0.7 0.4 2.07547e-18
0.7 0.5 3.04306e-18
0.7 0.6 1.06562e-18
0.7 0.7 1.29372e-18
0.7 0.8 7.03669e-19
0.7 0.9 2.59079e-16

0.8 0 3.18466e-19
0.8 0.01 1.1825e-18
0.8 0.02 3.90014e-19
0.8 0.03 3.08704e-19
0.8 0.04 2.19711e-19
0.8 0.05 2.10323e-19
0.8 0.06 3.21066e-19
0.8 0.07 2.14505e-19
0.8 0.08 1.0268e-18
0.8 0.09 1.88921e-18
0.8 0.1 4.20627e-18
0.8 0.2 2.17224e-18
0.8 0.3 7.4557e-19
0.8 0.4 2.30056e-18
0.8 0.5 1.29e-18
0.8 0.6 4.06959e-18
0.8 0.7 2.12511e-17
0.8 0.8 1.93289e-18
0.8 0.9 1.49498e-18

0.9 0 2.46752e-17
0.9 0.01 4.61109e-19
0.9 0.02 6.0878e-19
0.9 0.03 3.84405e-19
0.9 0.04 1.07419e-18
0.9 0.05 4.03589e-19
0.9 0.06 5.30672e-19
0.9 0.07 2.69802e-18
0.9 0.08 1.04948e-17
0.9 0.09 2.68983e-19
0.9 0.1 5.65437e-19
0.9 0.2 9.10596e-19
0.9 0.3 3.49525e-18
0.9 0.4 7.64174e-18
0.9 0.5 1.40741e-18
0.9 0.6 2.74938e-18
0.9 0.7 2.74961e-18
0.9 0.8 1.40147e-17
0.9 0.9 8.31695e-18

1 0 1.32082e-18
1 0.01 2.23152e-18
1 0.02 5.36917e-19
1 0.03 5.05779e-18
1 0.04 2.26377e-18
1 0.05 1.33e-18
1 0.06 3.42094e-19
1 0.07 1.56269e-18
1 0.08 6.76399e-19
1 0.09 1.03875e-18
1 0.1 3.40169e-18
1 0.2 6.37972e-18
1 0.3 1.16606e-16
1 0.4 3.37875e-17
1 0.5 2.22679e-18
1 0.6 5.45925e-18
1 0.7 3.91357e-18
1 0.8 4.4853e-18
1 0.9 3.24628e-18

2 0 1.7759e-18
2 0.01 2.36259e-18
2 0.02 1.84285e-18
2 0.03 2.31573e-18
2 0.04 8.91585e-18
2 0.05 4.73123e-18
2 0.06 2.20353e-18
2 0.07 6.60133e-18
2 0.08 1.37115e-18
2 0.09 2.18554e-17
2 0.1 5.77343e-17
2 0.2 4.38173e-17
2 0.3 1.94441e-17
2 0.4 2.63251e-16
2 0.5 9.72187e-18
2 0.6 1.07605e-17
2 0.7 8.91478e-18
2 0.8 1.00376e-17
2 0.9 2.992e-17

3 0 1.5799e-18
3 0.01 2.00419e-18
3 0.02 1.92428e-18
3 0.03 4.49893e-18
3 0.04 8.06271e-18
3 0.05 4.17068e-18
3 0.06 2.81699e-18
3 0.07 2.0473e-18
3 0.08 3.1278e-18
3 0.09 3.86828e-18
3 0.1 4.29171e-18
3 0.2 5.36039e-18
3 0.3 1.55743e-17
3 0.4 5.30157e-17
3 0.5 7.30278e-18
3 0.6 4.53971e-17
3 0.7 8.63895e-18
3 0.8 1.81435e-17
3 0.9 2.12413e-17

4 0 8.18164e-19
4 0.01 2.12647e-18
4 0.02 1.33529e-18
4 0.03 6.34325e-18
4 0.04 1.82951e-18
4 0.05 6.43698e-18
4 0.06 8.34872e-19
4 0.07 2.65124e-18
4 0.08 1.01757e-18
4 0.09 1.65925e-18
4 0.1 2.26605e-18
4 0.2 3.07473e-17
4 0.3 4.44236e-18
4 0.4 3.29125e-18
4 0.5 2.61337e-17
4 0.6 1.06281e-17
4 0.7 1.222e-17
4 0.8 2.22968e-17
4 0.9 1.80216e-16

5 0 2.14257e-18
5 0.01 1.74508e-18
5 0.02 2.30715e-18
5 0.03 7.99385e-18
5 0.04 3.51288e-18
5 0.05 1.67852e-18
5 0.06 8.43745e-18
5 0.07 6.04076e-18
5 0.08 3.39314e-18
5 0.09 9.80237e-19
5 0.1 1.33088e-18
5 0.2 3.40699e-18
5 0.3 9.54725e-17
5 0.4 4.70676e-17
5 0.5 3.4612e-18
5 0.6 1.5331e-17
5 0.7 2.34116e-17
5 0.8 1.17865e-17
5 0.9 6.36424e-18

6 0 3.14407e-18
6 0.01 1.32372e-15
6 0.02 3.80217e-17
6 0.03 1.27775e-17
6 0.04 2.33168e-17
6 0.05 2.09364e-18
6 0.06 5.48241e-18
6 0.07 3.02678e-18
6 0.08 8.75015e-18
6 0.09 1.17567e-18
6 0.1 3.47394e-18
6 0.2 7.56148e-18
6 0.3 1.48567e-16
6 0.4 5.81656e-18
6 0.5 1.11362e-17
6 0.6 5.09857e-18
6 0.7 1.69306e-17
6 0.8 1.14425e-17
6 0.9 6.78822e-17

7 0 8.26374e-18
7 0.01 1.87964e-18
7 0.02 4.9864e-18
7 0.03 8.09134e-18
7 0.04 8.17253e-18
7 0.05 2.02827e-18
7 0.06 6.64338e-18
7 0.07 4.5729e-18
7 0.08 8.81055e-18
7 0.09 3.25043e-18
7 0.1 3.00158e-18
7 0.2 9.28999e-18
7 0.3 2.01472e-17
7 0.4 2.90706e-17
7 0.5 2.55928e-17
7 0.6 1.41196e-17
7 0.7 4.28912e-17
7 0.8 9.50434e-18
7 0.9 8.36705e-17

8 0 7.0516e-18
8 0.01 1.65031e-17
8 0.02 3.11234e-17
8 0.03 4.28694e-17
8 0.04 3.68205e-18
8 0.05 2.64117e-17
8 0.06 4.19792e-18
8 0.07 4.23441e-18
8 0.08 1.80495e-17
8 0.09 4.17987e-18
8 0.1 5.78288e-16
8 0.2 2.30679e-17
8 0.3 1.02959e-17
8 0.4 1.01305e-17
8 0.5 3.62362e-17
8 0.6 6.24188e-17
8 0.7 2.06848e-15
8 0.8 1.54348e-16
8 0.9 1.03333e-16

9 0 4.81083e-18
9 0.01 5.81227e-18
9 0.02 5.83221e-18
9 0.03 4.32378e-18
9 0.04 6.24352e-17
9 0.05 4.21951e-17
9 0.06 2.17213e-17
9 0.07 4.40103e-18
9 0.08 8.85982e-18
9 0.09 1.32858e-17
9 0.1 2.69029e-17
9 0.2 6.67919e-18
9 0.3 3.36308e-17
9 0.4 2.67005e-17
9 0.5 2.10544e-17
9 0.6 5.45188e-17
9 0.7 8.25394e-17
9 0.8 3.66497e-17
9 0.9 5.19488e-17

