0 0 0
0 0.02 1508.58
0 0.04 2975.21
0 0.06 4411.35
0 0.08 5512.12
0 0.1 6786.63
0 0.12 8025.42
0 0.14 9256.33
0 0.16 10525.2
0 0.18 11851.1
0 0.2 13247.6
0 0.22 14833
0 0.24 15973.4
0 0.26 17246.4
0 0.28 19017.9
0 0.3 20595.5
0 0.32 21718.3
0 0.34 23006.7
0 0.36 24398.2
0 0.38 26696.7
0 0.4 28122.9
0 0.42 29240.8
0 0.44 30966.4
0 0.46 33173.4
0 0.48 33515.2

0.1 0 117.871
0.1 0.02 1519.89
0.1 0.04 2973.34
0.1 0.06 4342.17
0.1 0.08 5653.85
0.1 0.1 6705.48
0.1 0.12 7992.33
0.1 0.14 9298.73
0.1 0.16 10463.4
0.1 0.18 11763.8
0.1 0.2 13311.6
0.1 0.22 14528.5
0.1 0.24 16005.9
0.1 0.26 17584
0.1 0.28 18636.4
0.1 0.3 20666.7
0.1 0.32 22149.8
0.1 0.34 22934.2
0.1 0.36 24930.3
0.1 0.38 25611.5
0.1 0.4 27829.4
0.1 0.42 28932.3
0.1 0.44 30952.5
0.1 0.46 32495.2
0.1 0.48 33984.8

0.2 0 233.22
0.2 0.02 1509.71
0.2 0.04 3047.66
0.2 0.06 4357.85
0.2 0.08 5554.4
0.2 0.1 6852.23
0.2 0.12 8051.19
0.2 0.14 9278.21
0.2 0.16 10446.1
0.2 0.18 12066.4
0.2 0.2 13420.6
0.2 0.22 14679.8
0.2 0.24 15948
0.2 0.26 17210.7
0.2 0.28 18846.2
0.2 0.3 20496.5
0.2 0.32 21721.8
0.2 0.34 23337.2
0.2 0.36 24597.2
0.2 0.38 25897
0.2 0.4 27508.6
0.2 0.42 29440.5
0.2 0.44 31625.3
0.2 0.46 32203.3
0.2 0.48 33884.1

0.3 0 357.649
0.3 0.02 1529.89
0.3 0.04 3021.64
0.3 0.06 4339.26
0.3 0.08 5571.08
0.3 0.1 6825.6
0.3 0.12 8027.07
0.3 0.14 9158.57
0.3 0.16 10662.3
0.3 0.18 11509.7
0.3 0.2 13512.2
0.3 0.22 14582.7
0.3 0.24 15998.1
0.3 0.26 17613.6
0.3 0.28 18898.7
0.3 0.3 20457.8
0.3 0.32 21769.4
0.3 0.34 23543.1
0.3 0.36 25234.4
0.3 0.38 26143.4
0.3 0.4 27870.4
0.3 0.42 28764.3
0.3 0.44 30634.2
0.3 0.46 33149.2
0.3 0.48 33768.3

0.4 0 476.332
0.4 0.02 1596.13
0.4 0.04 3042.68
0.4 0.06 4415.83
0.4 0.08 5639.33
0.4 0.1 6751.1
0.4 0.12 8099.15
0.4 0.14 9168.47
0.4 0.16 10481.9
0.4 0.18 11833.8
0.4 0.2 13417.2
0.4 0.22 14415.8
0.4 0.24 16054.9
0.4 0.26 17414.4
0.4 0.28 19034.6
0.4 0.3 20397.2
0.4 0.32 22116
0.4 0.34 23259.4
0.4 0.36 25443.6
0.4 0.38 26003.9
0.4 0.4 27745.4
0.4 0.42 29654.1
0.4 0.44 30564.8
0.4 0.46 32512.5
0.4 0.48 34130.1

0.5 0 582.3
0.5 0.02 1610.72
0.5 0.04 3057.16
0.5 0.06 4417.96
0.5 0.08 5664.56
0.5 0.1 6763.19
0.5 0.12 8040.79
0.5 0.14 9246.16
0.5 0.16 10503.4
0.5 0.18 11825.7
0.5 0.2 13037.3
0.5 0.22 14556.8
0.5 0.24 16109
0.5 0.26 17585.8
0.5 0.28 19243.1
0.5 0.3 20481.5
0.5 0.32 21676.8
0.5 0.34 23422.8
0.5 0.36 24401.8
0.5 0.38 26364.7
0.5 0.4 27841.7
0.5 0.42 29114.7
0.5 0.44 31069.7
0.5 0.46 32238.4
0.5 0.48 33297.9

0.6 0 713.961
0.6 0.02 1618.65
0.6 0.04 3058.37
0.6 0.06 4427.49
0.6 0.08 5732.29
0.6 0.1 6736.09
0.6 0.12 7965.24
0.6 0.14 9144.23
0.6 0.16 10678.6
0.6 0.18 11816.3
0.6 0.2 13260.6
0.6 0.22 14612.6
0.6 0.24 16013.1
0.6 0.26 17537.2
0.6 0.28 18780.1
0.6 0.3 20710.2
0.6 0.32 21633.8
0.6 0.34 23192.8
0.6 0.36 25007.1
0.6 0.38 26358.4
0.6 0.4 27639.8
0.6 0.42 29085.3
0.6 0.44 30598.8
0.6 0.46 32207
0.6 0.48 33455.6

0.7 0 836.326
0.7 0.02 1726.97
0.7 0.04 3107.59
0.7 0.06 4452.5
0.7 0.08 5600.88
0.7 0.1 6861.28
0.7 0.12 8005.95
0.7 0.14 9232.19
0.7 0.16 10789.7
0.7 0.18 11746.7
0.7 0.2 13336.1
0.7 0.22 14360.2
0.7 0.24 16227.2
0.7 0.26 17301.9
0.7 0.28 18974.5
0.7 0.3 20570.7
0.7 0.32 21729.7
0.7 0.34 23555.9
0.7 0.36 25164.2
0.7 0.38 26330.5
0.7 0.4 27518.4
0.7 0.42 29194.2
0.7 0.44 30973.8
0.7 0.46 32195.1
0.7 0.48 33551.1

0.8 0 937.293
0.8 0.02 1776.84
0.8 0.04 3170.64
0.8 0.06 4376.33
0.8 0.08 5670.63
0.8 0.1 6840.62
0.8 0.12 8156.45
0.8 0.14 9341.94
0.8 0.16 10405.2
0.8 0.18 11773.7
0.8 0.2 13057.2
0.8 0.22 14580.5
0.8 0.24 16145.5
0.8 0.26 17500.1
0.8 0.28 19022.4
0.8 0.3 20112.6
0.8 0.32 21627.9
0.8 0.34 23101.6
0.8 0.36 24466.8
0.8 0.38 26550.2
0.8 0.4 27500.9
0.8 0.42 29068
0.8 0.44 30972.3
0.8 0.46 32568.9
0.8 0.48 33548.9

0.9 0 1063.05
0.9 0.02 1858.14
0.9 0.04 3168.24
0.9 0.06 4526.64
0.9 0.08 5701.57
0.9 0.1 6843.81
0.9 0.12 7978.52
0.9 0.14 9258.16
0.9 0.16 10554.2
0.9 0.18 11984.8
0.9 0.2 13345.5
0.9 0.22 14661.1
0.9 0.24 16008
0.9 0.26 17489.5
0.9 0.28 19194.2
0.9 0.3 20446.3
0.9 0.32 21417.2
0.9 0.34 23126.6
0.9 0.36 24673.2
0.9 0.38 26211.6
0.9 0.4 28119.9
0.9 0.42 29064.6
0.9 0.44 30952.9
0.9 0.46 32300.4
0.9 0.48 34229.3

