0 0 0
0 0.02 176.835
0 0.04 348.612
0 0.06 519.021
0 0.08 652.067
0 0.1 791.733
0 0.12 938.554
0 0.14 1080.22
0 0.16 1211.8
0 0.18 1366.58
0 0.2 1518.38
0 0.22 1705.06
0 0.24 1830.3
0 0.26 1976.3
0 0.28 2182.51
0 0.3 2347.92
0 0.32 2472.52
0 0.34 2638.34
0 0.36 2786.04
0 0.38 3020.72
0 0.4 3227.42
0 0.42 3353.15
0 0.44 3569.81
0 0.46 3777.23
0 0.48 3834.08

0.1 0 15.3527
0.1 0.02 177.828
0.1 0.04 348.736
0.1 0.06 508.602
0.1 0.08 660.91
0.1 0.1 784.885
0.1 0.12 929.359
0.1 0.14 1090.25
0.1 0.16 1215.58
0.1 0.18 1353.9
0.1 0.2 1529.32
0.1 0.22 1685.82
0.1 0.24 1831.75
0.1 0.26 2005.16
0.1 0.28 2112.83
0.1 0.3 2357
0.1 0.32 2535.95
0.1 0.34 2619.2
0.1 0.36 2832.99
0.1 0.38 2948.12
0.1 0.4 3148.03
0.1 0.42 3285.92
0.1 0.44 3542.08
0.1 0.46 3707.07
0.1 0.48 3863.26

0.2 0 30.4076
0.2 0.02 176.402
0.2 0.04 358.098
0.2 0.06 510.815
0.2 0.08 657.89
0.2 0.1 801.073
0.2 0.12 940.65
0.2 0.14 1078.58
0.2 0.16 1207.74
0.2 0.18 1397
0.2 0.2 1549.26
0.2 0.22 1675.57
0.2 0.24 1841.88
0.2 0.26 1967.52
0.2 0.28 2151.31
0.2 0.3 2338.01
0.2 0.32 2475.15
0.2 0.34 2692.74
0.2 0.36 2820.44
0.2 0.38 2943.54
0.2 0.4 3156.46
0.2 0.42 3371.34
0.2 0.44 3619.49
0.2 0.46 3677.59
0.2 0.48 3879.35

0.3 0 46.5981
0.3 0.02 179.957
0.3 0.04 354.673
0.3 0.06 508.529
0.3 0.08 652.025
0.3 0.1 804.979
0.3 0.12 940.385
0.3 0.14 1054.61
0.3 0.16 1224.28
0.3 0.18 1338.16
0.3 0.2 1556.95
0.3 0.22 1668.8
0.3 0.24 1845.74
0.3 0.26 2006.07
0.3 0.28 2167.71
0.3 0.3 2334.01
0.3 0.32 2500.82
0.3 0.34 2691.25
0.3 0.36 2882.06
0.3 0.38 2994.2
0.3 0.4 3194.67
0.3 0.42 3303.79
0.3 0.44 3489.66
0.3 0.46 3749.84
0.3 0.48 3890.44

0.4 0 61.9394
0.4 0.02 188.279
0.4 0.04 358.483
0.4 0.06 519.108
0.4 0.08 660.686
0.4 0.1 793.607
0.4 0.12 943.68
0.4 0.14 1058.42
0.4 0.16 1218.83
0.4 0.18 1374.26
0.4 0.2 1544.97
0.4 0.22 1661.22
0.4 0.24 1843.73
0.4 0.26 1994.6
0.4 0.28 2174.81
0.4 0.3 2333.92
0.4 0.32 2515.15
0.4 0.34 2667.01
0.4 0.36 2910.39
0.4 0.38 2962.25
0.4 0.4 3164.59
0.4 0.42 3392.05
0.4 0.44 3493.2
0.4 0.46 3712.31
0.4 0.48 3890.93

0.5 0 75.7369
0.5 0.02 191.388
0.5 0.04 360.356
0.5 0.06 519.833
0.5 0.08 663.743
0.5 0.1 790.573
0.5 0.12 936.573
0.5 0.14 1070.42
0.5 0.16 1218.39
0.5 0.18 1355.36
0.5 0.2 1494.3
0.5 0.22 1671.75
0.5 0.24 1852.3
0.5 0.26 2004.53
0.5 0.28 2198.24
0.5 0.3 2333.26
0.5 0.32 2481.39
0.5 0.34 2677.14
0.5 0.36 2784.76
0.5 0.38 3007.7
0.5 0.4 3157.87
0.5 0.42 3303.07
0.5 0.44 3564.57
0.5 0.46 3665.25
0.5 0.48 3819.4

0.6 0 93.0089
0.6 0.02 192.691
0.6 0.04 360.854
0.6 0.06 522.295
0.6 0.08 674.686
0.6 0.1 787.991
0.6 0.12 939.139
0.6 0.14 1070.11
0.6 0.16 1240.41
0.6 0.18 1377.2
0.6 0.2 1530.3
0.6 0.22 1668.05
0.6 0.24 1833.68
0.6 0.26 2014.07
0.6 0.28 2137.31
0.6 0.3 2357.03
0.6 0.32 2462.77
0.6 0.34 2650.74
0.6 0.36 2848.37
0.6 0.38 2995.06
0.6 0.4 3154.12
0.6 0.42 3310.19
0.6 0.44 3498.48
0.6 0.46 3686.17
0.6 0.48 3827.85

0.7 0 108.917
0.7 0.02 207.502
0.7 0.04 367.552
0.7 0.06 524.134
0.7 0.08 658.432
0.7 0.1 800.465
0.7 0.12 936.809
0.7 0.14 1073.39
0.7 0.16 1245.34
0.7 0.18 1356.75
0.7 0.2 1525.48
0.7 0.22 1644.94
0.7 0.24 1853.37
0.7 0.26 1987.14
0.7 0.28 2169.72
0.7 0.3 2350.31
0.7 0.32 2472.52
0.7 0.34 2687.73
0.7 0.36 2862.87
0.7 0.38 2993.59
0.7 0.4 3127.48
0.7 0.42 3328.34
0.7 0.44 3542.94
0.7 0.46 3693.45
0.7 0.48 3837.27

0.8 0 121.888
0.8 0.02 215.119
0.8 0.04 375.351
0.8 0.06 515.359
0.8 0.08 668.412
0.8 0.1 804.761
0.8 0.12 951.545
0.8 0.14 1087.62
0.8 0.16 1200.35
0.8 0.18 1355.21
0.8 0.2 1507.54
0.8 0.22 1677.62
0.8 0.24 1848.96
0.8 0.26 1990.42
0.8 0.28 2182.79
0.8 0.3 2305.86
0.8 0.32 2484.54
0.8 0.34 2626.48
0.8 0.36 2814.36
0.8 0.38 3034.22
0.8 0.4 3141.71
0.8 0.42 3304.15
0.8 0.44 3554.43
0.8 0.46 3722.7
0.8 0.48 3844.77

0.9 0 138.064
0.9 0.02 225.347
0.9 0.04 375.683
0.9 0.06 534.353
0.9 0.08 671.67
0.9 0.1 801.705
0.9 0.12 931.098
0.9 0.14 1077.29
0.9 0.16 1221.44
0.9 0.18 1379.09
0.9 0.2 1528.9
0.9 0.22 1681.03
0.9 0.24 1843.49
0.9 0.26 2010.34
0.9 0.28 2196.85
0.9 0.3 2355.83
0.9 0.32 2440.53
0.9 0.34 2637.99
0.9 0.36 2830.55
0.9 0.38 2993.58
0.9 0.4 3224.13
0.9 0.42 3329.32
0.9 0.44 3547.71
0.9 0.46 3680.15
0.9 0.48 3907.47

