10 0.00291712 0.000221917 101.543 0.00291928 0.000220885 101.226
20 0.00291712 0.000221917 101.543 0.00291794 0.000221488 101.414
30 0.00291712 0.000221917 101.543 0.00291754 0.00022169 101.475
40 0.00291712 0.000221917 101.543 0.00291737 0.000221779 101.502
50 0.00291712 0.000221917 101.543 0.00291728 0.000221826 101.516
60 0.00291712 0.000221917 101.543 0.00291724 0.000221852 101.524
70 0.00291712 0.000221917 101.543 0.00291721 0.000221869 101.529
80 0.00291712 0.000221917 101.543 0.00291719 0.00022188 101.532
90 0.00291712 0.000221917 101.543 0.00291717 0.000221887 101.534
100 0.00291712 0.000221917 101.543 0.00291716 0.000221893 101.536
110 0.00291712 0.000221917 101.543 0.00291715 0.000221897 101.537
120 0.00291712 0.000221917 101.543 0.00291715 0.0002219 101.538
130 0.00291712 0.000221917 101.543 0.00291714 0.000221903 101.539
140 0.00291712 0.000221917 101.543 0.00291714 0.000221905 101.539
150 0.00291712 0.000221917 101.543 0.00291714 0.000221906 101.54
160 0.00291712 0.000221917 101.543 0.00291713 0.000221908 101.54
170 0.00291712 0.000221917 101.543 0.00291713 0.000221909 101.54
180 0.00291712 0.000221917 101.543 0.00291713 0.00022191 101.541
190 0.00291712 0.000221917 101.543 0.00291712 0.00022191 101.541
200 0.00291712 0.000221917 101.543 0.00291711 0.000221911 101.541
210 0.00291712 0.000221917 101.543 0.0029171 0.000221911 101.541
220 0.00291712 0.000221917 101.543 0.00291708 0.000221912 101.542
230 0.00291712 0.000221917 101.543 0.00291705 0.000221912 101.542
240 0.00291712 0.000221917 101.543 0.00291701 0.000221912 101.542
250 0.00291712 0.000221917 101.543 0.00291696 0.000221911 101.542
260 0.00291712 0.000221917 101.543 0.0029169 0.000221911 101.542
270 0.00291712 0.000221917 101.543 0.00291682 0.00022191 101.542
280 0.00291712 0.000221917 101.543 0.00291672 0.000221909 101.542
290 0.00291712 0.000221917 101.543 0.00291659 0.000221907 101.542
300 0.00291712 0.000221917 101.543 0.00291644 0.000221905 101.542
310 0.00291712 0.000221917 101.543 0.00291627 0.000221902 101.542
320 0.00291712 0.000221917 101.543 0.00291606 0.000221899 101.542
330 0.00291712 0.000221917 101.543 0.00291582 0.000221895 101.541
340 0.00291712 0.000221917 101.543 0.00291554 0.000221891 101.541
350 0.00291712 0.000221917 101.543 0.00291522 0.000221886 101.541
360 0.00291712 0.000221917 101.543 0.00291487 0.00022188 101.54
370 0.00291712 0.000221917 101.543 0.00291447 0.000221874 101.54
380 0.00291712 0.000221917 101.543 0.00291403 0.000221866 101.539
390 0.00291712 0.000221917 101.543 0.00291355 0.000221858 101.538
400 0.00291712 0.000221917 101.543 0.00291302 0.000221849 101.538
410 0.00291712 0.000221917 101.543 0.00291244 0.000221839 101.537
420 0.00291712 0.000221917 101.543 0.00291182 0.000221829 101.536
430 0.00291712 0.000221917 101.543 0.00291114 0.000221817 101.535
440 0.00291712 0.000221917 101.543 0.00291042 0.000221805 101.534
450 0.00291712 0.000221917 101.543 0.00290965 0.000221792 101.532
460 0.00291712 0.000221917 101.543 0.00290883 0.000221778 101.531
470 0.00291712 0.000221917 101.543 0.00290796 0.000221762 101.53
480 0.00291712 0.000221917 101.543 0.00290704 0.000221747 101.528
490 0.00291712 0.000221917 101.543 0.00290607 0.00022173 101.526
500 0.00291712 0.000221917 101.543 0.00290505 0.000221712 101.525
510 0.00291712 0.000221917 101.543 0.00290398 0.000221693 101.523
520 0.00291712 0.000221917 101.543 0.00290287 0.000221674 101.521
530 0.00291712 0.000221917 101.543 0.00290171 0.000221653 101.519
540 0.00291712 0.000221917 101.543 0.0029005 0.000221632 101.517
550 0.00291712 0.000221917 101.543 0.00289924 0.00022161 101.515
560 0.00291712 0.000221917 101.543 0.00289795 0.000221587 101.513
570 0.00291712 0.000221917 101.543 0.0028966 0.000221563 101.51
580 0.00291712 0.000221917 101.543 0.00289522 0.000221539 101.508
590 0.00291712 0.000221917 101.543 0.00289379 0.000221513 101.505
600 0.00291712 0.000221917 101.543 0.00289232 0.000221487 101.503
610 0.00291712 0.000221917 101.543 0.00289081 0.000221461 101.5
620 0.00291712 0.000221917 101.543 0.00288927 0.000221433 101.497
630 0.00291712 0.000221917 101.543 0.00288768 0.000221405 101.495
640 0.00291712 0.000221917 101.543 0.00288606 0.000221376 101.492
650 0.00291712 0.000221917 101.543 0.00288441 0.000221346 101.489
660 0.00291712 0.000221917 101.543 0.00288272 0.000221316 101.486
670 0.00291712 0.000221917 101.543 0.002881 0.000221285 101.483
680 0.00291712 0.000221917 101.543 0.00287924 0.000221253 101.48
690 0.00291712 0.000221917 101.543 0.00287746 0.000221221 101.477
700 0.00291712 0.000221917 101.543 0.00287564 0.000221189 101.473
710 0.00291712 0.000221917 101.543 0.0028738 0.000221155 101.47
720 0.00291712 0.000221917 101.543 0.00287193 0.000221122 101.467
730 0.00291712 0.000221917 101.543 0.00287003 0.000221087 101.463
740 0.00291712 0.000221917 101.543 0.00286811 0.000221052 101.46
750 0.00291712 0.000221917 101.543 0.00286616 0.000221017 101.456
760 0.00291712 0.000221917 101.543 0.0028642 0.000220981 101.453
770 0.00291712 0.000221917 101.543 0.0028622 0.000220945 101.449
780 0.00291712 0.000221917 101.543 0.00286019 0.000220908 101.446
790 0.00291712 0.000221917 101.543 0.00285816 0.000220871 101.442
800 0.00291712 0.000221917 101.543 0.00285611 0.000220834 101.438
810 0.00291712 0.000221917 101.543 0.00285404 0.000220796 101.435
820 0.00291712 0.000221917 101.543 0.00285195 0.000220758 101.431
830 0.00291712 0.000221917 101.543 0.00284985 0.000220719 101.427
840 0.00291712 0.000221917 101.543 0.00284773 0.00022068 101.423
850 0.00291712 0.000221917 101.543 0.0028456 0.000220641 101.42
860 0.00291712 0.000221917 101.543 0.00284345 0.000220602 101.416
870 0.00291712 0.000221917 101.543 0.00284129 0.000220562 101.412
880 0.00291712 0.000221917 101.543 0.00283912 0.000220522 101.408
890 0.00291712 0.000221917 101.543 0.00283694 0.000220482 101.404
900 0.00291712 0.000221917 101.543 0.00283475 0.000220441 101.4
910 0.00291712 0.000221917 101.543 0.00283254 0.0002204 101.396
920 0.00291712 0.000221917 101.543 0.00283033 0.000220359 101.392
930 0.00291712 0.000221917 101.543 0.00282811 0.000220318 101.388
940 0.00291712 0.000221917 101.543 0.00282588 0.000220276 101.384
950 0.00291712 0.000221917 101.543 0.00282365 0.000220235 101.38
960 0.00291712 0.000221917 101.543 0.0028214 0.000220193 101.376
970 0.00291712 0.000221917 101.543 0.00281915 0.000220151 101.372
980 0.00291712 0.000221917 101.543 0.0028169 0.000220109 101.368
990 0.00291712 0.000221917 101.543 0.00281464 0.000220066 101.364
1000 0.00291712 0.000221917 101.543 0.00281238 0.000220024 101.36
1010 0.00291712 0.000221917 101.543 0.00281011 0.000219981 101.356
1020 0.00291712 0.000221917 101.543 0.00280784 0.000219939 101.352
1030 0.00291712 0.000221917 101.543 0.00280557 0.000219896 101.348
1040 0.00291712 0.000221917 101.543 0.0028033 0.000219853 101.344
1050 0.00291712 0.000221917 101.543 0.00280102 0.00021981 101.34
1060 0.00291712 0.000221917 101.543 0.00279874 0.000219767 101.336
1070 0.00291712 0.000221917 101.543 0.00279646 0.000219724 101.332
1080 0.00291712 0.000221917 101.543 0.00279418 0.00021968 101.328
1090 0.00291712 0.000221917 101.543 0.0027919 0.000219637 101.324
1100 0.00291712 0.000221917 101.543 0.00278962 0.000219594 101.32
1110 0.00291712 0.000221917 101.543 0.00278734 0.00021955 101.316
1120 0.00291712 0.000221917 101.543 0.00278507 0.000219507 101.312
1130 0.00291712 0.000221917 101.543 0.00278279 0.000219463 101.307
1140 0.00291712 0.000221917 101.543 0.00278052 0.00021942 101.303
1150 0.00291712 0.000221917 101.543 0.00277824 0.000219376 101.299
1160 0.00291712 0.000221917 101.543 0.00277597 0.000219333 101.295
1170 0.00291712 0.000221917 101.543 0.0027737 0.000219289 101.291
1180 0.00291712 0.000221917 101.543 0.00277144 0.000219246 101.287
1190 0.00291712 0.000221917 101.543 0.00276918 0.000219202 101.283
1200 0.00291712 0.000221917 101.543 0.00276692 0.000219159 101.279
1210 0.00291712 0.000221917 101.543 0.00276466 0.000219115 101.275
1220 0.00291712 0.000221917 101.543 0.00276241 0.000219072 101.271
1230 0.00291712 0.000221917 101.543 0.00276017 0.000219028 101.267
1240 0.00291712 0.000221917 101.543 0.00275792 0.000218985 101.263
1250 0.00291712 0.000221917 101.543 0.00275568 0.000218941 101.259
1260 0.00291712 0.000221917 101.543 0.00275345 0.000218898 101.255
1270 0.00291712 0.000221917 101.543 0.00275122 0.000218854 101.251
1280 0.00291712 0.000221917 101.543 0.002749 0.000218811 101.247
1290 0.00291712 0.000221917 101.543 0.00274678 0.000218768 101.243
1300 0.00291712 0.000221917 101.543 0.00274457 0.000218725 101.24
1310 0.00291712 0.000221917 101.543 0.00274236 0.000218681 101.236
1320 0.00291712 0.000221917 101.543 0.00274016 0.000218638 101.232
1330 0.00291712 0.000221917 101.543 0.00273797 0.000218595 101.228
1340 0.00291712 0.000221917 101.543 0.00273578 0.000218552 101.224
1350 0.00291712 0.000221917 101.543 0.00273359 0.000218509 101.22
1360 0.00291712 0.000221917 101.543 0.00273142 0.000218466 101.216
1370 0.00291712 0.000221917 101.543 0.00272925 0.000218424 101.212
1380 0.00291712 0.000221917 101.543 0.00272708 0.000218381 101.209
1390 0.00291712 0.000221917 101.543 0.00272493 0.000218338 101.205
1400 0.00291712 0.000221917 101.543 0.00272278 0.000218296 101.201
1410 0.00291712 0.000221917 101.543 0.00272063 0.000218253 101.197
1420 0.00291712 0.000221917 101.543 0.0027185 0.000218211 101.193
1430 0.00291712 0.000221917 101.543 0.00271637 0.000218168 101.19
1440 0.00291712 0.000221917 101.543 0.00271425 0.000218126 101.186
1450 0.00291712 0.000221917 101.543 0.00271213 0.000218084 101.182
1460 0.00291712 0.000221917 101.543 0.00271003 0.000218042 101.178
1470 0.00291712 0.000221917 101.543 0.00270793 0.000218 101.175
1480 0.00291712 0.000221917 101.543 0.00270583 0.000217958 101.171
1490 0.00291712 0.000221917 101.543 0.00270375 0.000217917 101.167
1500 0.00291712 0.000221917 101.543 0.00270167 0.000217875 101.164
1510 0.00291712 0.000221917 101.543 0.0026996 0.000217833 101.16
1520 0.00291712 0.000221917 101.543 0.00269754 0.000217792 101.156
1530 0.00291712 0.000221917 101.543 0.00269549 0.000217751 101.153
1540 0.00291712 0.000221917 101.543 0.00269344 0.000217709 101.149
1550 0.00291712 0.000221917 101.543 0.0026914 0.000217668 101.146
1560 0.00291712 0.000221917 101.543 0.00268937 0.000217627 101.142
1570 0.00291712 0.000221917 101.543 0.00268735 0.000217586 101.139
1580 0.00291712 0.000221917 101.543 0.00268533 0.000217545 101.135
1590 0.00291712 0.000221917 101.543 0.00268332 0.000217505 101.131
1600 0.00291712 0.000221917 101.543 0.00268133 0.000217464 101.128
1610 0.00291712 0.000221917 101.543 0.00267933 0.000217424 101.124
1620 0.00291712 0.000221917 101.543 0.00267735 0.000217383 101.121
1630 0.00291712 0.000221917 101.543 0.00267538 0.000217343 101.117
1640 0.00291712 0.000221917 101.543 0.00267341 0.000217303 101.114
1650 0.00291712 0.000221917 101.543 0.00267145 0.000217263 101.111
1660 0.00291712 0.000221917 101.543 0.0026695 0.000217223 101.107
1670 0.00291712 0.000221917 101.543 0.00266756 0.000217183 101.104
1680 0.00291712 0.000221917 101.543 0.00266562 0.000217144 101.1
1690 0.00291712 0.000221917 101.543 0.0026637 0.000217104 101.097
1700 0.00291712 0.000221917 101.543 0.00266178 0.000217065 101.094
1710 0.00291712 0.000221917 101.543 0.00265987 0.000217025 101.09
1720 0.00291712 0.000221917 101.543 0.00265797 0.000216986 101.087
1730 0.00291712 0.000221917 101.543 0.00265607 0.000216947 101.084
1740 0.00291712 0.000221917 101.543 0.00265419 0.000216908 101.08
1750 0.00291712 0.000221917 101.543 0.00265231 0.00021687 101.077
1760 0.00291712 0.000221917 101.543 0.00265044 0.000216831 101.074
1770 0.00291712 0.000221917 101.543 0.00264858 0.000216792 101.071
1780 0.00291712 0.000221917 101.543 0.00264672 0.000216754 101.067
1790 0.00291712 0.000221917 101.543 0.00264488 0.000216716 101.064
1800 0.00291712 0.000221917 101.543 0.00264304 0.000216677 101.061
1810 0.00291712 0.000221917 101.543 0.00264121 0.000216639 101.058
1820 0.00291712 0.000221917 101.543 0.00263939 0.000216601 101.055
1830 0.00291712 0.000221917 101.543 0.00263758 0.000216564 101.051
1840 0.00291712 0.000221917 101.543 0.00263577 0.000216526 101.048
1850 0.00291712 0.000221917 101.543 0.00263398 0.000216488 101.045
1860 0.00291712 0.000221917 101.543 0.00263219 0.000216451 101.042
1870 0.00291712 0.000221917 101.543 0.0026304 0.000216414 101.039
1880 0.00291712 0.000221917 101.543 0.00262863 0.000216376 101.036
1890 0.00291712 0.000221917 101.543 0.00262687 0.000216339 101.033
1900 0.00291712 0.000221917 101.543 0.00262511 0.000216303 101.03
1910 0.00291712 0.000221917 101.543 0.00262336 0.000216266 101.027
1920 0.00291712 0.000221917 101.543 0.00262162 0.000216229 101.024
1930 0.00291712 0.000221917 101.543 0.00261988 0.000216192 101.021
1940 0.00291712 0.000221917 101.543 0.00261816 0.000216156 101.018
1950 0.00291712 0.000221917 101.543 0.00261644 0.00021612 101.015
1960 0.00291712 0.000221917 101.543 0.00261473 0.000216084 101.012
1970 0.00291712 0.000221917 101.543 0.00261303 0.000216048 101.009
1980 0.00291712 0.000221917 101.543 0.00261133 0.000216012 101.006
1990 0.00291712 0.000221917 101.543 0.00260965 0.000215976 101.003
2000 0.00291712 0.000221917 101.543 0.00260797 0.00021594 101
2010 0.00291712 0.000221917 101.543 0.00260629 0.000215905 100.997
2020 0.00291712 0.000221917 101.543 0.00260463 0.000215869 100.994
2030 0.00291712 0.000221917 101.543 0.00260297 0.000215834 100.991
2040 0.00291712 0.000221917 101.543 0.00260132 0.000215799 100.988
2050 0.00291712 0.000221917 101.543 0.00259968 0.000215764 100.985
2060 0.00291712 0.000221917 101.543 0.00259805 0.000215729 100.983
2070 0.00291712 0.000221917 101.543 0.00259642 0.000215694 100.98
2080 0.00291712 0.000221917 101.543 0.0025948 0.000215659 100.977
2090 0.00291712 0.000221917 101.543 0.00259319 0.000215625 100.974
2100 0.00291712 0.000221917 101.543 0.00259159 0.00021559 100.971
2110 0.00291712 0.000221917 101.543 0.00258999 0.000215556 100.969
2120 0.00291712 0.000221917 101.543 0.0025884 0.000215522 100.966
2130 0.00291712 0.000221917 101.543 0.00258682 0.000215488 100.963
2140 0.00291712 0.000221917 101.543 0.00258524 0.000215454 100.96
2150 0.00291712 0.000221917 101.543 0.00258367 0.00021542 100.958
2160 0.00291712 0.000221917 101.543 0.00258211 0.000215386 100.955
2170 0.00291712 0.000221917 101.543 0.00258056 0.000215353 100.952
2180 0.00291712 0.000221917 101.543 0.00257901 0.000215319 100.95
2190 0.00291712 0.000221917 101.543 0.00257747 0.000215286 100.947
2200 0.00291712 0.000221917 101.543 0.00257594 0.000215253 100.944
2210 0.00291712 0.000221917 101.543 0.00257441 0.00021522 100.942
2220 0.00291712 0.000221917 101.543 0.0025729 0.000215187 100.939
2230 0.00291712 0.000221917 101.543 0.00257138 0.000215154 100.936
2240 0.00291712 0.000221917 101.543 0.00256988 0.000215121 100.934
2250 0.00291712 0.000221917 101.543 0.00256838 0.000215089 100.931
2260 0.00291712 0.000221917 101.543 0.00256689 0.000215056 100.929
2270 0.00291712 0.000221917 101.543 0.00256541 0.000215024 100.926
2280 0.00291712 0.000221917 101.543 0.00256393 0.000214991 100.924
2290 0.00291712 0.000221917 101.543 0.00256246 0.000214959 100.921
2300 0.00291712 0.000221917 101.543 0.002561 0.000214927 100.919
2310 0.00291712 0.000221917 101.543 0.00255954 0.000214895 100.916
2320 0.00291712 0.000221917 101.543 0.00255809 0.000214864 100.914
2330 0.00291712 0.000221917 101.543 0.00255664 0.000214832 100.911
2340 0.00291712 0.000221917 101.543 0.00255521 0.0002148 100.909
2350 0.00291712 0.000221917 101.543 0.00255378 0.000214769 100.906
2360 0.00291712 0.000221917 101.543 0.00255235 0.000214738 100.904
2370 0.00291712 0.000221917 101.543 0.00255093 0.000214706 100.901
2380 0.00291712 0.000221917 101.543 0.00254952 0.000214675 100.899
2390 0.00291712 0.000221917 101.543 0.00254812 0.000214644 100.896
2400 0.00291712 0.000221917 101.543 0.00254672 0.000214613 100.894
2410 0.00291712 0.000221917 101.543 0.00254533 0.000214583 100.892
2420 0.00291712 0.000221917 101.543 0.00254394 0.000214552 100.889
2430 0.00291712 0.000221917 101.543 0.00254256 0.000214522 100.887
2440 0.00291712 0.000221917 101.543 0.00254119 0.000214491 100.884
2450 0.00291712 0.000221917 101.543 0.00253982 0.000214461 100.882
2460 0.00291712 0.000221917 101.543 0.00253846 0.000214431 100.88
2470 0.00291712 0.000221917 101.543 0.00253711 0.000214401 100.877
2480 0.00291712 0.000221917 101.543 0.00253576 0.000214371 100.875
2490 0.00291712 0.000221917 101.543 0.00253441 0.000214341 100.873
2500 0.00291712 0.000221917 101.543 0.00253308 0.000214311 100.871
2510 0.00291712 0.000221917 101.543 0.00253175 0.000214281 100.868
2520 0.00291712 0.000221917 101.543 0.00253042 0.000214252 100.866
2530 0.00291712 0.000221917 101.543 0.0025291 0.000214222 100.864
2540 0.00291712 0.000221917 101.543 0.00252779 0.000214193 100.861
2550 0.00291712 0.000221917 101.543 0.00252648 0.000214164 100.859
2560 0.00291712 0.000221917 101.543 0.00252518 0.000214135 100.857
2570 0.00291712 0.000221917 101.543 0.00252389 0.000214106 100.855
2580 0.00291712 0.000221917 101.543 0.0025226 0.000214077 100.853
2590 0.00291712 0.000221917 101.543 0.00252132 0.000214048 100.85
2600 0.00291712 0.000221917 101.543 0.00252004 0.000214019 100.848
2610 0.00291712 0.000221917 101.543 0.00251876 0.000213991 100.846
2620 0.00291712 0.000221917 101.543 0.0025175 0.000213962 100.844
2630 0.00291712 0.000221917 101.543 0.00251624 0.000213934 100.842
2640 0.00291712 0.000221917 101.543 0.00251498 0.000213906 100.84
2650 0.00291712 0.000221917 101.543 0.00251373 0.000213877 100.837
2660 0.00291712 0.000221917 101.543 0.00251249 0.000213849 100.835
2670 0.00291712 0.000221917 101.543 0.00251125 0.000213821 100.833
2680 0.00291712 0.000221917 101.543 0.00251002 0.000213794 100.831
2690 0.00291712 0.000221917 101.543 0.00250879 0.000213766 100.829
2700 0.00291712 0.000221917 101.543 0.00250757 0.000213738 100.827
2710 0.00291712 0.000221917 101.543 0.00250635 0.000213711 100.825
2720 0.00291712 0.000221917 101.543 0.00250514 0.000213683 100.823
2730 0.00291712 0.000221917 101.543 0.00250393 0.000213656 100.821
2740 0.00291712 0.000221917 101.543 0.00250273 0.000213628 100.819
2750 0.00291712 0.000221917 101.543 0.00250153 0.000213601 100.817
2760 0.00291712 0.000221917 101.543 0.00250034 0.000213574 100.815
2770 0.00291712 0.000221917 101.543 0.00249916 0.000213547 100.813
2780 0.00291712 0.000221917 101.543 0.00249798 0.00021352 100.811
2790 0.00291712 0.000221917 101.543 0.0024968 0.000213494 100.809
2800 0.00291712 0.000221917 101.543 0.00249563 0.000213467 100.807
2810 0.00291712 0.000221917 101.543 0.00249447 0.00021344 100.805
2820 0.00291712 0.000221917 101.543 0.00249331 0.000213414 100.803
2830 0.00291712 0.000221917 101.543 0.00249216 0.000213387 100.801
2840 0.00291712 0.000221917 101.543 0.00249101 0.000213361 100.799
2850 0.00291712 0.000221917 101.543 0.00248986 0.000213335 100.797
2860 0.00291712 0.000221917 101.543 0.00248872 0.000213309 100.795
2870 0.00291712 0.000221917 101.543 0.00248759 0.000213283 100.793
2880 0.00291712 0.000221917 101.543 0.00248646 0.000213257 100.791
2890 0.00291712 0.000221917 101.543 0.00248533 0.000213231 100.789
2900 0.00291712 0.000221917 101.543 0.00248421 0.000213205 100.787
2910 0.00291712 0.000221917 101.543 0.0024831 0.00021318 100.785
2920 0.00291712 0.000221917 101.543 0.00248198 0.000213154 100.783
2930 0.00291712 0.000221917 101.543 0.00248088 0.000213129 100.781
2940 0.00291712 0.000221917 101.543 0.00247978 0.000213103 100.78
2950 0.00291712 0.000221917 101.543 0.00247868 0.000213078 100.778
2960 0.00291712 0.000221917 101.543 0.00247759 0.000213053 100.776
2970 0.00291712 0.000221917 101.543 0.0024765 0.000213028 100.774
2980 0.00291712 0.000221917 101.543 0.00247542 0.000213003 100.772
2990 0.00291712 0.000221917 101.543 0.00247434 0.000212978 100.77
3000 0.00291712 0.000221917 101.543 0.00247327 0.000212953 100.768
3010 0.00291712 0.000221917 101.543 0.0024722 0.000212928 100.767
3020 0.00291712 0.000221917 101.543 0.00247114 0.000212903 100.765
3030 0.00291712 0.000221917 101.543 0.00247008 0.000212879 100.763
3040 0.00291712 0.000221917 101.543 0.00246902 0.000212854 100.761
3050 0.00291712 0.000221917 101.543 0.00246797 0.00021283 100.759
3060 0.00291712 0.000221917 101.543 0.00246692 0.000212806 100.758
3070 0.00291712 0.000221917 101.543 0.00246588 0.000212781 100.756
3080 0.00291712 0.000221917 101.543 0.00246484 0.000212757 100.754
3090 0.00291712 0.000221917 101.543 0.00246381 0.000212733 100.752
3100 0.00291712 0.000221917 101.543 0.00246278 0.000212709 100.751
3110 0.00291712 0.000221917 101.543 0.00246176 0.000212685 100.749
3120 0.00291712 0.000221917 101.543 0.00246073 0.000212662 100.747
3130 0.00291712 0.000221917 101.543 0.00245972 0.000212638 100.745
3140 0.00291712 0.000221917 101.543 0.00245871 0.000212614 100.744
3150 0.00291712 0.000221917 101.543 0.0024577 0.000212591 100.742
3160 0.00291712 0.000221917 101.543 0.00245669 0.000212567 100.74
3170 0.00291712 0.000221917 101.543 0.0024557 0.000212544 100.739
3180 0.00291712 0.000221917 101.543 0.0024547 0.00021252 100.737
3190 0.00291712 0.000221917 101.543 0.00245371 0.000212497 100.735
3200 0.00291712 0.000221917 101.543 0.00245272 0.000212474 100.734
3210 0.00291712 0.000221917 101.543 0.00245174 0.000212451 100.732
3220 0.00291712 0.000221917 101.543 0.00245076 0.000212428 100.73
3230 0.00291712 0.000221917 101.543 0.00244978 0.000212405 100.729
3240 0.00291712 0.000221917 101.543 0.00244881 0.000212382 100.727
3250 0.00291712 0.000221917 101.543 0.00244784 0.00021236 100.725
3260 0.00291712 0.000221917 101.543 0.00244688 0.000212337 100.724
3270 0.00291712 0.000221917 101.543 0.00244592 0.000212314 100.722
3280 0.00291712 0.000221917 101.543 0.00244497 0.000212292 100.721
3290 0.00291712 0.000221917 101.543 0.00244402 0.000212269 100.719
3300 0.00291712 0.000221917 101.543 0.00244307 0.000212247 100.717
3310 0.00291712 0.000221917 101.543 0.00244212 0.000212225 100.716
3320 0.00291712 0.000221917 101.543 0.00244118 0.000212202 100.714
3330 0.00291712 0.000221917 101.543 0.00244025 0.00021218 100.713
3340 0.00291712 0.000221917 101.543 0.00243931 0.000212158 100.711
3350 0.00291712 0.000221917 101.543 0.00243839 0.000212136 100.709
3360 0.00291712 0.000221917 101.543 0.00243746 0.000212114 100.708
3370 0.00291712 0.000221917 101.543 0.00243654 0.000212092 100.706
3380 0.00291712 0.000221917 101.543 0.00243562 0.000212071 100.705
3390 0.00291712 0.000221917 101.543 0.00243471 0.000212049 100.703
3400 0.00291712 0.000221917 101.543 0.0024338 0.000212027 100.702
3410 0.00291712 0.000221917 101.543 0.00243289 0.000212006 100.7
3420 0.00291712 0.000221917 101.543 0.00243199 0.000211984 100.699
3430 0.00291712 0.000221917 101.543 0.00243109 0.000211963 100.697
3440 0.00291712 0.000221917 101.543 0.00243019 0.000211942 100.696
3450 0.00291712 0.000221917 101.543 0.0024293 0.00021192 100.694
3460 0.00291712 0.000221917 101.543 0.00242841 0.000211899 100.693
3470 0.00291712 0.000221917 101.543 0.00242753 0.000211878 100.691
3480 0.00291712 0.000221917 101.543 0.00242664 0.000211857 100.69
3490 0.00291712 0.000221917 101.543 0.00242577 0.000211836 100.688
3500 0.00291712 0.000221917 101.543 0.00242489 0.000211815 100.687
3510 0.00291712 0.000221917 101.543 0.00242402 0.000211794 100.685
3520 0.00291712 0.000221917 101.543 0.00242315 0.000211774 100.684
3530 0.00291712 0.000221917 101.543 0.00242229 0.000211753 100.682
3540 0.00291712 0.000221917 101.543 0.00242142 0.000211732 100.681
3550 0.00291712 0.000221917 101.543 0.00242057 0.000211712 100.679
3560 0.00291712 0.000221917 101.543 0.00241971 0.000211691 100.678
3570 0.00291712 0.000221917 101.543 0.00241886 0.000211671 100.676
3580 0.00291712 0.000221917 101.543 0.00241801 0.00021165 100.675
3590 0.00291712 0.000221917 101.543 0.00241717 0.00021163 100.674
3600 0.00291712 0.000221917 101.543 0.00241633 0.00021161 100.672
3610 0.00291712 0.000221917 101.543 0.00241549 0.00021159 100.671
3620 0.00291712 0.000221917 101.543 0.00241465 0.00021157 100.669
3630 0.00291712 0.000221917 101.543 0.00241382 0.00021155 100.668
3640 0.00291712 0.000221917 101.543 0.00241299 0.00021153 100.667
3650 0.00291712 0.000221917 101.543 0.00241217 0.00021151 100.665
3660 0.00291712 0.000221917 101.543 0.00241135 0.00021149 100.664
3670 0.00291712 0.000221917 101.543 0.00241053 0.00021147 100.662
3680 0.00291712 0.000221917 101.543 0.00240971 0.000211451 100.661
3690 0.00291712 0.000221917 101.543 0.0024089 0.000211431 100.66
3700 0.00291712 0.000221917 101.543 0.00240809 0.000211411 100.658
3710 0.00291712 0.000221917 101.543 0.00240728 0.000211392 100.657
3720 0.00291712 0.000221917 101.543 0.00240648 0.000211373 100.656
3730 0.00291712 0.000221917 101.543 0.00240568 0.000211353 100.654
3740 0.00291712 0.000221917 101.543 0.00240488 0.000211334 100.653
3750 0.00291712 0.000221917 101.543 0.00240408 0.000211315 100.652
3760 0.00291712 0.000221917 101.543 0.00240329 0.000211295 100.65
3770 0.00291712 0.000221917 101.543 0.0024025 0.000211276 100.649
3780 0.00291712 0.000221917 101.543 0.00240172 0.000211257 100.648
3790 0.00291712 0.000221917 101.543 0.00240094 0.000211238 100.646
3800 0.00291712 0.000221917 101.543 0.00240016 0.000211219 100.645
3810 0.00291712 0.000221917 101.543 0.00239938 0.0002112 100.644
3820 0.00291712 0.000221917 101.543 0.00239861 0.000211182 100.642
3830 0.00291712 0.000221917 101.543 0.00239783 0.000211163 100.641
3840 0.00291712 0.000221917 101.543 0.00239707 0.000211144 100.64
3850 0.00291712 0.000221917 101.543 0.0023963 0.000211126 100.639
3860 0.00291712 0.000221917 101.543 0.00239554 0.000211107 100.637
3870 0.00291712 0.000221917 101.543 0.00239478 0.000211088 100.636
3880 0.00291712 0.000221917 101.543 0.00239402 0.00021107 100.635
3890 0.00291712 0.000221917 101.543 0.00239327 0.000211052 100.634
3900 0.00291712 0.000221917 101.543 0.00239252 0.000211033 100.632
3910 0.00291712 0.000221917 101.543 0.00239177 0.000211015 100.631
3920 0.00291712 0.000221917 101.543 0.00239102 0.000210997 100.63
3930 0.00291712 0.000221917 101.543 0.00239028 0.000210979 100.629
3940 0.00291712 0.000221917 101.543 0.00238954 0.000210961 100.627
3950 0.00291712 0.000221917 101.543 0.0023888 0.000210942 100.626
3960 0.00291712 0.000221917 101.543 0.00238807 0.000210924 100.625
3970 0.00291712 0.000221917 101.543 0.00238733 0.000210907 100.624
3980 0.00291712 0.000221917 101.543 0.00238661 0.000210889 100.622
3990 0.00291712 0.000221917 101.543 0.00238588 0.000210871 100.621
4000 0.00291712 0.000221917 101.543 0.00238515 0.000210853 100.62
4010 0.00291712 0.000221917 101.543 0.00238443 0.000210835 100.619
4020 0.00291712 0.000221917 101.543 0.00238371 0.000210818 100.618
4030 0.00291712 0.000221917 101.543 0.002383 0.0002108 100.616
4040 0.00291712 0.000221917 101.543 0.00238228 0.000210783 100.615
4050 0.00291712 0.000221917 101.543 0.00238157 0.000210765 100.614
4060 0.00291712 0.000221917 101.543 0.00238086 0.000210748 100.613
4070 0.00291712 0.000221917 101.543 0.00238016 0.00021073 100.612
4080 0.00291712 0.000221917 101.543 0.00237945 0.000210713 100.61
4090 0.00291712 0.000221917 101.543 0.00237875 0.000210696 100.609
4100 0.00291712 0.000221917 101.543 0.00237805 0.000210678 100.608
4110 0.00291712 0.000221917 101.543 0.00237736 0.000210661 100.607
4120 0.00291712 0.000221917 101.543 0.00237666 0.000210644 100.606
4130 0.00291712 0.000221917 101.543 0.00237597 0.000210627 100.605
4140 0.00291712 0.000221917 101.543 0.00237528 0.00021061 100.603
4150 0.00291712 0.000221917 101.543 0.0023746 0.000210593 100.602
4160 0.00291712 0.000221917 101.543 0.00237391 0.000210576 100.601
4170 0.00291712 0.000221917 101.543 0.00237323 0.000210559 100.6
4180 0.00291712 0.000221917 101.543 0.00237255 0.000210543 100.599
4190 0.00291712 0.000221917 101.543 0.00237188 0.000210526 100.598
4200 0.00291712 0.000221917 101.543 0.0023712 0.000210509 100.597
4210 0.00291712 0.000221917 101.543 0.00237053 0.000210493 100.596
4220 0.00291712 0.000221917 101.543 0.00236986 0.000210476 100.594
4230 0.00291712 0.000221917 101.543 0.0023692 0.000210459 100.593
4240 0.00291712 0.000221917 101.543 0.00236853 0.000210443 100.592
4250 0.00291712 0.000221917 101.543 0.00236787 0.000210427 100.591
4260 0.00291712 0.000221917 101.543 0.00236721 0.00021041 100.59
4270 0.00291712 0.000221917 101.543 0.00236655 0.000210394 100.589
4280 0.00291712 0.000221917 101.543 0.00236589 0.000210377 100.588
4290 0.00291712 0.000221917 101.543 0.00236524 0.000210361 100.587
4300 0.00291712 0.000221917 101.543 0.00236459 0.000210345 100.586
4310 0.00291712 0.000221917 101.543 0.00236394 0.000210329 100.585
4320 0.00291712 0.000221917 101.543 0.00236329 0.000210313 100.583
4330 0.00291712 0.000221917 101.543 0.00236265 0.000210297 100.582
4340 0.00291712 0.000221917 101.543 0.00236201 0.000210281 100.581
4350 0.00291712 0.000221917 101.543 0.00236137 0.000210265 100.58
4360 0.00291712 0.000221917 101.543 0.00236073 0.000210249 100.579
4370 0.00291712 0.000221917 101.543 0.0023601 0.000210233 100.578
4380 0.00291712 0.000221917 101.543 0.00235946 0.000210217 100.577
4390 0.00291712 0.000221917 101.543 0.00235883 0.000210202 100.576
4400 0.00291712 0.000221917 101.543 0.0023582 0.000210186 100.575
4410 0.00291712 0.000221917 101.543 0.00235757 0.00021017 100.574
4420 0.00291712 0.000221917 101.543 0.00235695 0.000210155 100.573
4430 0.00291712 0.000221917 101.543 0.00235633 0.000210139 100.572
4440 0.00291712 0.000221917 101.543 0.00235571 0.000210123 100.571
4450 0.00291712 0.000221917 101.543 0.00235509 0.000210108 100.57
4460 0.00291712 0.000221917 101.543 0.00235447 0.000210093 100.569
4470 0.00291712 0.000221917 101.543 0.00235386 0.000210077 100.568
4480 0.00291712 0.000221917 101.543 0.00235325 0.000210062 100.567
4490 0.00291712 0.000221917 101.543 0.00235264 0.000210047 100.566
4500 0.00291712 0.000221917 101.543 0.00235203 0.000210031 100.565
4510 0.00291712 0.000221917 101.543 0.00235142 0.000210016 100.564
4520 0.00291712 0.000221917 101.543 0.00235082 0.000210001 100.563
4530 0.00291712 0.000221917 101.543 0.00235022 0.000209986 100.562
4540 0.00291712 0.000221917 101.543 0.00234962 0.000209971 100.561
4550 0.00291712 0.000221917 101.543 0.00234902 0.000209956 100.56
4560 0.00291712 0.000221917 101.543 0.00234842 0.000209941 100.559
4570 0.00291712 0.000221917 101.543 0.00234783 0.000209926 100.558
4580 0.00291712 0.000221917 101.543 0.00234724 0.000209911 100.557
4590 0.00291712 0.000221917 101.543 0.00234665 0.000209896 100.556
4600 0.00291712 0.000221917 101.543 0.00234606 0.000209881 100.555
4610 0.00291712 0.000221917 101.543 0.00234547 0.000209866 100.554
4620 0.00291712 0.000221917 101.543 0.00234489 0.000209852 100.553
4630 0.00291712 0.000221917 101.543 0.00234431 0.000209837 100.552
4640 0.00291712 0.000221917 101.543 0.00234373 0.000209822 100.551
4650 0.00291712 0.000221917 101.543 0.00234315 0.000209808 100.55
4660 0.00291712 0.000221917 101.543 0.00234257 0.000209793 100.549
4670 0.00291712 0.000221917 101.543 0.002342 0.000209779 100.548
4680 0.00291712 0.000221917 101.543 0.00234142 0.000209764 100.547
4690 0.00291712 0.000221917 101.543 0.00234085 0.00020975 100.546
4700 0.00291712 0.000221917 101.543 0.00234028 0.000209735 100.545
4710 0.00291712 0.000221917 101.543 0.00233972 0.000209721 100.544
4720 0.00291712 0.000221917 101.543 0.00233915 0.000209707 100.543
4730 0.00291712 0.000221917 101.543 0.00233859 0.000209693 100.542
4740 0.00291712 0.000221917 101.543 0.00233803 0.000209678 100.541
4750 0.00291712 0.000221917 101.543 0.00233747 0.000209664 100.541
4760 0.00291712 0.000221917 101.543 0.00233691 0.00020965 100.54
4770 0.00291712 0.000221917 101.543 0.00233635 0.000209636 100.539
4780 0.00291712 0.000221917 101.543 0.0023358 0.000209622 100.538
4790 0.00291712 0.000221917 101.543 0.00233524 0.000209608 100.537
4800 0.00291712 0.000221917 101.543 0.00233469 0.000209594 100.536
4810 0.00291712 0.000221917 101.543 0.00233414 0.00020958 100.535
4820 0.00291712 0.000221917 101.543 0.0023336 0.000209566 100.534
4830 0.00291712 0.000221917 101.543 0.00233305 0.000209552 100.533
4840 0.00291712 0.000221917 101.543 0.00233251 0.000209538 100.532
4850 0.00291712 0.000221917 101.543 0.00233197 0.000209524 100.531
4860 0.00291712 0.000221917 101.543 0.00233143 0.000209511 100.531
4870 0.00291712 0.000221917 101.543 0.00233089 0.000209497 100.53
4880 0.00291712 0.000221917 101.543 0.00233035 0.000209483 100.529
4890 0.00291712 0.000221917 101.543 0.00232981 0.00020947 100.528
4900 0.00291712 0.000221917 101.543 0.00232928 0.000209456 100.527
4910 0.00291712 0.000221917 101.543 0.00232875 0.000209443 100.526
4920 0.00291712 0.000221917 101.543 0.00232822 0.000209429 100.525
4930 0.00291712 0.000221917 101.543 0.00232769 0.000209416 100.524
4940 0.00291712 0.000221917 101.543 0.00232716 0.000209402 100.523
4950 0.00291712 0.000221917 101.543 0.00232664 0.000209389 100.523
4960 0.00291712 0.000221917 101.543 0.00232612 0.000209375 100.522
4970 0.00291712 0.000221917 101.543 0.00232559 0.000209362 100.521
4980 0.00291712 0.000221917 101.543 0.00232507 0.000209349 100.52
4990 0.00291712 0.000221917 101.543 0.00232455 0.000209336 100.519
5000 0.00291712 0.000221917 101.543 0.00232404 0.000209322 100.518
5010 0.00291712 0.000221917 101.543 0.00232352 0.000209309 100.517
5020 0.00291712 0.000221917 101.543 0.00232301 0.000209296 100.517
5030 0.00291712 0.000221917 101.543 0.0023225 0.000209283 100.516
5040 0.00291712 0.000221917 101.543 0.00232199 0.00020927 100.515
5050 0.00291712 0.000221917 101.543 0.00232148 0.000209257 100.514
5060 0.00291712 0.000221917 101.543 0.00232097 0.000209244 100.513
5070 0.00291712 0.000221917 101.543 0.00232046 0.000209231 100.512
5080 0.00291712 0.000221917 101.543 0.00231996 0.000209218 100.512
5090 0.00291712 0.000221917 101.543 0.00231946 0.000209205 100.511
5100 0.00291712 0.000221917 101.543 0.00231895 0.000209192 100.51
5110 0.00291712 0.000221917 101.543 0.00231846 0.000209179 100.509
5120 0.00291712 0.000221917 101.543 0.00231796 0.000209166 100.508
5130 0.00291712 0.000221917 101.543 0.00231746 0.000209154 100.507
5140 0.00291712 0.000221917 101.543 0.00231697 0.000209141 100.507
5150 0.00291712 0.000221917 101.543 0.00231647 0.000209128 100.506
5160 0.00291712 0.000221917 101.543 0.00231598 0.000209116 100.505
5170 0.00291712 0.000221917 101.543 0.00231549 0.000209103 100.504
5180 0.00291712 0.000221917 101.543 0.002315 0.00020909 100.503
5190 0.00291712 0.000221917 101.543 0.00231451 0.000209078 100.503
5200 0.00291712 0.000221917 101.543 0.00231403 0.000209065 100.502
5210 0.00291712 0.000221917 101.543 0.00231354 0.000209053 100.501
5220 0.00291712 0.000221917 101.543 0.00231306 0.00020904 100.5
5230 0.00291712 0.000221917 101.543 0.00231258 0.000209028 100.499
5240 0.00291712 0.000221917 101.543 0.0023121 0.000209016 100.499
5250 0.00291712 0.000221917 101.543 0.00231162 0.000209003 100.498
5260 0.00291712 0.000221917 101.543 0.00231114 0.000208991 100.497
5270 0.00291712 0.000221917 101.543 0.00231066 0.000208979 100.496
5280 0.00291712 0.000221917 101.543 0.00231019 0.000208967 100.495
5290 0.00291712 0.000221917 101.543 0.00230972 0.000208954 100.495
5300 0.00291712 0.000221917 101.543 0.00230925 0.000208942 100.494
5310 0.00291712 0.000221917 101.543 0.00230877 0.00020893 100.493
5320 0.00291712 0.000221917 101.543 0.00230831 0.000208918 100.492
5330 0.00291712 0.000221917 101.543 0.00230784 0.000208906 100.492
5340 0.00291712 0.000221917 101.543 0.00230737 0.000208894 100.491
5350 0.00291712 0.000221917 101.543 0.00230691 0.000208882 100.49
5360 0.00291712 0.000221917 101.543 0.00230644 0.00020887 100.489
5370 0.00291712 0.000221917 101.543 0.00230598 0.000208858 100.488
5380 0.00291712 0.000221917 101.543 0.00230552 0.000208846 100.488
5390 0.00291712 0.000221917 101.543 0.00230506 0.000208834 100.487
5400 0.00291712 0.000221917 101.543 0.00230461 0.000208822 100.486
5410 0.00291712 0.000221917 101.543 0.00230415 0.00020881 100.485
5420 0.00291712 0.000221917 101.543 0.00230369 0.000208798 100.485
5430 0.00291712 0.000221917 101.543 0.00230324 0.000208787 100.484
5440 0.00291712 0.000221917 101.543 0.00230279 0.000208775 100.483
5450 0.00291712 0.000221917 101.543 0.00230234 0.000208763 100.482
5460 0.00291712 0.000221917 101.543 0.00230189 0.000208752 100.482
5470 0.00291712 0.000221917 101.543 0.00230144 0.00020874 100.481
5480 0.00291712 0.000221917 101.543 0.00230099 0.000208728 100.48
5490 0.00291712 0.000221917 101.543 0.00230054 0.000208717 100.48
5500 0.00291712 0.000221917 101.543 0.0023001 0.000208705 100.479
5510 0.00291712 0.000221917 101.543 0.00229966 0.000208694 100.478
5520 0.00291712 0.000221917 101.543 0.00229921 0.000208682 100.477
5530 0.00291712 0.000221917 101.543 0.00229877 0.000208671 100.477
5540 0.00291712 0.000221917 101.543 0.00229833 0.000208659 100.476
5550 0.00291712 0.000221917 101.543 0.0022979 0.000208648 100.475
5560 0.00291712 0.000221917 101.543 0.00229746 0.000208636 100.474
5570 0.00291712 0.000221917 101.543 0.00229702 0.000208625 100.474
5580 0.00291712 0.000221917 101.543 0.00229659 0.000208614 100.473
5590 0.00291712 0.000221917 101.543 0.00229616 0.000208602 100.472
5600 0.00291712 0.000221917 101.543 0.00229572 0.000208591 100.472
5610 0.00291712 0.000221917 101.543 0.00229529 0.00020858 100.471
5620 0.00291712 0.000221917 101.543 0.00229486 0.000208569 100.47
5630 0.00291712 0.000221917 101.543 0.00229444 0.000208558 100.469
5640 0.00291712 0.000221917 101.543 0.00229401 0.000208546 100.469
5650 0.00291712 0.000221917 101.543 0.00229358 0.000208535 100.468
5660 0.00291712 0.000221917 101.543 0.00229316 0.000208524 100.467
5670 0.00291712 0.000221917 101.543 0.00229274 0.000208513 100.467
5680 0.00291712 0.000221917 101.543 0.00229231 0.000208502 100.466
5690 0.00291712 0.000221917 101.543 0.00229189 0.000208491 100.465
5700 0.00291712 0.000221917 101.543 0.00229147 0.00020848 100.465
5710 0.00291712 0.000221917 101.543 0.00229105 0.000208469 100.464
5720 0.00291712 0.000221917 101.543 0.00229064 0.000208458 100.463
5730 0.00291712 0.000221917 101.543 0.00229022 0.000208447 100.463
5740 0.00291712 0.000221917 101.543 0.00228981 0.000208437 100.462
5750 0.00291712 0.000221917 101.543 0.00228939 0.000208426 100.461
5760 0.00291712 0.000221917 101.543 0.00228898 0.000208415 100.46
5770 0.00291712 0.000221917 101.543 0.00228857 0.000208404 100.46
5780 0.00291712 0.000221917 101.543 0.00228816 0.000208393 100.459
5790 0.00291712 0.000221917 101.543 0.00228775 0.000208383 100.458
5800 0.00291712 0.000221917 101.543 0.00228734 0.000208372 100.458
5810 0.00291712 0.000221917 101.543 0.00228693 0.000208361 100.457
5820 0.00291712 0.000221917 101.543 0.00228653 0.000208351 100.456
5830 0.00291712 0.000221917 101.543 0.00228612 0.00020834 100.456
5840 0.00291712 0.000221917 101.543 0.00228572 0.000208329 100.455
5850 0.00291712 0.000221917 101.543 0.00228532 0.000208319 100.454
5860 0.00291712 0.000221917 101.543 0.00228491 0.000208308 100.454
5870 0.00291712 0.000221917 101.543 0.00228451 0.000208298 100.453
5880 0.00291712 0.000221917 101.543 0.00228412 0.000208287 100.453
5890 0.00291712 0.000221917 101.543 0.00228372 0.000208277 100.452
5900 0.00291712 0.000221917 101.543 0.00228332 0.000208266 100.451
5910 0.00291712 0.000221917 101.543 0.00228292 0.000208256 100.451
5920 0.00291712 0.000221917 101.543 0.00228253 0.000208246 100.45
5930 0.00291712 0.000221917 101.543 0.00228214 0.000208235 100.449
5940 0.00291712 0.000221917 101.543 0.00228174 0.000208225 100.449
5950 0.00291712 0.000221917 101.543 0.00228135 0.000208215 100.448
5960 0.00291712 0.000221917 101.543 0.00228096 0.000208204 100.447
5970 0.00291712 0.000221917 101.543 0.00228057 0.000208194 100.447
5980 0.00291712 0.000221917 101.543 0.00228018 0.000208184 100.446
5990 0.00291712 0.000221917 101.543 0.0022798 0.000208174 100.445
6000 0.00291712 0.000221917 101.543 0.00227941 0.000208163 100.445
6010 0.00291712 0.000221917 101.543 0.00227903 0.000208153 100.444
6020 0.00291712 0.000221917 101.543 0.00227864 0.000208143 100.444
6030 0.00291712 0.000221917 101.543 0.00227826 0.000208133 100.443
6040 0.00291712 0.000221917 101.543 0.00227788 0.000208123 100.442
6050 0.00291712 0.000221917 101.543 0.0022775 0.000208113 100.442
6060 0.00291712 0.000221917 101.543 0.00227712 0.000208103 100.441
6070 0.00291712 0.000221917 101.543 0.00227674 0.000208093 100.44
6080 0.00291712 0.000221917 101.543 0.00227636 0.000208083 100.44
6090 0.00291712 0.000221917 101.543 0.00227598 0.000208073 100.439
6100 0.00291712 0.000221917 101.543 0.00227561 0.000208063 100.439
6110 0.00291712 0.000221917 101.543 0.00227523 0.000208053 100.438
6120 0.00291712 0.000221917 101.543 0.00227486 0.000208043 100.437
6130 0.00291712 0.000221917 101.543 0.00227448 0.000208033 100.437
6140 0.00291712 0.000221917 101.543 0.00227411 0.000208023 100.436
6150 0.00291712 0.000221917 101.543 0.00227374 0.000208014 100.435
6160 0.00291712 0.000221917 101.543 0.00227337 0.000208004 100.435
6170 0.00291712 0.000221917 101.543 0.002273 0.000207994 100.434
6180 0.00291712 0.000221917 101.543 0.00227264 0.000207984 100.434
6190 0.00291712 0.000221917 101.543 0.00227227 0.000207975 100.433
6200 0.00291712 0.000221917 101.543 0.0022719 0.000207965 100.432
6210 0.00291712 0.000221917 101.543 0.00227154 0.000207955 100.432
6220 0.00291712 0.000221917 101.543 0.00227117 0.000207946 100.431
6230 0.00291712 0.000221917 101.543 0.00227081 0.000207936 100.431
6240 0.00291712 0.000221917 101.543 0.00227045 0.000207926 100.43
6250 0.00291712 0.000221917 101.543 0.00227009 0.000207917 100.43
6260 0.00291712 0.000221917 101.543 0.00226973 0.000207907 100.429
6270 0.00291712 0.000221917 101.543 0.00226937 0.000207898 100.428
6280 0.00291712 0.000221917 101.543 0.00226901 0.000207888 100.428
6290 0.00291712 0.000221917 101.543 0.00226865 0.000207879 100.427
6300 0.00291712 0.000221917 101.543 0.0022683 0.000207869 100.427
6310 0.00291712 0.000221917 101.543 0.00226794 0.00020786 100.426
6320 0.00291712 0.000221917 101.543 0.00226759 0.00020785 100.425
6330 0.00291712 0.000221917 101.543 0.00226723 0.000207841 100.425
6340 0.00291712 0.000221917 101.543 0.00226688 0.000207832 100.424
6350 0.00291712 0.000221917 101.543 0.00226653 0.000207822 100.424
6360 0.00291712 0.000221917 101.543 0.00226618 0.000207813 100.423
6370 0.00291712 0.000221917 101.543 0.00226583 0.000207803 100.423
6380 0.00291712 0.000221917 101.543 0.00226548 0.000207794 100.422
6390 0.00291712 0.000221917 101.543 0.00226513 0.000207785 100.421
6400 0.00291712 0.000221917 101.543 0.00226478 0.000207776 100.421
6410 0.00291712 0.000221917 101.543 0.00226444 0.000207766 100.42
6420 0.00291712 0.000221917 101.543 0.00226409 0.000207757 100.42
6430 0.00291712 0.000221917 101.543 0.00226375 0.000207748 100.419
6440 0.00291712 0.000221917 101.543 0.0022634 0.000207739 100.419
6450 0.00291712 0.000221917 101.543 0.00226306 0.00020773 100.418
6460 0.00291712 0.000221917 101.543 0.00226272 0.000207721 100.417
6470 0.00291712 0.000221917 101.543 0.00226238 0.000207712 100.417
6480 0.00291712 0.000221917 101.543 0.00226204 0.000207702 100.416
6490 0.00291712 0.000221917 101.543 0.0022617 0.000207693 100.416
6500 0.00291712 0.000221917 101.543 0.00226136 0.000207684 100.415
6510 0.00291712 0.000221917 101.543 0.00226102 0.000207675 100.415
6520 0.00291712 0.000221917 101.543 0.00226068 0.000207666 100.414
6530 0.00291712 0.000221917 101.543 0.00226035 0.000207657 100.414
6540 0.00291712 0.000221917 101.543 0.00226001 0.000207648 100.413
6550 0.00291712 0.000221917 101.543 0.00225968 0.000207639 100.412
6560 0.00291712 0.000221917 101.543 0.00225935 0.000207631 100.412
6570 0.00291712 0.000221917 101.543 0.00225901 0.000207622 100.411
6580 0.00291712 0.000221917 101.543 0.00225868 0.000207613 100.411
6590 0.00291712 0.000221917 101.543 0.00225835 0.000207604 100.41
6600 0.00291712 0.000221917 101.543 0.00225802 0.000207595 100.41
6610 0.00291712 0.000221917 101.543 0.00225769 0.000207586 100.409
6620 0.00291712 0.000221917 101.543 0.00225736 0.000207578 100.409
6630 0.00291712 0.000221917 101.543 0.00225704 0.000207569 100.408
6640 0.00291712 0.000221917 101.543 0.00225671 0.00020756 100.408
6650 0.00291712 0.000221917 101.543 0.00225638 0.000207551 100.407
6660 0.00291712 0.000221917 101.543 0.00225606 0.000207543 100.407
6670 0.00291712 0.000221917 101.543 0.00225574 0.000207534 100.406
6680 0.00291712 0.000221917 101.543 0.00225541 0.000207525 100.406
6690 0.00291712 0.000221917 101.543 0.00225509 0.000207517 100.405
6700 0.00291712 0.000221917 101.543 0.00225477 0.000207508 100.404
6710 0.00291712 0.000221917 101.543 0.00225445 0.000207499 100.404
6720 0.00291712 0.000221917 101.543 0.00225413 0.000207491 100.403
6730 0.00291712 0.000221917 101.543 0.00225381 0.000207482 100.403
6740 0.00291712 0.000221917 101.543 0.00225349 0.000207474 100.402
6750 0.00291712 0.000221917 101.543 0.00225317 0.000207465 100.402
6760 0.00291712 0.000221917 101.543 0.00225285 0.000207457 100.401
6770 0.00291712 0.000221917 101.543 0.00225254 0.000207448 100.401
6780 0.00291712 0.000221917 101.543 0.00225222 0.00020744 100.4
6790 0.00291712 0.000221917 101.543 0.00225191 0.000207431 100.4
6800 0.00291712 0.000221917 101.543 0.00225159 0.000207423 100.399
6810 0.00291712 0.000221917 101.543 0.00225128 0.000207414 100.399
6820 0.00291712 0.000221917 101.543 0.00225097 0.000207406 100.398
6830 0.00291712 0.000221917 101.543 0.00225066 0.000207398 100.398
6840 0.00291712 0.000221917 101.543 0.00225035 0.000207389 100.397
6850 0.00291712 0.000221917 101.543 0.00225004 0.000207381 100.397
6860 0.00291712 0.000221917 101.543 0.00224973 0.000207372 100.396
6870 0.00291712 0.000221917 101.543 0.00224942 0.000207364 100.396
6880 0.00291712 0.000221917 101.543 0.00224911 0.000207356 100.395
6890 0.00291712 0.000221917 101.543 0.0022488 0.000207348 100.395
6900 0.00291712 0.000221917 101.543 0.0022485 0.000207339 100.394
6910 0.00291712 0.000221917 101.543 0.00224819 0.000207331 100.394
6920 0.00291712 0.000221917 101.543 0.00224789 0.000207323 100.393
6930 0.00291712 0.000221917 101.543 0.00224758 0.000207315 100.393
6940 0.00291712 0.000221917 101.543 0.00224728 0.000207307 100.392
6950 0.00291712 0.000221917 101.543 0.00224698 0.000207298 100.392
6960 0.00291712 0.000221917 101.543 0.00224668 0.00020729 100.391
6970 0.00291712 0.000221917 101.543 0.00224638 0.000207282 100.391
6980 0.00291712 0.000221917 101.543 0.00224608 0.000207274 100.39
6990 0.00291712 0.000221917 101.543 0.00224578 0.000207266 100.39
7000 0.00291712 0.000221917 101.543 0.00224548 0.000207258 100.389
7010 0.00291712 0.000221917 101.543 0.00224518 0.00020725 100.389
7020 0.00291712 0.000221917 101.543 0.00224488 0.000207242 100.388
7030 0.00291712 0.000221917 101.543 0.00224458 0.000207234 100.388
7040 0.00291712 0.000221917 101.543 0.00224429 0.000207226 100.387
7050 0.00291712 0.000221917 101.543 0.00224399 0.000207218 100.387
7060 0.00291712 0.000221917 101.543 0.0022437 0.00020721 100.386
7070 0.00291712 0.000221917 101.543 0.0022434 0.000207202 100.386
7080 0.00291712 0.000221917 101.543 0.00224311 0.000207194 100.385
7090 0.00291712 0.000221917 101.543 0.00224282 0.000207186 100.385
7100 0.00291712 0.000221917 101.543 0.00224253 0.000207178 100.385
7110 0.00291712 0.000221917 101.543 0.00224224 0.00020717 100.384
7120 0.00291712 0.000221917 101.543 0.00224195 0.000207162 100.384
7130 0.00291712 0.000221917 101.543 0.00224166 0.000207155 100.383
7140 0.00291712 0.000221917 101.543 0.00224137 0.000207147 100.383
7150 0.00291712 0.000221917 101.543 0.00224108 0.000207139 100.382
7160 0.00291712 0.000221917 101.543 0.00224079 0.000207131 100.382
7170 0.00291712 0.000221917 101.543 0.0022405 0.000207123 100.381
7180 0.00291712 0.000221917 101.543 0.00224022 0.000207116 100.381
7190 0.00291712 0.000221917 101.543 0.00223993 0.000207108 100.38
7200 0.00291712 0.000221917 101.543 0.00223965 0.0002071 100.38
7210 0.00291712 0.000221917 101.543 0.00223936 0.000207092 100.379
7220 0.00291712 0.000221917 101.543 0.00223908 0.000207085 100.379
7230 0.00291712 0.000221917 101.543 0.0022388 0.000207077 100.378
7240 0.00291712 0.000221917 101.543 0.00223851 0.000207069 100.378
7250 0.00291712 0.000221917 101.543 0.00223823 0.000207062 100.378
7260 0.00291712 0.000221917 101.543 0.00223795 0.000207054 100.377
7270 0.00291712 0.000221917 101.543 0.00223767 0.000207046 100.377
7280 0.00291712 0.000221917 101.543 0.00223739 0.000207039 100.376
7290 0.00291712 0.000221917 101.543 0.00223711 0.000207031 100.376
7300 0.00291712 0.000221917 101.543 0.00223683 0.000207024 100.375
7310 0.00291712 0.000221917 101.543 0.00223656 0.000207016 100.375
7320 0.00291712 0.000221917 101.543 0.00223628 0.000207009 100.374
7330 0.00291712 0.000221917 101.543 0.002236 0.000207001 100.374
7340 0.00291712 0.000221917 101.543 0.00223573 0.000206994 100.373
7350 0.00291712 0.000221917 101.543 0.00223545 0.000206986 100.373
7360 0.00291712 0.000221917 101.543 0.00223518 0.000206979 100.373
7370 0.00291712 0.000221917 101.543 0.0022349 0.000206971 100.372
7380 0.00291712 0.000221917 101.543 0.00223463 0.000206964 100.372
7390 0.00291712 0.000221917 101.543 0.00223436 0.000206956 100.371
7400 0.00291712 0.000221917 101.543 0.00223409 0.000206949 100.371
7410 0.00291712 0.000221917 101.543 0.00223381 0.000206942 100.37
7420 0.00291712 0.000221917 101.543 0.00223354 0.000206934 100.37
7430 0.00291712 0.000221917 101.543 0.00223327 0.000206927 100.369
7440 0.00291712 0.000221917 101.543 0.002233 0.000206919 100.369
7450 0.00291712 0.000221917 101.543 0.00223273 0.000206912 100.369
7460 0.00291712 0.000221917 101.543 0.00223247 0.000206905 100.368
7470 0.00291712 0.000221917 101.543 0.0022322 0.000206898 100.368
7480 0.00291712 0.000221917 101.543 0.00223193 0.00020689 100.367
7490 0.00291712 0.000221917 101.543 0.00223166 0.000206883 100.367
7500 0.00291712 0.000221917 101.543 0.0022314 0.000206876 100.366
7510 0.00291712 0.000221917 101.543 0.00223113 0.000206869 100.366
7520 0.00291712 0.000221917 101.543 0.00223087 0.000206861 100.366
7530 0.00291712 0.000221917 101.543 0.00223061 0.000206854 100.365
7540 0.00291712 0.000221917 101.543 0.00223034 0.000206847 100.365
7550 0.00291712 0.000221917 101.543 0.00223008 0.00020684 100.364
7560 0.00291712 0.000221917 101.543 0.00222982 0.000206833 100.364
7570 0.00291712 0.000221917 101.543 0.00222955 0.000206825 100.363
7580 0.00291712 0.000221917 101.543 0.00222929 0.000206818 100.363
7590 0.00291712 0.000221917 101.543 0.00222903 0.000206811 100.363
7600 0.00291712 0.000221917 101.543 0.00222877 0.000206804 100.362
7610 0.00291712 0.000221917 101.543 0.00222851 0.000206797 100.362
7620 0.00291712 0.000221917 101.543 0.00222826 0.00020679 100.361
7630 0.00291712 0.000221917 101.543 0.002228 0.000206783 100.361
7640 0.00291712 0.000221917 101.543 0.00222774 0.000206776 100.36
7650 0.00291712 0.000221917 101.543 0.00222748 0.000206769 100.36
7660 0.00291712 0.000221917 101.543 0.00222723 0.000206762 100.36
7670 0.00291712 0.000221917 101.543 0.00222697 0.000206755 100.359
7680 0.00291712 0.000221917 101.543 0.00222672 0.000206748 100.359
7690 0.00291712 0.000221917 101.543 0.00222646 0.000206741 100.358
7700 0.00291712 0.000221917 101.543 0.00222621 0.000206734 100.358
7710 0.00291712 0.000221917 101.543 0.00222595 0.000206727 100.358
7720 0.00291712 0.000221917 101.543 0.0022257 0.00020672 100.357
7730 0.00291712 0.000221917 101.543 0.00222545 0.000206713 100.357
7740 0.00291712 0.000221917 101.543 0.0022252 0.000206706 100.356
7750 0.00291712 0.000221917 101.543 0.00222494 0.000206699 100.356
7760 0.00291712 0.000221917 101.543 0.00222469 0.000206692 100.356
7770 0.00291712 0.000221917 101.543 0.00222444 0.000206686 100.355
7780 0.00291712 0.000221917 101.543 0.00222419 0.000206679 100.355
7790 0.00291712 0.000221917 101.543 0.00222394 0.000206672 100.354
7800 0.00291712 0.000221917 101.543 0.0022237 0.000206665 100.354
7810 0.00291712 0.000221917 101.543 0.00222345 0.000206658 100.354
7820 0.00291712 0.000221917 101.543 0.0022232 0.000206651 100.353
7830 0.00291712 0.000221917 101.543 0.00222295 0.000206645 100.353
7840 0.00291712 0.000221917 101.543 0.00222271 0.000206638 100.352
7850 0.00291712 0.000221917 101.543 0.00222246 0.000206631 100.352
7860 0.00291712 0.000221917 101.543 0.00222222 0.000206624 100.352
7870 0.00291712 0.000221917 101.543 0.00222197 0.000206618 100.351
7880 0.00291712 0.000221917 101.543 0.00222173 0.000206611 100.351
7890 0.00291712 0.000221917 101.543 0.00222148 0.000206604 100.35
7900 0.00291712 0.000221917 101.543 0.00222124 0.000206598 100.35
7910 0.00291712 0.000221917 101.543 0.002221 0.000206591 100.35
7920 0.00291712 0.000221917 101.543 0.00222076 0.000206584 100.349
7930 0.00291712 0.000221917 101.543 0.00222051 0.000206578 100.349
7940 0.00291712 0.000221917 101.543 0.00222027 0.000206571 100.348
7950 0.00291712 0.000221917 101.543 0.00222003 0.000206564 100.348
7960 0.00291712 0.000221917 101.543 0.00221979 0.000206558 100.348
7970 0.00291712 0.000221917 101.543 0.00221955 0.000206551 100.347
7980 0.00291712 0.000221917 101.543 0.00221931 0.000206545 100.347
7990 0.00291712 0.000221917 101.543 0.00221908 0.000206538 100.346
8000 0.00291712 0.000221917 101.543 0.00221884 0.000206532 100.346
8010 0.00291712 0.000221917 101.543 0.0022186 0.000206525 100.346
8020 0.00291712 0.000221917 101.543 0.00221836 0.000206519 100.345
8030 0.00291712 0.000221917 101.543 0.00221813 0.000206512 100.345
8040 0.00291712 0.000221917 101.543 0.00221789 0.000206506 100.345
8050 0.00291712 0.000221917 101.543 0.00221766 0.000206499 100.344
8060 0.00291712 0.000221917 101.543 0.00221742 0.000206493 100.344
8070 0.00291712 0.000221917 101.543 0.00221719 0.000206486 100.343
8080 0.00291712 0.000221917 101.543 0.00221695 0.00020648 100.343
8090 0.00291712 0.000221917 101.543 0.00221672 0.000206473 100.343
8100 0.00291712 0.000221917 101.543 0.00221649 0.000206467 100.342
8110 0.00291712 0.000221917 101.543 0.00221625 0.00020646 100.342
8120 0.00291712 0.000221917 101.543 0.00221602 0.000206454 100.341
8130 0.00291712 0.000221917 101.543 0.00221579 0.000206448 100.341
8140 0.00291712 0.000221917 101.543 0.00221556 0.000206441 100.341
8150 0.00291712 0.000221917 101.543 0.00221533 0.000206435 100.34
8160 0.00291712 0.000221917 101.543 0.0022151 0.000206429 100.34
8170 0.00291712 0.000221917 101.543 0.00221487 0.000206422 100.34
8180 0.00291712 0.000221917 101.543 0.00221464 0.000206416 100.339
8190 0.00291712 0.000221917 101.543 0.00221441 0.00020641 100.339
8200 0.00291712 0.000221917 101.543 0.00221418 0.000206403 100.339
8210 0.00291712 0.000221917 101.543 0.00221396 0.000206397 100.338
8220 0.00291712 0.000221917 101.543 0.00221373 0.000206391 100.338
8230 0.00291712 0.000221917 101.543 0.0022135 0.000206385 100.337
8240 0.00291712 0.000221917 101.543 0.00221328 0.000206378 100.337
8250 0.00291712 0.000221917 101.543 0.00221305 0.000206372 100.337
8260 0.00291712 0.000221917 101.543 0.00221283 0.000206366 100.336
8270 0.00291712 0.000221917 101.543 0.0022126 0.00020636 100.336
8280 0.00291712 0.000221917 101.543 0.00221238 0.000206353 100.336
8290 0.00291712 0.000221917 101.543 0.00221215 0.000206347 100.335
8300 0.00291712 0.000221917 101.543 0.00221193 0.000206341 100.335
8310 0.00291712 0.000221917 101.543 0.00221171 0.000206335 100.335
8320 0.00291712 0.000221917 101.543 0.00221148 0.000206329 100.334
8330 0.00291712 0.000221917 101.543 0.00221126 0.000206323 100.334
8340 0.00291712 0.000221917 101.543 0.00221104 0.000206316 100.333
8350 0.00291712 0.000221917 101.543 0.00221082 0.00020631 100.333
8360 0.00291712 0.000221917 101.543 0.0022106 0.000206304 100.333
8370 0.00291712 0.000221917 101.543 0.00221038 0.000206298 100.332
8380 0.00291712 0.000221917 101.543 0.00221016 0.000206292 100.332
8390 0.00291712 0.000221917 101.543 0.00220994 0.000206286 100.332
8400 0.00291712 0.000221917 101.543 0.00220972 0.00020628 100.331
8410 0.00291712 0.000221917 101.543 0.0022095 0.000206274 100.331
8420 0.00291712 0.000221917 101.543 0.00220929 0.000206268 100.331
8430 0.00291712 0.000221917 101.543 0.00220907 0.000206262 100.33
8440 0.00291712 0.000221917 101.543 0.00220885 0.000206256 100.33
8450 0.00291712 0.000221917 101.543 0.00220864 0.00020625 100.33
8460 0.00291712 0.000221917 101.543 0.00220842 0.000206244 100.329
8470 0.00291712 0.000221917 101.543 0.0022082 0.000206238 100.329
8480 0.00291712 0.000221917 101.543 0.00220799 0.000206232 100.328
8490 0.00291712 0.000221917 101.543 0.00220778 0.000206226 100.328
8500 0.00291712 0.000221917 101.543 0.00220756 0.00020622 100.328
8510 0.00291712 0.000221917 101.543 0.00220735 0.000206214 100.327
8520 0.00291712 0.000221917 101.543 0.00220713 0.000206208 100.327
8530 0.00291712 0.000221917 101.543 0.00220692 0.000206202 100.327
8540 0.00291712 0.000221917 101.543 0.00220671 0.000206196 100.326
8550 0.00291712 0.000221917 101.543 0.0022065 0.00020619 100.326
8560 0.00291712 0.000221917 101.543 0.00220628 0.000206185 100.326
8570 0.00291712 0.000221917 101.543 0.00220607 0.000206179 100.325
8580 0.00291712 0.000221917 101.543 0.00220586 0.000206173 100.325
8590 0.00291712 0.000221917 101.543 0.00220565 0.000206167 100.325
8600 0.00291712 0.000221917 101.543 0.00220544 0.000206161 100.324
8610 0.00291712 0.000221917 101.543 0.00220523 0.000206155 100.324
8620 0.00291712 0.000221917 101.543 0.00220502 0.00020615 100.324
8630 0.00291712 0.000221917 101.543 0.00220482 0.000206144 100.323
8640 0.00291712 0.000221917 101.543 0.00220461 0.000206138 100.323
8650 0.00291712 0.000221917 101.543 0.0022044 0.000206132 100.323
8660 0.00291712 0.000221917 101.543 0.00220419 0.000206126 100.322
8670 0.00291712 0.000221917 101.543 0.00220399 0.000206121 100.322
8680 0.00291712 0.000221917 101.543 0.00220378 0.000206115 100.322
8690 0.00291712 0.000221917 101.543 0.00220357 0.000206109 100.321
8700 0.00291712 0.000221917 101.543 0.00220337 0.000206104 100.321
8710 0.00291712 0.000221917 101.543 0.00220316 0.000206098 100.321
8720 0.00291712 0.000221917 101.543 0.00220296 0.000206092 100.32
8730 0.00291712 0.000221917 101.543 0.00220275 0.000206086 100.32
8740 0.00291712 0.000221917 101.543 0.00220255 0.000206081 100.32
8750 0.00291712 0.000221917 101.543 0.00220235 0.000206075 100.319
8760 0.00291712 0.000221917 101.543 0.00220214 0.000206069 100.319
8770 0.00291712 0.000221917 101.543 0.00220194 0.000206064 100.319
8780 0.00291712 0.000221917 101.543 0.00220174 0.000206058 100.318
8790 0.00291712 0.000221917 101.543 0.00220153 0.000206052 100.318
8800 0.00291712 0.000221917 101.543 0.00220133 0.000206047 100.318
8810 0.00291712 0.000221917 101.543 0.00220113 0.000206041 100.317
8820 0.00291712 0.000221917 101.543 0.00220093 0.000206036 100.317
8830 0.00291712 0.000221917 101.543 0.00220073 0.00020603 100.317
8840 0.00291712 0.000221917 101.543 0.00220053 0.000206025 100.316
8850 0.00291712 0.000221917 101.543 0.00220033 0.000206019 100.316
8860 0.00291712 0.000221917 101.543 0.00220013 0.000206013 100.316
8870 0.00291712 0.000221917 101.543 0.00219993 0.000206008 100.315
8880 0.00291712 0.000221917 101.543 0.00219973 0.000206002 100.315
8890 0.00291712 0.000221917 101.543 0.00219954 0.000205997 100.315
8900 0.00291712 0.000221917 101.543 0.00219934 0.000205991 100.315
8910 0.00291712 0.000221917 101.543 0.00219914 0.000205986 100.314
8920 0.00291712 0.000221917 101.543 0.00219894 0.00020598 100.314
8930 0.00291712 0.000221917 101.543 0.00219875 0.000205975 100.314
8940 0.00291712 0.000221917 101.543 0.00219855 0.000205969 100.313
8950 0.00291712 0.000221917 101.543 0.00219836 0.000205964 100.313
8960 0.00291712 0.000221917 101.543 0.00219816 0.000205958 100.313
8970 0.00291712 0.000221917 101.543 0.00219797 0.000205953 100.312
8980 0.00291712 0.000221917 101.543 0.00219777 0.000205948 100.312
8990 0.00291712 0.000221917 101.543 0.00219758 0.000205942 100.312
9000 0.00291712 0.000221917 101.543 0.00219738 0.000205937 100.311
9010 0.00291712 0.000221917 101.543 0.00219719 0.000205931 100.311
9020 0.00291712 0.000221917 101.543 0.002197 0.000205926 100.311
9030 0.00291712 0.000221917 101.543 0.0021968 0.00020592 100.31
9040 0.00291712 0.000221917 101.543 0.00219661 0.000205915 100.31
9050 0.00291712 0.000221917 101.543 0.00219642 0.00020591 100.31
9060 0.00291712 0.000221917 101.543 0.00219623 0.000205904 100.31
9070 0.00291712 0.000221917 101.543 0.00219604 0.000205899 100.309
9080 0.00291712 0.000221917 101.543 0.00219585 0.000205894 100.309
9090 0.00291712 0.000221917 101.543 0.00219566 0.000205888 100.309
9100 0.00291712 0.000221917 101.543 0.00219547 0.000205883 100.308
9110 0.00291712 0.000221917 101.543 0.00219528 0.000205878 100.308
9120 0.00291712 0.000221917 101.543 0.00219509 0.000205872 100.308
9130 0.00291712 0.000221917 101.543 0.0021949 0.000205867 100.307
9140 0.00291712 0.000221917 101.543 0.00219471 0.000205862 100.307
9150 0.00291712 0.000221917 101.543 0.00219452 0.000205857 100.307
9160 0.00291712 0.000221917 101.543 0.00219433 0.000205851 100.306
9170 0.00291712 0.000221917 101.543 0.00219415 0.000205846 100.306
9180 0.00291712 0.000221917 101.543 0.00219396 0.000205841 100.306
9190 0.00291712 0.000221917 101.543 0.00219377 0.000205836 100.306
9200 0.00291712 0.000221917 101.543 0.00219359 0.00020583 100.305
9210 0.00291712 0.000221917 101.543 0.0021934 0.000205825 100.305
9220 0.00291712 0.000221917 101.543 0.00219321 0.00020582 100.305
9230 0.00291712 0.000221917 101.543 0.00219303 0.000205815 100.304
9240 0.00291712 0.000221917 101.543 0.00219284 0.00020581 100.304
9250 0.00291712 0.000221917 101.543 0.00219266 0.000205804 100.304
9260 0.00291712 0.000221917 101.543 0.00219247 0.000205799 100.303
9270 0.00291712 0.000221917 101.543 0.00219229 0.000205794 100.303
9280 0.00291712 0.000221917 101.543 0.00219211 0.000205789 100.303
9290 0.00291712 0.000221917 101.543 0.00219192 0.000205784 100.303
9300 0.00291712 0.000221917 101.543 0.00219174 0.000205779 100.302
9310 0.00291712 0.000221917 101.543 0.00219156 0.000205774 100.302
9320 0.00291712 0.000221917 101.543 0.00219138 0.000205768 100.302
9330 0.00291712 0.000221917 101.543 0.00219119 0.000205763 100.301
9340 0.00291712 0.000221917 101.543 0.00219101 0.000205758 100.301
9350 0.00291712 0.000221917 101.543 0.00219083 0.000205753 100.301
9360 0.00291712 0.000221917 101.543 0.00219065 0.000205748 100.301
9370 0.00291712 0.000221917 101.543 0.00219047 0.000205743 100.3
9380 0.00291712 0.000221917 101.543 0.00219029 0.000205738 100.3
9390 0.00291712 0.000221917 101.543 0.00219011 0.000205733 100.3
9400 0.00291712 0.000221917 101.543 0.00218993 0.000205728 100.299
9410 0.00291712 0.000221917 101.543 0.00218975 0.000205723 100.299
9420 0.00291712 0.000221917 101.543 0.00218957 0.000205718 100.299
9430 0.00291712 0.000221917 101.543 0.00218939 0.000205713 100.298
9440 0.00291712 0.000221917 101.543 0.00218921 0.000205708 100.298
9450 0.00291712 0.000221917 101.543 0.00218904 0.000205703 100.298
9460 0.00291712 0.000221917 101.543 0.00218886 0.000205698 100.298
9470 0.00291712 0.000221917 101.543 0.00218868 0.000205693 100.297
9480 0.00291712 0.000221917 101.543 0.00218851 0.000205688 100.297
9490 0.00291712 0.000221917 101.543 0.00218833 0.000205683 100.297
9500 0.00291712 0.000221917 101.543 0.00218815 0.000205678 100.296
9510 0.00291712 0.000221917 101.543 0.00218798 0.000205673 100.296
9520 0.00291712 0.000221917 101.543 0.0021878 0.000205668 100.296
9530 0.00291712 0.000221917 101.543 0.00218763 0.000205663 100.296
9540 0.00291712 0.000221917 101.543 0.00218745 0.000205658 100.295
9550 0.00291712 0.000221917 101.543 0.00218728 0.000205653 100.295
9560 0.00291712 0.000221917 101.543 0.0021871 0.000205648 100.295
9570 0.00291712 0.000221917 101.543 0.00218693 0.000205643 100.295
9580 0.00291712 0.000221917 101.543 0.00218675 0.000205639 100.294
9590 0.00291712 0.000221917 101.543 0.00218658 0.000205634 100.294
9600 0.00291712 0.000221917 101.543 0.00218641 0.000205629 100.294
9610 0.00291712 0.000221917 101.543 0.00218624 0.000205624 100.293
9620 0.00291712 0.000221917 101.543 0.00218606 0.000205619 100.293
9630 0.00291712 0.000221917 101.543 0.00218589 0.000205614 100.293
9640 0.00291712 0.000221917 101.543 0.00218572 0.000205609 100.293
9650 0.00291712 0.000221917 101.543 0.00218555 0.000205605 100.292
9660 0.00291712 0.000221917 101.543 0.00218538 0.0002056 100.292
9670 0.00291712 0.000221917 101.543 0.00218521 0.000205595 100.292
9680 0.00291712 0.000221917 101.543 0.00218504 0.00020559 100.291
9690 0.00291712 0.000221917 101.543 0.00218487 0.000205585 100.291
9700 0.00291712 0.000221917 101.543 0.0021847 0.000205581 100.291
9710 0.00291712 0.000221917 101.543 0.00218453 0.000205576 100.291
9720 0.00291712 0.000221917 101.543 0.00218436 0.000205571 100.29
9730 0.00291712 0.000221917 101.543 0.00218419 0.000205566 100.29
9740 0.00291712 0.000221917 101.543 0.00218402 0.000205561 100.29
9750 0.00291712 0.000221917 101.543 0.00218385 0.000205557 100.29
9760 0.00291712 0.000221917 101.543 0.00218368 0.000205552 100.289
9770 0.00291712 0.000221917 101.543 0.00218352 0.000205547 100.289
9780 0.00291712 0.000221917 101.543 0.00218335 0.000205542 100.289
9790 0.00291712 0.000221917 101.543 0.00218318 0.000205538 100.288
9800 0.00291712 0.000221917 101.543 0.00218302 0.000205533 100.288
9810 0.00291712 0.000221917 101.543 0.00218285 0.000205528 100.288
9820 0.00291712 0.000221917 101.543 0.00218268 0.000205524 100.288
9830 0.00291712 0.000221917 101.543 0.00218252 0.000205519 100.287
9840 0.00291712 0.000221917 101.543 0.00218235 0.000205514 100.287
9850 0.00291712 0.000221917 101.543 0.00218219 0.00020551 100.287
9860 0.00291712 0.000221917 101.543 0.00218202 0.000205505 100.287
9870 0.00291712 0.000221917 101.543 0.00218186 0.0002055 100.286
9880 0.00291712 0.000221917 101.543 0.00218169 0.000205496 100.286
9890 0.00291712 0.000221917 101.543 0.00218153 0.000205491 100.286
9900 0.00291712 0.000221917 101.543 0.00218136 0.000205486 100.286
9910 0.00291712 0.000221917 101.543 0.0021812 0.000205482 100.285
9920 0.00291712 0.000221917 101.543 0.00218104 0.000205477 100.285
9930 0.00291712 0.000221917 101.543 0.00218088 0.000205473 100.285
9940 0.00291712 0.000221917 101.543 0.00218071 0.000205468 100.285
9950 0.00291712 0.000221917 101.543 0.00218055 0.000205463 100.284
9960 0.00291712 0.000221917 101.543 0.00218039 0.000205459 100.284
9970 0.00291712 0.000221917 101.543 0.00218023 0.000205454 100.284
9980 0.00291712 0.000221917 101.543 0.00218007 0.00020545 100.283
9990 0.00291712 0.000221917 101.543 0.0021799 0.000205445 100.283
