0 0 -0
0 0.02 -259.944
0 0.04 -546.294
0 0.06 -839.264
0 0.08 -1047
0 0.1 -1346.69
0 0.12 -1617.1
0 0.14 -1946.13
0 0.16 -2159.14
0 0.18 -2380.41
0 0.2 -2745.86
0 0.22 -2997.67
0 0.24 -3281.55
0 0.26 -3510.94
0 0.28 -3922.03
0 0.3 -4045.84
0 0.32 -4340.58
0 0.34 -4872.1
0 0.36 -4789.31
0 0.38 -5107.3
0 0.4 -5372.84
0 0.42 -5693.42
0 0.44 -6125.03
0 0.46 -6074.22
0 0.48 -6607.11

0.1 0 -62.4154
0.1 0.02 -280.612
0.1 0.04 -548.215
0.1 0.06 -819.759
0.1 0.08 -1136.53
0.1 0.1 -1340.82
0.1 0.12 -1630.23
0.1 0.14 -1892.76
0.1 0.16 -2173.42
0.1 0.18 -2383.25
0.1 0.2 -2618.24
0.1 0.22 -3018.37
0.1 0.24 -3227.36
0.1 0.26 -3565.8
0.1 0.28 -3942.02
0.1 0.3 -4012.36
0.1 0.32 -4180.77
0.1 0.34 -4589.2
0.1 0.36 -4885.9
0.1 0.38 -5266.36
0.1 0.4 -5170.31
0.1 0.42 -5762.62
0.1 0.44 -5908.28
0.1 0.46 -6144.01
0.1 0.48 -6557.06

0.2 0 -125.124
0.2 0.02 -302.938
0.2 0.04 -569.955
0.2 0.06 -838.231
0.2 0.08 -1116.54
0.2 0.1 -1393.83
0.2 0.12 -1669.44
0.2 0.14 -1920.3
0.2 0.16 -2168.23
0.2 0.18 -2410.67
0.2 0.2 -2718.71
0.2 0.22 -3019.22
0.2 0.24 -3312.48
0.2 0.26 -3472.49
0.2 0.28 -3927.34
0.2 0.3 -3993.57
0.2 0.32 -4410.5
0.2 0.34 -4663.15
0.2 0.36 -4896.71
0.2 0.38 -5275.39
0.2 0.4 -5378.41
0.2 0.42 -5741.89
0.2 0.44 -6016.88
0.2 0.46 -6336.69
0.2 0.48 -6446.18

0.3 0 -187.513
0.3 0.02 -330.812
0.3 0.04 -588.428
0.3 0.06 -838.837
0.3 0.08 -1148.49
0.3 0.1 -1368.37
0.3 0.12 -1769.52
0.3 0.14 -1933.47
0.3 0.16 -2208.19
0.3 0.18 -2483.26
0.3 0.2 -2856.09
0.3 0.22 -2962.64
0.3 0.24 -3245.1
0.3 0.26 -3766.63
0.3 0.28 -3948.59
0.3 0.3 -4233.43
0.3 0.32 -4470
0.3 0.34 -4754.1
0.3 0.36 -5289.44
0.3 0.38 -5451.48
0.3 0.4 -5475.72
0.3 0.42 -5641.42
0.3 0.44 -6177.28
0.3 0.46 -6635.55
0.3 0.48 -6752.43

0.4 0 -302.848
0.4 0.02 -398.399
0.4 0.04 -648.039
0.4 0.06 -893.55
0.4 0.08 -1188.4
0.4 0.1 -1480.12
0.4 0.12 -1720.64
0.4 0.14 -2073.62
0.4 0.16 -2215
0.4 0.18 -2637.26
0.4 0.2 -2799.97
0.4 0.22 -3166.26
0.4 0.24 -3489.3
0.4 0.26 -3767.24
0.4 0.28 -4247.7
0.4 0.3 -4559.58
0.4 0.32 -4921.72
0.4 0.34 -4793.04
0.4 0.36 -5113.51
0.4 0.38 -5605.01
0.4 0.4 -5894.42
0.4 0.42 -5946.05
0.4 0.44 -6228.18
0.4 0.46 -6792.14
0.4 0.48 -7141.41

0.5 0 -422.886
0.5 0.02 -725.448
0.5 0.04 -745.28
0.5 0.06 -1043.1
0.5 0.08 -1249.18
0.5 0.1 -1999.86
0.5 0.12 -1911.81
0.5 0.14 -2136.37
0.5 0.16 -2425.16
0.5 0.18 -2728.56
0.5 0.2 -3038.08
0.5 0.22 -3506.89
0.5 0.24 -8311.91
0.5 0.26 -3953.86
0.5 0.28 -4234.86
0.5 0.3 -4629.54
0.5 0.32 -5184.64
0.5 0.34 -5831.53
0.5 0.36 -5768.98
0.5 0.38 -5716.24
0.5 0.4 -6261.21
0.5 0.42 -6514.75
0.5 0.44 -6870.69
0.5 0.46 -6763.6
0.5 0.48 -7404.07

0.6 0 -751.428
0.6 0.02 -721.047
0.6 0.04 -979.413
0.6 0.06 -21615.6
0.6 0.08 -3503.54
0.6 0.1 -2102.8
0.6 0.12 -3678.11
0.6 0.14 -2284.51
0.6 0.16 -2704.46
0.6 0.18 -4253.15
0.6 0.2 -3353.82
0.6 0.22 -3716.96
0.6 0.24 -4644.54
0.6 0.26 -6165.99
0.6 0.28 -75266.1
0.6 0.3 -5321.39
0.6 0.32 -5466.97
0.6 0.34 -6729.34
0.6 0.36 -5941.35
0.6 0.38 -16570.8
0.6 0.4 -7528.84
0.6 0.42 -7484.95
0.6 0.44 -8120.72
0.6 0.46 -8059.01
0.6 0.48 -7550.59

0.7 0 -1877.88
0.7 0.02 -13482.6
0.7 0.04 -4495.77
0.7 0.06 -1773.03
0.7 0.08 -1792.81
0.7 0.1 -2599.54
0.7 0.12 -2581.04
0.7 0.14 -3857.47
0.7 0.16 -6012.87
0.7 0.18 -3487.92
0.7 0.2 -4351.48
0.7 0.22 -6453.81
0.7 0.24 -6139.84
0.7 0.26 -6253.42
0.7 0.28 -5279
0.7 0.3 -7940.96
0.7 0.32 -108646
0.7 0.34 -18851.4
0.7 0.36 -8437.53
0.7 0.38 -8272.02
0.7 0.4 -8835.3
0.7 0.42 -8485.74
0.7 0.44 -49288.4
0.7 0.46 -10330.5
0.7 0.48 -8552.98

0.8 0 -5323.05
0.8 0.02 -268303
0.8 0.04 -35777.9
0.8 0.06 -44926.2
0.8 0.08 -4936.37
0.8 0.1 -41600.3
0.8 0.12 -3302.87
0.8 0.14 -7419.19
0.8 0.16 -7143.4
0.8 0.18 -8009.29
0.8 0.2 -24159.9
0.8 0.22 -10820.8
0.8 0.24 -7208.97
0.8 0.26 -35351.3
0.8 0.28 -43571.4
0.8 0.3 -13804.5
0.8 0.32 -16306.7
0.8 0.34 -26441.8
0.8 0.36 -37779.4
0.8 0.38 -145739
0.8 0.4 -21962.3
0.8 0.42 -19455.8
0.8 0.44 -11468
0.8 0.46 -68441.9
0.8 0.48 -18162.6

0.9 0 -22160.9
0.9 0.02 -13372.7
0.9 0.04 -6783.17
0.9 0.06 -8429.95
0.9 0.08 -4290.96
0.9 0.1 -55634
0.9 0.12 -8168.78
0.9 0.14 -24949
0.9 0.16 -13337.2
0.9 0.18 -24193.5
0.9 0.2 -48447.6
0.9 0.22 -84896.5
0.9 0.24 -11113.3
0.9 0.26 -11744.3
0.9 0.28 -37679.1
0.9 0.3 -97188.4
0.9 0.32 -12720.8
0.9 0.34 -22242.4
0.9 0.36 -53806.3
0.9 0.38 -36526
0.9 0.4 -23445.7
0.9 0.42 -14201.5
0.9 0.44 -50748.2
0.9 0.46 -34387.1
0.9 0.48 -58704.2

