0 0 0
0 0.02 260.41
0 0.04 547.274
0 0.06 840.771
0 0.08 1048.72
0 0.1 1348.97
0 0.12 1619.67
0 0.14 1949.31
0 0.16 2162.79
0 0.18 2384.31
0 0.2 2750.74
0 0.22 3002.94
0 0.24 3287.3
0 0.26 3516.95
0 0.28 3928.87
0 0.3 4052.78
0 0.32 4348.35
0 0.34 4880.27
0 0.36 4797.65
0 0.38 5115.24
0 0.4 5382.53
0 0.42 5703.55
0 0.44 6135.3
0 0.46 6084.78
0 0.48 6618.51

0.1 0 62.5383
0.1 0.02 281.096
0.1 0.04 549.187
0.1 0.06 821.297
0.1 0.08 1138.47
0.1 0.1 1343.33
0.1 0.12 1633.22
0.1 0.14 1895.95
0.1 0.16 2177.36
0.1 0.18 2387.19
0.1 0.2 2622.71
0.1 0.22 3023.51
0.1 0.24 3233.52
0.1 0.26 3571.79
0.1 0.28 3948.94
0.1 0.3 4019.41
0.1 0.32 4188.22
0.1 0.34 4597.19
0.1 0.36 4894.1
0.1 0.38 5275.21
0.1 0.4 5178.72
0.1 0.42 5772.29
0.1 0.44 5918.9
0.1 0.46 6155.13
0.1 0.48 6568.58

0.2 0 125.378
0.2 0.02 303.475
0.2 0.04 570.967
0.2 0.06 839.781
0.2 0.08 1118.48
0.2 0.1 1395.99
0.2 0.12 1672.13
0.2 0.14 1923.77
0.2 0.16 2171.86
0.2 0.18 2415
0.2 0.2 2723.42
0.2 0.22 3024
0.2 0.24 3318.33
0.2 0.26 3478.31
0.2 0.28 3934.46
0.2 0.3 4000.4
0.2 0.32 4418.31
0.2 0.34 4671.01
0.2 0.36 4905.8
0.2 0.38 5284.61
0.2 0.4 5387.67
0.2 0.42 5751.68
0.2 0.44 6026.43
0.2 0.46 6347.99
0.2 0.48 6457.63

0.3 0 187.885
0.3 0.02 331.381
0.3 0.04 589.423
0.3 0.06 840.288
0.3 0.08 1150.47
0.3 0.1 1370.76
0.3 0.12 1772.71
0.3 0.14 1936.61
0.3 0.16 2211.94
0.3 0.18 2487.59
0.3 0.2 2861.08
0.3 0.22 2967.87
0.3 0.24 3251.23
0.3 0.26 3773.11
0.3 0.28 3955.75
0.3 0.3 4240.93
0.3 0.32 4477.86
0.3 0.34 4762.3
0.3 0.36 5298.31
0.3 0.38 5460.98
0.3 0.4 5485.59
0.3 0.42 5651
0.3 0.44 6188.66
0.3 0.46 6647.1
0.3 0.48 6763.87

0.4 0 303.5
0.4 0.02 399.087
0.4 0.04 649.273
0.4 0.06 895.028
0.4 0.08 1190.67
0.4 0.1 1482.73
0.4 0.12 1723.61
0.4 0.14 2077.4
0.4 0.16 2218.57
0.4 0.18 2641.82
0.4 0.2 2804.66
0.4 0.22 3172.15
0.4 0.24 3495.6
0.4 0.26 3773.33
0.4 0.28 4255.91
0.4 0.3 4568.06
0.4 0.32 4930.61
0.4 0.34 4801.33
0.4 0.36 5122.27
0.4 0.38 5614.92
0.4 0.4 5904.81
0.4 0.42 5957.41
0.4 0.44 6239.01
0.4 0.46 6804.37
0.4 0.48 7154.48

0.5 0 423.833
0.5 0.02 726.874
0.5 0.04 746.759
0.5 0.06 1044.81
0.5 0.08 1251.45
0.5 0.1 2004.08
0.5 0.12 1915.58
0.5 0.14 2140.53
0.5 0.16 2429.35
0.5 0.18 2733.56
0.5 0.2 3043.34
0.5 0.22 3513.03
0.5 0.24 8319.42
0.5 0.26 3961.46
0.5 0.28 4242.53
0.5 0.3 4638.12
0.5 0.32 5194.19
0.5 0.34 5842.75
0.5 0.36 5778.55
0.5 0.38 5726.46
0.5 0.4 6272.72
0.5 0.42 6526.38
0.5 0.44 6883.22
0.5 0.46 6775.78
0.5 0.48 7417.52

0.6 0 753.042
0.6 0.02 722.332
0.6 0.04 981.509
0.6 0.06 21689.5
0.6 0.08 3511.73
0.6 0.1 2105.87
0.6 0.12 3684.06
0.6 0.14 2288.56
0.6 0.16 2709.43
0.6 0.18 4258.89
0.6 0.2 3359.96
0.6 0.22 3723
0.6 0.24 4652.68
0.6 0.26 6179.62
0.6 0.28 75431.5
0.6 0.3 5332.06
0.6 0.32 5476.57
0.6 0.34 6740.36
0.6 0.36 5952.42
0.6 0.38 16596.6
0.6 0.4 7540.92
0.6 0.42 7498.57
0.6 0.44 8137.11
0.6 0.46 8073.03
0.6 0.48 7564.3

0.7 0 1882.05
0.7 0.02 13516.1
0.7 0.04 4511.89
0.7 0.06 1776.98
0.7 0.08 1796.76
0.7 0.1 2603.9
0.7 0.12 2586.07
0.7 0.14 3865.92
0.7 0.16 6028.6
0.7 0.18 3493.86
0.7 0.2 4360.79
0.7 0.22 6467.65
0.7 0.24 6154.09
0.7 0.26 6263.53
0.7 0.28 5290.34
0.7 0.3 7958.31
0.7 0.32 108803
0.7 0.34 18900.1
0.7 0.36 8455
0.7 0.38 8283.67
0.7 0.4 8849.58
0.7 0.42 8501.57
0.7 0.44 49469.3
0.7 0.46 10345.1
0.7 0.48 8568.26

0.8 0 5337.97
0.8 0.02 269593
0.8 0.04 35858
0.8 0.06 45001.1
0.8 0.08 4940.59
0.8 0.1 41610.1
0.8 0.12 3309.62
0.8 0.14 7415.68
0.8 0.16 7151.52
0.8 0.18 8033.11
0.8 0.2 24241.5
0.8 0.22 10851.7
0.8 0.24 7225.19
0.8 0.26 35468.4
0.8 0.28 43731.5
0.8 0.3 13858.6
0.8 0.32 16325.1
0.8 0.34 26530.4
0.8 0.36 37885.8
0.8 0.38 145868
0.8 0.4 22042.6
0.8 0.42 19496.6
0.8 0.44 11493.4
0.8 0.46 68621.4
0.8 0.48 18218.1

0.9 0 22222.5
0.9 0.02 13386.5
0.9 0.04 6778.27
0.9 0.06 8442.66
0.9 0.08 4299.96
0.9 0.1 55680.5
0.9 0.12 8184.74
0.9 0.14 25048.1
0.9 0.16 13363.5
0.9 0.18 24229.3
0.9 0.2 48522.6
0.9 0.22 85023.3
0.9 0.24 11134.7
0.9 0.26 11762.4
0.9 0.28 37767.2
0.9 0.3 97389.6
0.9 0.32 12740.1
0.9 0.34 22265.6
0.9 0.36 53952.3
0.9 0.38 36607.2
0.9 0.4 23502.7
0.9 0.42 14221.8
0.9 0.44 50840
0.9 0.46 34391.6
0.9 0.48 58862.5

