0 0 0
0 0.01 133.849
0 0.02 269.393
0 0.03 402.645
0 0.04 535.427
0 0.05 688.105
0 0.06 819.396
0 0.07 933.097
0 0.08 1115.92
0 0.09 1218.92
0 0.1 1381.81
0 0.2 2704.2
0 0.3 3964.76
0 0.4 5415.07
0 0.5 6995.17
0 0.6 8054.51
0 0.7 9518.84
0 0.8 10643.2
0 0.9 12264.5

0.1 0 61.7645
0.1 0.01 151.694
0.1 0.02 282.531
0.1 0.03 416.597
0.1 0.04 521.392
0.1 0.05 685.935
0.1 0.06 801.153
0.1 0.07 936.843
0.1 0.08 1046.1
0.1 0.09 1224.06
0.1 0.1 1327.13
0.1 0.2 2701.57
0.1 0.3 4097.13
0.1 0.4 5372.4
0.1 0.5 6871.56
0.1 0.6 8130.22
0.1 0.7 9336.95
0.1 0.8 10807.5
0.1 0.9 12329.8

0.2 0 132.939
0.2 0.01 189.474
0.2 0.02 305.988
0.2 0.03 410.508
0.2 0.04 564.035
0.2 0.05 673.197
0.2 0.06 821.358
0.2 0.07 957.527
0.2 0.08 1067.67
0.2 0.09 1163.16
0.2 0.1 1378.89
0.2 0.2 2778.23
0.2 0.3 4084.49
0.2 0.4 5361.92
0.2 0.5 6935.01
0.2 0.6 8277.99
0.2 0.7 9752.09
0.2 0.8 10626.8
0.2 0.9 12491

0.3 0 191.326
0.3 0.01 236.315
0.3 0.02 333.268
0.3 0.03 467.683
0.3 0.04 602.959
0.3 0.05 741.253
0.3 0.06 846.853
0.3 0.07 966.548
0.3 0.08 1170.07
0.3 0.09 1307.35
0.3 0.1 1328.47
0.3 0.2 2766.46
0.3 0.3 4411.69
0.3 0.4 5849.61
0.3 0.5 7002.16
0.3 0.6 8273.4
0.3 0.7 9772.91
0.3 0.8 11187.8
0.3 0.9 12567.4

0.4 0 282.102
0.4 0.01 332.606
0.4 0.02 382.713
0.4 0.03 517.441
0.4 0.04 651.945
0.4 0.05 850.13
0.4 0.06 918.31
0.4 0.07 1069.9
0.4 0.08 1184.1
0.4 0.09 1380.76
0.4 0.1 1489.59
0.4 0.2 2906.81
0.4 0.3 4266.68
0.4 0.4 5913.01
0.4 0.5 7111.69
0.4 0.6 9271.66
0.4 0.7 10333.8
0.4 0.8 11587.3
0.4 0.9 13329.7

0.5 0 385.969
0.5 0.01 417.59
0.5 0.02 611.673
0.5 0.03 657.971
0.5 0.04 718.477
0.5 0.05 846.952
0.5 0.06 954.074
0.5 0.07 1166.09
0.5 0.08 1266.83
0.5 0.09 1393.82
0.5 0.1 1843.63
0.5 0.2 2971.25
0.5 0.3 4474.46
0.5 0.4 6180.92
0.5 0.5 7499.09
0.5 0.6 8955.44
0.5 0.7 10835.9
0.5 0.8 12481.4
0.5 0.9 15213.5

0.6 0 640.706
0.6 0.01 1498.23
0.6 0.02 991.188
0.6 0.03 960.434
0.6 0.04 1318.87
0.6 0.05 1185.46
0.6 0.06 1020.24
0.6 0.07 1725.1
0.6 0.08 2067.58
0.6 0.09 2035.04
0.6 0.1 2052.26
0.6 0.2 3313.24
0.6 0.3 6480.69
0.6 0.4 8127.7
0.6 0.5 7694.79
0.6 0.6 9463.69
0.6 0.7 23889.5
0.6 0.8 14498.3
0.6 0.9 14856.9

0.7 0 2542.04
0.7 0.01 3871.17
0.7 0.02 960.655
0.7 0.03 1604.64
0.7 0.04 11526.4
0.7 0.05 6133.21
0.7 0.06 9910.22
0.7 0.07 2076.02
0.7 0.08 1795.84
0.7 0.09 2661.76
0.7 0.1 3095.77
0.7 0.2 6104.85
0.7 0.3 5922.6
0.7 0.4 13221.9
0.7 0.5 13322.4
0.7 0.6 72741.9
0.7 0.7 43002.9
0.7 0.8 35749.6
0.7 0.9 66789.9

0.8 0 6129.72
0.8 0.01 47035.3
0.8 0.02 2392.52
0.8 0.03 15754.7
0.8 0.04 16942.6
0.8 0.05 168333
0.8 0.06 11376.5
0.8 0.07 10530.6
0.8 0.08 6767.7
0.8 0.09 5656.71
0.8 0.1 5622.32
0.8 0.2 16377.9
0.8 0.3 10112.3
0.8 0.4 23434.6
0.8 0.5 15659.3
0.8 0.6 48579
0.8 0.7 41829.1
0.8 0.8 27970.3
0.8 0.9 5.35592e+06

0.9 0 4989.9
0.9 0.01 6382.72
0.9 0.02 3721.86
0.9 0.03 6829.57
0.9 0.04 12305.5
0.9 0.05 3276.53
0.9 0.06 53790.7
0.9 0.07 80065.9
0.9 0.08 129328
0.9 0.09 18268.7
0.9 0.1 7566.72
0.9 0.2 8372.2
0.9 0.3 105443
0.9 0.4 11871.8
0.9 0.5 103835
0.9 0.6 28026.2
0.9 0.7 29674.4
0.9 0.8 29650
0.9 0.9 413785

1 0 496487
1 0.01 51783.3
1 0.02 13210.7
1 0.03 3308.15
1 0.04 9933.11
1 0.05 55132
1 0.06 17173.9
1 0.07 36118.3
1 0.08 14955.2
1 0.09 8618.09
1 0.1 35528.7
1 0.2 17894.9
1 0.3 32101.5
1 0.4 32843.9
1 0.5 125492
1 0.6 261520
1 0.7 63984.9
1 0.8 44017.4
1 0.9 199320

2 0 16145.5
2 0.01 19812.4
2 0.02 18025.8
2 0.03 23736.3
2 0.04 30156.7
2 0.05 130051
2 0.06 65903.7
2 0.07 45039.3
2 0.08 43499.4
2 0.09 21017.5
2 0.1 28298
2 0.2 31826.4
2 0.3 125012
2 0.4 204693
2 0.5 673031
2 0.6 248253
2 0.7 823170
2 0.8 221749
2 0.9 409566

3 0 447821
3 0.01 37716.2
3 0.02 71380.5
3 0.03 282775
3 0.04 25521.1
3 0.05 13129.8
3 0.06 25910.3
3 0.07 67871.8
3 0.08 13956.3
3 0.09 56881.9
3 0.1 15832.1
3 0.2 29545.4
3 0.3 2.2213e+06
3 0.4 165277
3 0.5 355646
3 0.6 88381.4
3 0.7 123441
3 0.8 272495
3 0.9 907650

4 0 9295.39
4 0.01 56041.2
4 0.02 160935
4 0.03 10384.6
4 0.04 12080.1
4 0.05 26995.2
4 0.06 12109.1
4 0.07 59056.4
4 0.08 15628.6
4 0.09 10278.7
4 0.1 84720.6
4 0.2 33977.4
4 0.3 35055.8
4 0.4 233627
4 0.5 323933
4 0.6 639207
4 0.7 61960.8
4 0.8 372679
4 0.9 167223

5 0 15173.1
5 0.01 27052.6
5 0.02 144503
5 0.03 8437.37
5 0.04 24510
5 0.05 13346.9
5 0.06 299500
5 0.07 21154.5
5 0.08 19685.1
5 0.09 19404.5
5 0.1 18912.6
5 0.2 24946.1
5 0.3 59944
5 0.4 78664.4
5 0.5 114753
5 0.6 4.02856e+06
5 0.7 169708
5 0.8 2.92162e+06
5 0.9 1.65074e+06

6 0 215920
6 0.01 50977.2
6 0.02 188052
6 0.03 55245.8
6 0.04 19986.3
6 0.05 54565.1
6 0.06 200172
6 0.07 26642.9
6 0.08 131526
6 0.09 19070.4
6 0.1 459146
6 0.2 66584.7
6 0.3 38238.7
6 0.4 120493
6 0.5 38509.7
6 0.6 62788.5
6 0.7 882494
6 0.8 156483
6 0.9 1.20514e+06

7 0 28116.9
7 0.01 25017.6
7 0.02 12795.3
7 0.03 163882
7 0.04 2.88862e+06
7 0.05 13625
7 0.06 75837.1
7 0.07 21215.3
7 0.08 34417.5
7 0.09 229733
7 0.1 155208
7 0.2 141915
7 0.3 100790
7 0.4 30716.4
7 0.5 167782
7 0.6 180024
7 0.7 117930
7 0.8 105316
7 0.9 335921

8 0 56405.8
8 0.01 4.90661e+06
8 0.02 40792.9
8 0.03 102486
8 0.04 53007.6
8 0.05 58160.3
8 0.06 124391
8 0.07 1.89382e+06
8 0.08 142270
8 0.09 168253
8 0.1 73865.4
8 0.2 1.28864e+07
8 0.3 145966
8 0.4 147847
8 0.5 328429
8 0.6 289712
8 0.7 103941
8 0.8 1.0911e+06
8 0.9 157485

9 0 129700
9 0.01 16826.9
9 0.02 66927.7
9 0.03 46867.9
9 0.04 28182.7
9 0.05 58813.2
9 0.06 107643
9 0.07 67272.7
9 0.08 21711.6
9 0.09 70388.3
9 0.1 114070
9 0.2 181179
9 0.3 128645
9 0.4 2.10145e+06
9 0.5 2.15937e+06
9 0.6 412202
9 0.7 108320
9 0.8 4.64003e+06
9 0.9 376430

