0 0 0.000181012
0 0.02 24.7573
0 0.04 30.5771
0 0.06 31.6082
0 0.08 32.0802
0 0.1 33.448
0 0.12 45.9766
0 0.14 72.4489
0 0.16 137.636
0 0.18 230.512
0 0.2 274.761
0 0.22 330321
0 0.24 81929.2
0 0.26 272523
0 0.28 476982
0 0.3 1.21959e+06
0 0.32 1.20954e+06
0 0.34 1.74535e+06
0 0.36 2.65005e+06
0 0.38 3.26178e+06
0 0.4 3.6821e+06
0 0.42 4.78376e+06
0 0.44 5.58165e+06
0 0.46 6.37813e+06
0 0.48 6.88275e+06

0.1 0 1.96825
0.1 0.02 25.101
0.1 0.04 30.6637
0.1 0.06 31.6227
0.1 0.08 32.4407
0.1 0.1 32.6299
0.1 0.12 35.1856
0.1 0.14 55.3503
0.1 0.16 134.549
0.1 0.18 196.818
0.1 0.2 31814.4
0.1 0.22 55545.4
0.1 0.24 257792
0.1 0.26 447992
0.1 0.28 1.0344e+06
0.1 0.3 803834
0.1 0.32 1.44195e+06
0.1 0.34 2.0814e+06
0.1 0.36 2.23943e+06
0.1 0.38 3.17064e+06
0.1 0.4 3.49175e+06
0.1 0.42 4.72189e+06
0.1 0.44 5.56067e+06
0.1 0.46 5.67633e+06
0.1 0.48 6.35646e+06

0.2 0 3.79178
0.2 0.02 24.7351
0.2 0.04 30.93
0.2 0.06 31.4561
0.2 0.08 31.8544
0.2 0.1 32.9067
0.2 0.12 46.0489
0.2 0.14 93.0984
0.2 0.16 140.653
0.2 0.18 208.974
0.2 0.2 263.032
0.2 0.22 141141
0.2 0.24 136664
0.2 0.26 562555
0.2 0.28 629671
0.2 0.3 838916
0.2 0.32 1.42678e+06
0.2 0.34 2.00063e+06
0.2 0.36 2.48953e+06
0.2 0.38 2.83304e+06
0.2 0.4 4.47423e+06
0.2 0.42 4.02192e+06
0.2 0.44 5.30709e+06
0.2 0.46 6.21264e+06
0.2 0.48 6.79227e+06

0.3 0 5.91356
0.3 0.02 24.8991
0.3 0.04 30.5013
0.3 0.06 31.1832
0.3 0.08 31.8295
0.3 0.1 32.8225
0.3 0.12 35.9477
0.3 0.14 89.6034
0.3 0.16 131.341
0.3 0.18 217.343
0.3 0.2 283.877
0.3 0.22 312.889
0.3 0.24 235821
0.3 0.26 384949
0.3 0.28 725438
0.3 0.3 710779
0.3 0.32 1.91602e+06
0.3 0.34 2.18857e+06
0.3 0.36 2.17482e+06
0.3 0.38 3.23817e+06
0.3 0.4 3.72301e+06
0.3 0.42 4.14639e+06
0.3 0.44 5.79904e+06
0.3 0.46 6.35302e+06
0.3 0.48 7.60813e+06

0.4 0 7.84337
0.4 0.02 25.8055
0.4 0.04 30.4443
0.4 0.06 31.5602
0.4 0.08 31.8315
0.4 0.1 33.1488
0.4 0.12 35.9337
0.4 0.14 63.9412
0.4 0.16 134.056
0.4 0.18 195.58
0.4 0.2 266.134
0.4 0.22 20234.6
0.4 0.24 604740
0.4 0.26 444891
0.4 0.28 702334
0.4 0.3 478722
0.4 0.32 1.31287e+06
0.4 0.34 1.78642e+06
0.4 0.36 2.04878e+06
0.4 0.38 3.79273e+06
0.4 0.4 3.66003e+06
0.4 0.42 4.95602e+06
0.4 0.44 6.14076e+06
0.4 0.46 6.63743e+06
0.4 0.48 7.67909e+06

0.5 0 9.74382
0.5 0.02 26.2386
0.5 0.04 30.6698
0.5 0.06 31.2124
0.5 0.08 31.888
0.5 0.1 33.4809
0.5 0.12 35.7059
0.5 0.14 97.8711
0.5 0.16 116.765
0.5 0.18 1416.33
0.5 0.2 43624.5
0.5 0.22 131068
0.5 0.24 233496
0.5 0.26 60228.6
0.5 0.28 627073
0.5 0.3 885722
0.5 0.32 1.12327e+06
0.5 0.34 1.6552e+06
0.5 0.36 2.83979e+06
0.5 0.38 3.31882e+06
0.5 0.4 3.65152e+06
0.5 0.42 4.01146e+06
0.5 0.44 5.43748e+06
0.5 0.46 6.52202e+06
0.5 0.48 6.00693e+06

0.6 0 12.1064
0.6 0.02 26.3195
0.6 0.04 31.0269
0.6 0.06 31.5755
0.6 0.08 31.8598
0.6 0.1 32.7353
0.6 0.12 44.6551
0.6 0.14 57.6879
0.6 0.16 148.218
0.6 0.18 201.559
0.6 0.2 46270.2
0.6 0.22 459583
0.6 0.24 116147
0.6 0.26 134217
0.6 0.28 927783
0.6 0.3 1.16256e+06
0.6 0.32 1.47014e+06
0.6 0.34 2.15845e+06
0.6 0.36 2.22993e+06
0.6 0.38 2.57976e+06
0.6 0.4 3.95926e+06
0.6 0.42 4.08787e+06
0.6 0.44 5.32844e+06
0.6 0.46 5.81241e+06
0.6 0.48 7.31715e+06

0.7 0 14.8453
0.7 0.02 27.1766
0.7 0.04 30.9133
0.7 0.06 31.5248
0.7 0.08 31.9257
0.7 0.1 32.9659
0.7 0.12 52.0473
0.7 0.14 72.4243
0.7 0.16 131.571
0.7 0.18 235.489
0.7 0.2 272.907
0.7 0.22 12806.1
0.7 0.24 620281
0.7 0.26 168889
0.7 0.28 670292
0.7 0.3 912837
0.7 0.32 1.71449e+06
0.7 0.34 1.96199e+06
0.7 0.36 2.06915e+06
0.7 0.38 2.94487e+06
0.7 0.4 4.09156e+06
0.7 0.42 3.96316e+06
0.7 0.44 5.284e+06
0.7 0.46 5.65582e+06
0.7 0.48 7.34163e+06

0.8 0 17.5876
0.8 0.02 27.1722
0.8 0.04 30.7349
0.8 0.06 31.2984
0.8 0.08 32.2718
0.8 0.1 33.2609
0.8 0.12 45.6325
0.8 0.14 75.0304
0.8 0.16 133.494
0.8 0.18 190.598
0.8 0.2 279.336
0.8 0.22 374932
0.8 0.24 209835
0.8 0.26 517032
0.8 0.28 917701
0.8 0.3 928026
0.8 0.32 1.48182e+06
0.8 0.34 1.67003e+06
0.8 0.36 2.40048e+06
0.8 0.38 3.24991e+06
0.8 0.4 4.50479e+06
0.8 0.42 4.91536e+06
0.8 0.44 4.95638e+06
0.8 0.46 7.01757e+06
0.8 0.48 7.23761e+06

0.9 0 20.3437
0.9 0.02 27.6442
0.9 0.04 30.8807
0.9 0.06 31.8563
0.9 0.08 32.2066
0.9 0.1 33.4533
0.9 0.12 35.8822
0.9 0.14 81.8557
0.9 0.16 121.456
0.9 0.18 220.953
0.9 0.2 321907
0.9 0.22 75094.2
0.9 0.24 302204
0.9 0.26 296140
0.9 0.28 709994
0.9 0.3 625548
0.9 0.32 1.40772e+06
0.9 0.34 1.62375e+06
0.9 0.36 2.41449e+06
0.9 0.38 3.28402e+06
0.9 0.4 3.52444e+06
0.9 0.42 4.9531e+06
0.9 0.44 5.55343e+06
0.9 0.46 5.74398e+06
0.9 0.48 5.9494e+06

