0 0 0.000348669
0 0.02 20.5661
0 0.04 38.1464
0 0.06 43.8338
0 0.08 49.7912
0 0.1 83.9927
0 0.12 130.279
0 0.14 215.356
0 0.16 327.217
0 0.18 359.075
0 0.2 479.595
0 0.22 540.546
0 0.24 591.734
0 0.26 81867.1
0 0.28 224151
0 0.3 508477
0 0.32 597990
0 0.34 1.47479e+06
0 0.36 1.43516e+06
0 0.38 2.16234e+06
0 0.4 2.54976e+06
0 0.42 4.3449e+06
0 0.44 5.32146e+06
0 0.46 5.06866e+06
0 0.48 6.13214e+06

0.1 0 1.72593
0.1 0.02 20.862
0.1 0.04 38.3604
0.1 0.06 43.8623
0.1 0.08 56.4742
0.1 0.1 75.6996
0.1 0.12 135.867
0.1 0.14 227.691
0.1 0.16 329.396
0.1 0.18 393.769
0.1 0.2 465.608
0.1 0.22 32008.4
0.1 0.24 104103
0.1 0.26 201040
0.1 0.28 470723
0.1 0.3 632205
0.1 0.32 526940
0.1 0.34 1.21839e+06
0.1 0.36 1.63158e+06
0.1 0.38 2.73465e+06
0.1 0.4 3.31846e+06
0.1 0.42 3.51798e+06
0.1 0.44 3.91505e+06
0.1 0.46 4.53355e+06
0.1 0.48 6.35581e+06

0.2 0 3.43545
0.2 0.02 21.0259
0.2 0.04 37.8305
0.2 0.06 43.5985
0.2 0.08 55.975
0.2 0.1 79.8036
0.2 0.12 138.388
0.2 0.14 199.245
0.2 0.16 312.695
0.2 0.18 404.628
0.2 0.2 473.861
0.2 0.22 529.483
0.2 0.24 270243
0.2 0.26 477335
0.2 0.28 563436
0.2 0.3 508604
0.2 0.32 691694
0.2 0.34 1.18182e+06
0.2 0.36 2.27393e+06
0.2 0.38 1.90432e+06
0.2 0.4 3.10848e+06
0.2 0.42 3.78191e+06
0.2 0.44 4.93654e+06
0.2 0.46 5.76685e+06
0.2 0.48 5.98368e+06

0.3 0 5.41158
0.3 0.02 20.8437
0.3 0.04 38.5089
0.3 0.06 43.4523
0.3 0.08 49.4961
0.3 0.1 64.527
0.3 0.12 133.651
0.3 0.14 224.637
0.3 0.16 306.685
0.3 0.18 393.568
0.3 0.2 469.503
0.3 0.22 545.645
0.3 0.24 166503
0.3 0.26 413618
0.3 0.28 174084
0.3 0.3 542871
0.3 0.32 1.20996e+06
0.3 0.34 1.43326e+06
0.3 0.36 1.64952e+06
0.3 0.38 2.15833e+06
0.3 0.4 2.73783e+06
0.3 0.42 3.6306e+06
0.3 0.44 3.92394e+06
0.3 0.46 5.99722e+06
0.3 0.48 5.02177e+06

0.4 0 7.75351
0.4 0.02 21.7159
0.4 0.04 38.6995
0.4 0.06 43.2369
0.4 0.08 56.6578
0.4 0.1 84.3662
0.4 0.12 150.929
0.4 0.14 222.985
0.4 0.16 291.777
0.4 0.18 408.222
0.4 0.2 479.053
0.4 0.22 542.644
0.4 0.24 618.01
0.4 0.26 246757
0.4 0.28 103923
0.4 0.3 374042
0.4 0.32 849650
0.4 0.34 912777
0.4 0.36 1.99795e+06
0.4 0.38 2.14075e+06
0.4 0.4 2.84286e+06
0.4 0.42 3.30118e+06
0.4 0.44 3.43289e+06
0.4 0.46 5.21613e+06
0.4 0.48 6.23065e+06

0.5 0 10.4719
0.5 0.02 21.7879
0.5 0.04 38.9699
0.5 0.06 43.7457
0.5 0.08 50.1858
0.5 0.1 82.0589
0.5 0.12 152.542
0.5 0.14 214.86
0.5 0.16 313.27
0.5 0.18 387.846
0.5 0.2 465.425
0.5 0.22 547.665
0.5 0.24 79685.4
0.5 0.26 376431
0.5 0.28 326731
0.5 0.3 499321
0.5 0.32 714025
0.5 0.34 1.52839e+06
0.5 0.36 1.61889e+06
0.5 0.38 2.18742e+06
0.5 0.4 2.45773e+06
0.5 0.42 3.76195e+06
0.5 0.44 4.16209e+06
0.5 0.46 5.47804e+06
0.5 0.48 6.41594e+06

0.6 0 12.3591
0.6 0.02 22.6822
0.6 0.04 38.4648
0.6 0.06 43.6418
0.6 0.08 50.3989
0.6 0.1 88.3704
0.6 0.12 138.381
0.6 0.14 213.315
0.6 0.16 303.701
0.6 0.18 387.353
0.6 0.2 456.513
0.6 0.22 530.938
0.6 0.24 42885
0.6 0.26 141369
0.6 0.28 170848
0.6 0.3 655535
0.6 0.32 657131
0.6 0.34 1.57487e+06
0.6 0.36 1.62621e+06
0.6 0.38 2.76246e+06
0.6 0.4 2.88401e+06
0.6 0.42 3.64234e+06
0.6 0.44 4.30302e+06
0.6 0.46 5.27524e+06
0.6 0.48 5.31346e+06

0.7 0 13.9972
0.7 0.02 23.5749
0.7 0.04 38.795
0.7 0.06 43.7163
0.7 0.08 50.9546
0.7 0.1 89.1162
0.7 0.12 149.963
0.7 0.14 251.386
0.7 0.16 322.453
0.7 0.18 397.184
0.7 0.2 467.272
0.7 0.22 559.205
0.7 0.24 596.986
0.7 0.26 469802
0.7 0.28 209463
0.7 0.3 737112
0.7 0.32 939023
0.7 0.34 1.27169e+06
0.7 0.36 1.74168e+06
0.7 0.38 2.29245e+06
0.7 0.4 2.76149e+06
0.7 0.42 2.95908e+06
0.7 0.44 4.41704e+06
0.7 0.46 5.12775e+06
0.7 0.48 7.67719e+06

0.8 0 14.731
0.8 0.02 24.5314
0.8 0.04 38.9338
0.8 0.06 43.5342
0.8 0.08 48.4203
0.8 0.1 78.6831
0.8 0.12 162.83
0.8 0.14 228.117
0.8 0.16 314.57
0.8 0.18 397.226
0.8 0.2 460.931
0.8 0.22 563.817
0.8 0.24 605.379
0.8 0.26 254178
0.8 0.28 43323.2
0.8 0.3 699456
0.8 0.32 710238
0.8 0.34 1.26632e+06
0.8 0.36 1.49525e+06
0.8 0.38 2.52146e+06
0.8 0.4 2.664e+06
0.8 0.42 4.00334e+06
0.8 0.44 4.38624e+06
0.8 0.46 5.32315e+06
0.8 0.48 5.9067e+06

0.9 0 15.489
0.9 0.02 25.3447
0.9 0.04 38.7592
0.9 0.06 43.9161
0.9 0.08 51.3387
0.9 0.1 81.2567
0.9 0.12 138.091
0.9 0.14 229.686
0.9 0.16 294.87
0.9 0.18 389.286
0.9 0.2 466.54
0.9 0.22 547.039
0.9 0.24 190620
0.9 0.26 527017
0.9 0.28 125536
0.9 0.3 736575
0.9 0.32 898604
0.9 0.34 1.0555e+06
0.9 0.36 1.7826e+06
0.9 0.38 2.33228e+06
0.9 0.4 2.4023e+06
0.9 0.42 3.79843e+06
0.9 0.44 4.33893e+06
0.9 0.46 4.68147e+06
0.9 0.48 6.2666e+06

