# ../optics --mode=conv_modified_vs_classical --conv-start=10 --conv-end=1000 --values-start=0.5 --values-end=1 --repetitions=1000 --xsigma=3 --output-file=comparison_1000_32_1000_xsigma3.txt --multiplier=32 ldata.txt
10 9.44093e-05 6.83694e-05 13.3101 5.64893e-05 4.13658e-05 8.31493
11 8.16295e-05 6.94698e-05 13.1373 5.24285e-05 3.91769e-05 7.71291
12 6.8212e-05 6.14475e-05 11.8012 5.07474e-05 3.57088e-05 7.10602
13 6.59448e-05 6.63094e-05 12.3567 4.74875e-05 3.56983e-05 7.11662
14 5.99279e-05 6.02691e-05 11.3307 4.48859e-05 3.42124e-05 6.83461
15 5.47313e-05 5.42487e-05 10.1839 4.22841e-05 3.1021e-05 6.21901
16 5.46294e-05 5.71037e-05 10.6725 4.10952e-05 3.15708e-05 6.42565
17 5.20446e-05 5.71646e-05 10.5734 3.82321e-05 2.9875e-05 5.85905
18 4.96428e-05 5.49342e-05 10.1498 3.75541e-05 2.82268e-05 5.59612
19 4.96614e-05 5.34192e-05 9.78237 3.58102e-05 2.80207e-05 5.39348
20 4.48876e-05 5.00414e-05 9.18236 3.7167e-05 2.79119e-05 5.50298
21 4.70456e-05 4.78821e-05 9.07486 3.52721e-05 2.55453e-05 5.11379
22 4.24197e-05 4.73596e-05 8.68741 3.37905e-05 2.48212e-05 4.94798
23 4.21548e-05 4.80914e-05 8.83406 3.43142e-05 2.57818e-05 4.97397
24 4.06554e-05 4.82643e-05 8.92733 3.19915e-05 2.54218e-05 5.00102
25 3.91889e-05 4.61842e-05 8.45835 3.20743e-05 2.43941e-05 4.76164
26 3.88936e-05 4.78079e-05 8.72072 3.11279e-05 2.37466e-05 4.63833
27 3.78111e-05 4.47817e-05 8.16582 3.06404e-05 2.37925e-05 4.60303
28 3.78029e-05 4.25173e-05 7.7422 3.02433e-05 2.23625e-05 4.43256
29 3.57159e-05 4.35155e-05 7.80183 2.87208e-05 2.27041e-05 4.23939
30 3.51532e-05 4.37558e-05 7.99112 2.80223e-05 2.21848e-05 4.28941
31 3.60684e-05 4.34728e-05 8.01502 2.81344e-05 2.15778e-05 4.18863
32 3.29323e-05 4.06009e-05 7.28362 2.7148e-05 2.10657e-05 4.06129
33 3.46131e-05 4.17858e-05 7.56617 2.74954e-05 2.10352e-05 4.07558
34 3.30004e-05 4.31915e-05 7.71086 2.7255e-05 2.0621e-05 3.95514
35 3.26572e-05 4.0728e-05 7.39627 2.59897e-05 2.04968e-05 4.02605
36 3.19174e-05 4.094e-05 7.28237 2.62217e-05 2.10491e-05 3.93898
37 3.15594e-05 3.93839e-05 7.04654 2.60231e-05 2.01598e-05 3.893
38 3.16546e-05 4.04122e-05 7.38164 2.54831e-05 2.03597e-05 3.80751
39 3.17749e-05 3.94188e-05 7.22532 2.51987e-05 1.99299e-05 3.81204
40 2.89564e-05 3.82903e-05 6.95564 2.42679e-05 1.91175e-05 3.70399
41 2.99458e-05 3.879e-05 7.12373 2.44011e-05 1.87681e-05 3.62086
42 2.9254e-05 3.50165e-05 6.40732 2.37939e-05 1.80053e-05 3.45729
43 2.74411e-05 3.73576e-05 6.72493 2.22837e-05 1.84182e-05 3.46903
44 2.86746e-05 3.78314e-05 6.79143 2.34449e-05 1.82955e-05 3.37977
45 2.84053e-05 3.57507e-05 6.4691 2.29315e-05 1.80865e-05 3.48065
46 2.82365e-05 3.6822e-05 6.56111 2.29467e-05 1.80757e-05 3.41134
47 2.87031e-05 3.81229e-05 6.85139 2.256e-05 1.87397e-05 3.4705
48 2.89321e-05 3.57297e-05 6.46822 2.36764e-05 1.81024e-05 3.45587
49 2.72244e-05 3.53476e-05 6.38205 2.19515e-05 1.82238e-05 3.41582
50 2.71323e-05 3.58847e-05 6.48694 2.23585e-05 1.72667e-05 3.32962
51 2.68046e-05 3.6706e-05 6.44238 2.13921e-05 1.84034e-05 3.39435
52 2.7538e-05 3.4076e-05 6.16276 2.22676e-05 1.70682e-05 3.24753
53 2.59088e-05 3.43901e-05 6.21744 2.13041e-05 1.67742e-05 3.19486
54 2.61051e-05 3.46064e-05 6.2782 2.17101e-05 1.66171e-05 3.18616
55 2.62397e-05 3.37975e-05 6.04776 2.11196e-05 1.60664e-05 3.04776
56 2.54512e-05 3.64066e-05 6.53286 2.04834e-05 1.70201e-05 3.16396
57 2.54616e-05 3.34886e-05 5.92809 2.15311e-05 1.6251e-05 3.09256
58 2.50097e-05 3.45316e-05 6.17989 2.03736e-05 1.72856e-05 3.23823
59 2.4615e-05 3.26544e-05 5.8499 2.03044e-05 1.57597e-05 2.94007
60 2.35477e-05 3.29235e-05 5.86828 1.96665e-05 1.5735e-05 2.9334
61 2.44839e-05 3.08873e-05 5.54811 2.02533e-05 1.51004e-05 2.87473
62 2.51331e-05 3.35278e-05 6.03812 2.07587e-05 1.53753e-05 2.95432
63 2.35516e-05 3.26724e-05 5.87501 1.95756e-05 1.63397e-05 3.06342
64 2.42756e-05 3.31038e-05 5.96886 1.99953e-05 1.6253e-05 3.08872
65 2.31971e-05 3.41738e-05 5.9876 1.87497e-05 1.61904e-05 2.96759
66 2.39483e-05 3.28678e-05 5.9416 1.92099e-05 1.50474e-05 2.84614
67 2.3423e-05 3.1708e-05 5.66943 1.95008e-05 1.54179e-05 2.84801
68 2.42388e-05 3.28815e-05 5.84679 1.98006e-05 1.52625e-05 2.79124
69 2.27144e-05 3.20687e-05 5.71494 1.79803e-05 1.5403e-05 2.84863
70 2.32961e-05 3.1598e-05 5.63413 1.92855e-05 1.48794e-05 2.79397
71 2.39155e-05 3.21673e-05 5.76297 1.94805e-05 1.53695e-05 2.85343
72 2.28515e-05 3.27066e-05 5.83808 1.85048e-05 1.5899e-05 2.92763
73 2.31176e-05 3.0734e-05 5.45162 1.89435e-05 1.49003e-05 2.77065
74 2.1874e-05 3.13334e-05 5.55638 1.79919e-05 1.48418e-05 2.75727
75 2.11812e-05 3.22462e-05 5.70477 1.76386e-05 1.50691e-05 2.80297
76 2.1622e-05 3.13467e-05 5.52061 1.77071e-05 1.43436e-05 2.62009
77 2.25127e-05 3.05617e-05 5.37499 1.88487e-05 1.42834e-05 2.61155
78 2.17307e-05 2.97123e-05 5.21958 1.7481e-05 1.40638e-05 2.56712
79 2.14956e-05 2.95735e-05 5.23481 1.76647e-05 1.41885e-05 2.56792
80 2.19224e-05 3.09516e-05 5.50432 1.77404e-05 1.42762e-05 2.63535
81 2.15746e-05 3.08633e-05 5.49998 1.72323e-05 1.40903e-05 2.60967
82 2.1038e-05 3.06759e-05 5.3826 1.75972e-05 1.42885e-05 2.56295
83 2.20937e-05 2.92138e-05 5.15163 1.79783e-05 1.38877e-05 2.51548
84 2.0782e-05 2.98723e-05 5.3547 1.69994e-05 1.41642e-05 2.62503
85 2.08883e-05 3.17041e-05 5.58071 1.69796e-05 1.42998e-05 2.61208
86 2.09966e-05 2.98366e-05 5.23684 1.72785e-05 1.41556e-05 2.54836
87 2.0744e-05 2.98386e-05 5.20325 1.73297e-05 1.37332e-05 2.49254
88 2.05915e-05 2.89966e-05 5.1235 1.62791e-05 1.32625e-05 2.41346
89 1.96798e-05 2.94935e-05 5.18469 1.61483e-05 1.33195e-05 2.39324
90 2.09704e-05 2.77338e-05 4.9461 1.68851e-05 1.32837e-05 2.4409
91 2.027e-05 3.03676e-05 5.30887 1.60373e-05 1.35009e-05 2.45324
92 1.98407e-05 2.81938e-05 5.01154 1.58016e-05 1.28678e-05 2.37328
93 2.00191e-05 2.83904e-05 5.00408 1.62691e-05 1.31307e-05 2.33013
94 1.98637e-05 2.93465e-05 5.1708 1.64137e-05 1.37458e-05 2.49162
95 1.93193e-05 2.69077e-05 4.79461 1.57328e-05 1.32232e-05 2.35074
96 2.02937e-05 2.88277e-05 5.02675 1.6551e-05 1.34909e-05 2.42371
97 1.85147e-05 2.89443e-05 5.12678 1.5604e-05 1.28462e-05 2.35707
98 1.93128e-05 3.04523e-05 5.31932 1.58758e-05 1.38948e-05 2.47459
99 1.89014e-05 2.99863e-05 5.27261 1.54321e-05 1.32498e-05 2.41213
100 1.98584e-05 2.94203e-05 5.1594 1.62851e-05 1.29426e-05 2.31012
101 1.8908e-05 2.75797e-05 4.8175 1.54606e-05 1.25409e-05 2.25468
102 1.93919e-05 2.97363e-05 5.12925 1.54992e-05 1.33943e-05 2.39422
103 1.88332e-05 2.81684e-05 4.90696 1.54463e-05 1.28095e-05 2.2518
104 1.95049e-05 2.81961e-05 4.95326 1.58747e-05 1.29247e-05 2.35149
105 1.92848e-05 2.8001e-05 4.91956 1.55011e-05 1.24047e-05 2.27347
106 1.8885e-05 2.95137e-05 5.11058 1.49182e-05 1.27385e-05 2.29351
107 1.96766e-05 2.85863e-05 5.10407 1.5848e-05 1.27621e-05 2.30394
108 1.88564e-05 2.83417e-05 4.99341 1.52833e-05 1.30981e-05 2.33406
109 1.84256e-05 2.97346e-05 5.2159 1.48665e-05 1.27762e-05 2.31582
110 1.84758e-05 2.81515e-05 5.00358 1.50263e-05 1.21605e-05 2.22276
111 1.82778e-05 2.79498e-05 4.94843 1.5118e-05 1.26092e-05 2.2602
112 1.84056e-05 2.82869e-05 4.92805 1.50106e-05 1.28657e-05 2.28517
113 1.91425e-05 2.76369e-05 4.80166 1.51275e-05 1.25124e-05 2.19818
114 1.77904e-05 2.95978e-05 5.14224 1.43931e-05 1.29446e-05 2.2946
115 1.82738e-05 2.89441e-05 5.03803 1.43255e-05 1.24732e-05 2.18569
116 1.83849e-05 2.71889e-05 4.7825 1.47133e-05 1.21399e-05 2.137
117 1.80394e-05 2.75537e-05 4.85573 1.42317e-05 1.24081e-05 2.21469
118 1.82679e-05 2.85419e-05 4.93567 1.4607e-05 1.25974e-05 2.15316
119 1.75536e-05 2.73994e-05 4.75079 1.4238e-05 1.2297e-05 2.17931
120 1.79149e-05 2.7148e-05 4.82583 1.44147e-05 1.21208e-05 2.17402
121 1.80823e-05 2.67256e-05 4.74675 1.42829e-05 1.17426e-05 2.10496
122 1.71933e-05 2.71113e-05 4.72261 1.32986e-05 1.2081e-05 2.09874
123 1.77268e-05 2.7964e-05 4.94296 1.43378e-05 1.22792e-05 2.2179
124 1.75648e-05 2.59934e-05 4.56409 1.4279e-05 1.19892e-05 2.15098
125 1.80391e-05 2.67663e-05 4.61651 1.45943e-05 1.21165e-05 2.13886
126 1.72652e-05 2.80857e-05 4.75242 1.40284e-05 1.21886e-05 2.11494
127 1.72388e-05 2.59274e-05 4.5757 1.39035e-05 1.12032e-05 2.02835
128 1.69341e-05 2.69779e-05 4.7298 1.34639e-05 1.20597e-05 2.13002
129 1.76709e-05 2.70812e-05 4.77737 1.41011e-05 1.19724e-05 2.12339
130 1.71571e-05 2.60117e-05 4.47433 1.35261e-05 1.16535e-05 2.01922
131 1.72143e-05 2.72132e-05 4.62793 1.36998e-05 1.20046e-05 2.07805
132 1.70049e-05 2.77108e-05 4.8584 1.36476e-05 1.17118e-05 2.09395
133 1.64983e-05 2.81027e-05 4.8516 1.33534e-05 1.19153e-05 2.05132
134 1.65108e-05 2.65338e-05 4.55259 1.35381e-05 1.1953e-05 2.06808
135 1.76713e-05 2.78722e-05 4.84929 1.36771e-05 1.22065e-05 2.08144
136 1.6344e-05 2.64593e-05 4.5782 1.34418e-05 1.15282e-05 2.04259
137 1.64921e-05 2.71235e-05 4.73075 1.33889e-05 1.16808e-05 2.02265
138 1.73072e-05 2.79456e-05 4.92544 1.35862e-05 1.17435e-05 2.07818
139 1.59177e-05 2.69697e-05 4.57536 1.2907e-05 1.2031e-05 2.04538
140 1.67654e-05 2.62771e-05 4.60268 1.33397e-05 1.17282e-05 2.10315
141 1.64699e-05 2.71703e-05 4.72998 1.32958e-05 1.15509e-05 2.02421
142 1.63161e-05 2.57968e-05 4.50505 1.28176e-05 1.16442e-05 1.98991
143 1.65067e-05 2.56773e-05 4.42544 1.36007e-05 1.13908e-05 1.97728
144 1.60862e-05 2.57779e-05 4.50444 1.31284e-05 1.13066e-05 1.98735
145 1.58197e-05 2.69574e-05 4.58397 1.26845e-05 1.1734e-05 1.99767
146 1.61413e-05 2.78716e-05 4.72177 1.30878e-05 1.16396e-05 1.9504
147 1.66502e-05 2.58654e-05 4.54488 1.30939e-05 1.10736e-05 1.98274
148 1.60926e-05 2.68284e-05 4.64269 1.27957e-05 1.15176e-05 1.96856
149 1.667e-05 2.48711e-05 4.36145 1.31934e-05 1.11908e-05 1.99745
150 1.58453e-05 2.55982e-05 4.39541 1.263e-05 1.15108e-05 1.95717
151 1.60797e-05 2.62489e-05 4.56565 1.29196e-05 1.132e-05 1.97123
152 1.55816e-05 2.7158e-05 4.64325 1.23659e-05 1.2211e-05 2.05445
153 1.61482e-05 2.84999e-05 4.87959 1.26783e-05 1.18396e-05 2.00725
154 1.604e-05 2.52083e-05 4.32812 1.27514e-05 1.14136e-05 1.93746
155 1.60649e-05 2.78229e-05 4.81546 1.2835e-05 1.204e-05 2.03817
156 1.68371e-05 2.6397e-05 4.59526 1.32922e-05 1.12886e-05 1.93502
157 1.50035e-05 2.68269e-05 4.6568 1.16738e-05 1.16924e-05 2.02297
158 1.60106e-05 2.53996e-05 4.41595 1.28035e-05 1.08552e-05 1.90079
159 1.6095e-05 2.66962e-05 4.63583 1.26892e-05 1.16202e-05 1.95424
160 1.58581e-05 2.5952e-05 4.53392 1.24354e-05 1.09906e-05 1.89995
161 1.57927e-05 2.51601e-05 4.29729 1.27602e-05 1.13213e-05 1.94548
162 1.64196e-05 2.68946e-05 4.59269 1.29134e-05 1.10957e-05 1.90544
163 1.53836e-05 2.72179e-05 4.71693 1.20903e-05 1.13783e-05 1.95695
164 1.54653e-05 2.70618e-05 4.64996 1.23349e-05 1.12045e-05 1.92517
165 1.47221e-05 2.53396e-05 4.42107 1.18825e-05 1.09335e-05 1.91625
166 1.54417e-05 2.63405e-05 4.52671 1.21442e-05 1.09084e-05 1.84711
167 1.54485e-05 2.56502e-05 4.43849 1.23836e-05 1.09762e-05 1.88358
168 1.56333e-05 2.56891e-05 4.35979 1.2313e-05 1.12094e-05 1.90433
169 1.55703e-05 2.54289e-05 4.37493 1.23295e-05 1.1167e-05 1.90914
170 1.49147e-05 2.39838e-05 4.20056 1.21056e-05 1.05698e-05 1.90086
171 1.50385e-05 2.63225e-05 4.48782 1.18573e-05 1.12817e-05 1.88599
172 1.53006e-05 2.48483e-05 4.30948 1.15161e-05 1.0862e-05 1.8321
173 1.46407e-05 2.49104e-05 4.20681 1.14936e-05 1.12729e-05 1.84921
174 1.55275e-05 2.46624e-05 4.28814 1.2128e-05 1.08044e-05 1.8635
175 1.50434e-05 2.52048e-05 4.3865 1.18275e-05 1.04599e-05 1.78113
176 1.56227e-05 2.57214e-05 4.39241 1.19259e-05 1.05507e-05 1.76788
177 1.4487e-05 2.6062e-05 4.39791 1.14118e-05 1.14772e-05 1.91403
178 1.55548e-05 2.46721e-05 4.19374 1.24485e-05 1.08979e-05 1.78656
179 1.54839e-05 2.50772e-05 4.32482 1.22444e-05 1.04461e-05 1.7679
180 1.50975e-05 2.48521e-05 4.2679 1.18025e-05 1.06135e-05 1.77903
181 1.52685e-05 2.39151e-05 4.14192 1.20775e-05 1.04262e-05 1.76736
182 1.50165e-05 2.54227e-05 4.32142 1.19161e-05 1.09892e-05 1.85099
183 1.57153e-05 2.55461e-05 4.39631 1.22663e-05 1.04844e-05 1.76517
184 1.5031e-05 2.41206e-05 4.09472 1.19741e-05 1.06232e-05 1.7776
185 1.55829e-05 2.594e-05 4.40842 1.19543e-05 1.07692e-05 1.79958
186 1.43615e-05 2.53805e-05 4.31488 1.11364e-05 1.08325e-05 1.78629
187 1.49245e-05 2.50712e-05 4.34589 1.1761e-05 1.02329e-05 1.76501
188 1.57506e-05 2.61027e-05 4.46763 1.23726e-05 1.06613e-05 1.78033
189 1.39679e-05 2.52223e-05 4.32595 1.0861e-05 1.08739e-05 1.83767
190 1.51172e-05 2.41803e-05 4.1495 1.2257e-05 1.04456e-05 1.78727
191 1.41388e-05 2.45546e-05 4.27031 1.10699e-05 1.06591e-05 1.83749
192 1.46182e-05 2.54287e-05 4.35448 1.13831e-05 1.06555e-05 1.78297
193 1.42587e-05 2.55411e-05 4.37409 1.10988e-05 1.09795e-05 1.80191
194 1.46135e-05 2.57889e-05 4.41909 1.12857e-05 1.08387e-05 1.80295
195 1.46231e-05 2.43389e-05 4.17117 1.12594e-05 1.04786e-05 1.75844
196 1.49852e-05 2.44372e-05 4.21444 1.1651e-05 1.03861e-05 1.74095
197 1.53336e-05 2.35214e-05 3.95376 1.16263e-05 1.03814e-05 1.67778
198 1.46418e-05 2.54991e-05 4.30069 1.13585e-05 1.07776e-05 1.77011
199 1.38735e-05 2.54363e-05 4.35627 1.08313e-05 1.06116e-05 1.77904
200 1.42234e-05 2.4891e-05 4.22266 1.1134e-05 1.06142e-05 1.76473
201 1.43845e-05 2.49049e-05 4.19636 1.13152e-05 1.04144e-05 1.71027
202 1.48395e-05 2.50907e-05 4.37333 1.1186e-05 1.06442e-05 1.78068
203 1.41543e-05 2.43548e-05 4.195 1.07496e-05 1.02996e-05 1.7337
204 1.45859e-05 2.39418e-05 4.08457 1.13581e-05 1.02379e-05 1.69896
205 1.43218e-05 2.48424e-05 4.24237 1.1117e-05 1.0261e-05 1.67655
206 1.47177e-05 2.47499e-05 4.20998 1.14956e-05 1.0055e-05 1.66779
207 1.41969e-05 2.50433e-05 4.22619 1.08123e-05 1.04213e-05 1.69024
208 1.47099e-05 2.35431e-05 4.05739 1.14303e-05 9.97003e-06 1.66173
209 1.44701e-05 2.50316e-05 4.21575 1.15349e-05 1.06374e-05 1.72897
210 1.41664e-05 2.52164e-05 4.28928 1.11681e-05 1.04287e-05 1.75275
211 1.40173e-05 2.4532e-05 4.17695 1.13297e-05 1.05637e-05 1.78389
212 1.37505e-05 2.54111e-05 4.30723 1.0769e-05 1.0739e-05 1.74597
213 1.41998e-05 2.39102e-05 4.08581 1.09877e-05 1.03643e-05 1.75851
214 1.39347e-05 2.46122e-05 4.12178 1.04716e-05 1.03642e-05 1.66374
215 1.3938e-05 2.52012e-05 4.29988 1.08455e-05 1.05989e-05 1.73365
216 1.38763e-05 2.35122e-05 3.9803 1.07219e-05 1.00125e-05 1.64782
217 1.44926e-05 2.49543e-05 4.1487 1.16789e-05 1.0624e-05 1.7451
218 1.39157e-05 2.48777e-05 4.20533 1.0845e-05 1.029e-05 1.67959
219 1.37479e-05 2.44087e-05 4.10698 1.09124e-05 1.01496e-05 1.66014
220 1.36735e-05 2.50162e-05 4.20609 1.04193e-05 1.02303e-05 1.65099
221 1.34934e-05 2.41663e-05 4.07559 1.0591e-05 1.02337e-05 1.64001
222 1.35211e-05 2.47004e-05 4.17289 1.07018e-05 1.06066e-05 1.72589
223 1.41442e-05 2.30316e-05 3.96143 1.04458e-05 1.0019e-05 1.68197
224 1.41277e-05 2.43424e-05 4.11241 1.08786e-05 1.05093e-05 1.70361
225 1.44405e-05 2.56097e-05 4.33601 1.11873e-05 1.02649e-05 1.67509
226 1.44471e-05 2.45812e-05 4.22546 1.1546e-05 1.01914e-05 1.71605
227 1.35031e-05 2.36884e-05 3.9958 1.07985e-05 1.00097e-05 1.64833
228 1.36696e-05 2.50458e-05 4.26851 1.04839e-05 1.01752e-05 1.65958
229 1.38236e-05 2.45606e-05 4.16885 1.0651e-05 1.05963e-05 1.70478
230 1.3463e-05 2.41781e-05 4.06384 1.04109e-05 1.01285e-05 1.62883
231 1.40942e-05 2.45089e-05 4.17618 1.07534e-05 1.03867e-05 1.73303
232 1.36363e-05 2.4788e-05 4.18552 1.05952e-05 1.0384e-05 1.68506
233 1.32396e-05 2.35577e-05 4.00915 1.04251e-05 1.00581e-05 1.6656
234 1.34467e-05 2.45699e-05 4.21088 1.04555e-05 1.00828e-05 1.67884
235 1.27274e-05 2.58124e-05 4.35144 1.03155e-05 1.04152e-05 1.71517
236 1.36349e-05 2.34974e-05 4.01491 1.06797e-05 9.86724e-06 1.61321
237 1.41802e-05 2.28021e-05 3.90914 1.09306e-05 9.86636e-06 1.6251
238 1.34242e-05 2.35756e-05 3.98406 1.0604e-05 9.87351e-06 1.609
239 1.32743e-05 2.47203e-05 4.16484 1.02664e-05 1.01685e-05 1.66867
240 1.34955e-05 2.40464e-05 4.03252 1.04515e-05 1.04841e-05 1.68054
241 1.35181e-05 2.41715e-05 4.12062 1.04416e-05 9.66593e-06 1.57525
242 1.32928e-05 2.45156e-05 4.09592 1.05342e-05 1.0185e-05 1.60444
243 1.30538e-05 2.50782e-05 4.23585 1.02048e-05 1.02533e-05 1.64416
244 1.3582e-05 2.31727e-05 3.92149 1.06176e-05 1.0011e-05 1.62759
245 1.38515e-05 2.41261e-05 4.05082 1.04814e-05 9.88647e-06 1.58936
246 1.28496e-05 2.45288e-05 4.16929 9.85862e-06 1.02766e-05 1.6485
247 1.3383e-05 2.34701e-05 4.01075 1.04494e-05 1.01797e-05 1.69225
248 1.28392e-05 2.55112e-05 4.33387 1.01606e-05 1.00773e-05 1.65265
249 1.35361e-05 2.50849e-05 4.18067 1.04977e-05 1.01436e-05 1.58092
250 1.3151e-05 2.3622e-05 3.9731 1.00988e-05 1.00384e-05 1.56992
251 1.32941e-05 2.35049e-05 3.93025 9.95915e-06 9.8966e-06 1.58147
252 1.31915e-05 2.38024e-05 3.97815 1.0168e-05 1.00361e-05 1.62622
253 1.35103e-05 2.32526e-05 3.95491 1.02092e-05 9.86459e-06 1.60188
254 1.29529e-05 2.37316e-05 3.97421 9.88986e-06 9.77039e-06 1.57815
255 1.33009e-05 2.38915e-05 4.00994 1.04697e-05 1.01365e-05 1.61715
256 1.31995e-05 2.41808e-05 4.03726 1.02152e-05 1.01687e-05 1.62125
257 1.31813e-05 2.28473e-05 3.81124 1.01659e-05 1.01061e-05 1.61801
258 1.25985e-05 2.2895e-05 3.78965 9.96315e-06 9.85095e-06 1.58964
259 1.28776e-05 2.29748e-05 3.86765 9.68249e-06 1.01407e-05 1.62124
260 1.27399e-05 2.38159e-05 3.9813 1.00196e-05 1.00374e-05 1.62061
261 1.26327e-05 2.47902e-05 4.14796 9.43629e-06 1.00342e-05 1.58093
262 1.27789e-05 2.37956e-05 4.0026 9.57847e-06 1.02032e-05 1.65748
263 1.37256e-05 2.35911e-05 3.90206 1.04647e-05 9.86453e-06 1.5717
264 1.29561e-05 2.42439e-05 4.03799 1.02238e-05 1.01586e-05 1.58139
265 1.29527e-05 2.44309e-05 4.09904 1.02693e-05 9.88071e-06 1.59195
266 1.27648e-05 2.43063e-05 4.07174 9.94773e-06 9.83556e-06 1.5786
267 1.29416e-05 2.33928e-05 3.91772 9.86671e-06 9.94325e-06 1.59257
268 1.27301e-05 2.34339e-05 3.93488 9.61203e-06 9.79433e-06 1.57486
269 1.32119e-05 2.52592e-05 4.27035 9.88277e-06 1.01012e-05 1.62665
270 1.30449e-05 2.33844e-05 3.88068 9.78869e-06 9.72445e-06 1.50252
271 1.31901e-05 2.33463e-05 3.87413 1.01321e-05 9.81195e-06 1.5517
272 1.27745e-05 2.29721e-05 3.85319 9.8509e-06 9.67221e-06 1.52494
273 1.2551e-05 2.35343e-05 3.95194 9.72038e-06 9.80783e-06 1.56844
274 1.28687e-05 2.38292e-05 3.96545 9.86033e-06 9.82168e-06 1.55298
275 1.25309e-05 2.39416e-05 3.9785 9.39695e-06 9.95149e-06 1.53048
276 1.25861e-05 2.30595e-05 3.81287 9.76533e-06 9.55116e-06 1.48863
277 1.27062e-05 2.34218e-05 3.91309 9.88369e-06 9.7355e-06 1.54053
278 1.23679e-05 2.33548e-05 3.86526 9.51042e-06 1.01385e-05 1.57452
279 1.32343e-05 2.36257e-05 3.98671 9.92294e-06 9.72099e-06 1.58488
280 1.29981e-05 2.49251e-05 4.13544 1.00238e-05 9.9764e-06 1.5718
281 1.28661e-05 2.2872e-05 3.84509 9.58721e-06 9.42292e-06 1.48193
282 1.32555e-05 2.33935e-05 3.90324 1.01776e-05 9.57116e-06 1.47922
283 1.2367e-05 2.42255e-05 4.11602 9.06128e-06 9.68912e-06 1.51933
284 1.26682e-05 2.44786e-05 4.10283 9.71506e-06 1.002e-05 1.59764
285 1.25357e-05 2.45884e-05 4.11193 9.80479e-06 9.89003e-06 1.58201
286 1.30162e-05 2.36674e-05 3.92566 9.8569e-06 1.02246e-05 1.60229
287 1.29402e-05 2.4666e-05 4.04181 9.68278e-06 1.00051e-05 1.55916
288 1.25597e-05 2.42434e-05 4.0455 9.5681e-06 1.01526e-05 1.61472
289 1.25575e-05 2.46123e-05 4.08519 9.52932e-06 1.014e-05 1.5702
290 1.26937e-05 2.31235e-05 3.85504 9.68877e-06 9.38618e-06 1.49241
291 1.25614e-05 2.28124e-05 3.78666 9.59108e-06 9.55186e-06 1.47805
292 1.30006e-05 2.38341e-05 3.9707 9.92977e-06 9.71789e-06 1.51377
293 1.23359e-05 2.48395e-05 4.13949 9.43362e-06 9.87281e-06 1.54489
294 1.27881e-05 2.38707e-05 3.91487 9.90078e-06 9.87131e-06 1.51944
295 1.21044e-05 2.23913e-05 3.71864 9.45059e-06 9.59269e-06 1.52375
296 1.21752e-05 2.50313e-05 4.18713 9.45591e-06 9.87118e-06 1.57294
297 1.18636e-05 2.35723e-05 3.87987 9.02575e-06 9.76196e-06 1.51148
298 1.26858e-05 2.45132e-05 4.07977 1.00295e-05 9.62508e-06 1.50943
299 1.19576e-05 2.42621e-05 4.00423 9.2415e-06 1.03145e-05 1.59207
300 1.19136e-05 2.27991e-05 3.77617 9.08239e-06 9.59103e-06 1.48892
301 1.24676e-05 2.24302e-05 3.74784 9.10289e-06 9.30852e-06 1.44181
302 1.21768e-05 2.42317e-05 4.01826 9.00646e-06 9.92005e-06 1.49966
303 1.19616e-05 2.21497e-05 3.6634 9.07743e-06 9.30184e-06 1.45675
304 1.20236e-05 2.30664e-05 3.82557 9.51594e-06 9.68337e-06 1.53366
305 1.28754e-05 2.25248e-05 3.73139 9.78476e-06 9.58418e-06 1.50608
306 1.21107e-05 2.23251e-05 3.6881 9.27693e-06 9.36655e-06 1.47728
307 1.20453e-05 2.25609e-05 3.70883 9.31511e-06 9.52519e-06 1.48157
308 1.2347e-05 2.36371e-05 3.98951 9.12963e-06 9.58889e-06 1.52132
309 1.17345e-05 2.341e-05 3.9064 8.95439e-06 9.58468e-06 1.50609
310 1.21852e-05 2.29603e-05 3.79405 9.15734e-06 9.47182e-06 1.49415
311 1.23788e-05 2.3832e-05 3.98002 9.37366e-06 9.5781e-06 1.52711
312 1.18618e-05 2.41833e-05 3.99202 9.35652e-06 9.94292e-06 1.54756
313 1.25804e-05 2.34323e-05 3.8872 9.59336e-06 9.67036e-06 1.50801
314 1.23358e-05 2.3824e-05 3.96833 9.27096e-06 9.89998e-06 1.56015
315 1.24676e-05 2.40799e-05 4.00178 9.7001e-06 9.79882e-06 1.56534
316 1.22256e-05 2.22874e-05 3.71273 9.1325e-06 9.36261e-06 1.45509
317 1.21965e-05 2.28267e-05 3.77031 9.27507e-06 9.29303e-06 1.44327
318 1.18414e-05 2.36997e-05 3.93703 8.93719e-06 9.41152e-06 1.48053
319 1.18042e-05 2.37644e-05 3.93621 9.06264e-06 9.55325e-06 1.51165
320 1.17824e-05 2.34381e-05 3.86637 9.08992e-06 9.53873e-06 1.45799
321 1.22365e-05 2.28338e-05 3.74661 9.41357e-06 9.31789e-06 1.42949
322 1.2158e-05 2.27451e-05 3.80938 9.09248e-06 9.46535e-06 1.4689
323 1.2324e-05 2.2403e-05 3.71099 9.07343e-06 9.39692e-06 1.43506
324 1.16817e-05 2.37713e-05 3.91882 8.74417e-06 9.57584e-06 1.46274
325 1.21041e-05 2.35378e-05 3.87644 9.05153e-06 9.692e-06 1.50333
326 1.19972e-05 2.32915e-05 3.83585 8.99616e-06 9.49944e-06 1.4681
327 1.20512e-05 2.25052e-05 3.71782 9.15904e-06 9.64117e-06 1.49177
328 1.2465e-05 2.35517e-05 3.90309 9.29067e-06 9.31017e-06 1.45718
329 1.24588e-05 2.30338e-05 3.81617 9.08673e-06 9.64877e-06 1.48786
330 1.22753e-05 2.33356e-05 3.81909 9.04726e-06 9.20825e-06 1.37449
331 1.22186e-05 2.31444e-05 3.87008 9.32682e-06 9.32793e-06 1.46505
332 1.20695e-05 2.30897e-05 3.78677 9.27987e-06 9.50849e-06 1.45177
333 1.18513e-05 2.20389e-05 3.64632 8.93131e-06 9.04945e-06 1.39915
334 1.16404e-05 2.21932e-05 3.67976 8.79343e-06 9.18931e-06 1.42334
335 1.19012e-05 2.26012e-05 3.74955 8.94311e-06 9.36242e-06 1.47582
336 1.1591e-05 2.24207e-05 3.68726 8.98305e-06 9.55145e-06 1.48714
337 1.12612e-05 2.31171e-05 3.81881 8.59527e-06 9.32021e-06 1.45488
338 1.20202e-05 2.19046e-05 3.58587 8.98723e-06 9.11547e-06 1.3686
339 1.1922e-05 2.301e-05 3.83344 9.08551e-06 9.49143e-06 1.4804
340 1.1704e-05 2.2785e-05 3.74595 8.85924e-06 9.72083e-06 1.49435
341 1.1965e-05 2.41916e-05 3.95511 8.8893e-06 9.84778e-06 1.48834
342 1.21925e-05 2.2641e-05 3.65236 9.30953e-06 9.65976e-06 1.435
343 1.18059e-05 2.20466e-05 3.71398 8.79367e-06 9.05187e-06 1.43687
344 1.15676e-05 2.37459e-05 3.9504 8.744e-06 9.29953e-06 1.45822
345 1.15733e-05 2.15406e-05 3.52278 8.54679e-06 9.14365e-06 1.38768
346 1.19201e-05 2.34818e-05 3.86383 8.82119e-06 9.58539e-06 1.45521
347 1.18269e-05 2.29563e-05 3.78435 8.8224e-06 9.24379e-06 1.4184
348 1.16767e-05 2.35936e-05 3.8944 8.78869e-06 9.45541e-06 1.42657
349 1.1728e-05 2.37842e-05 3.93279 8.78217e-06 9.68407e-06 1.50013
350 1.19602e-05 2.22336e-05 3.62921 8.73016e-06 9.45002e-06 1.42597
351 1.17187e-05 2.3e-05 3.7656 8.69184e-06 9.27175e-06 1.39168
352 1.21024e-05 2.31633e-05 3.78679 9.12288e-06 9.62079e-06 1.48127
353 1.15885e-05 2.30855e-05 3.78713 8.81404e-06 9.60308e-06 1.48556
354 1.12789e-05 2.4126e-05 4.00451 8.48123e-06 9.49254e-06 1.4205
355 1.1527e-05 2.31538e-05 3.76741 8.84705e-06 9.51736e-06 1.40736
356 1.17181e-05 2.27756e-05 3.76227 8.89407e-06 9.33894e-06 1.44998
357 1.15683e-05 2.2413e-05 3.68679 8.66741e-06 9.11064e-06 1.4019
358 1.13672e-05 2.2036e-05 3.61797 8.70854e-06 9.38909e-06 1.44748
359 1.15986e-05 2.39128e-05 3.89666 8.74614e-06 9.52881e-06 1.41749
360 1.1675e-05 2.271e-05 3.75637 8.56781e-06 9.1578e-06 1.38553
361 1.21823e-05 2.28645e-05 3.80789 8.9081e-06 9.20628e-06 1.39394
362 1.1419e-05 2.3216e-05 3.78685 8.56781e-06 9.50368e-06 1.43324
363 1.16274e-05 2.29352e-05 3.79101 8.60821e-06 9.31079e-06 1.42728
364 1.1829e-05 2.25309e-05 3.67707 8.87731e-06 9.421e-06 1.40868
365 1.13096e-05 2.38581e-05 3.91173 8.4424e-06 9.39742e-06 1.41882
366 1.14426e-05 2.3119e-05 3.79299 8.50853e-06 9.6627e-06 1.45943
367 1.16946e-05 2.30373e-05 3.77039 8.71129e-06 9.298e-06 1.39917
368 1.13183e-05 2.28147e-05 3.7312 8.41051e-06 9.27863e-06 1.40031
369 1.17593e-05 2.35023e-05 3.86381 8.85792e-06 9.27686e-06 1.39148
370 1.14099e-05 2.32861e-05 3.83151 8.43274e-06 9.39717e-06 1.43422
371 1.13041e-05 2.22744e-05 3.64928 8.44188e-06 9.15959e-06 1.3977
372 1.18977e-05 2.27204e-05 3.69949 8.76862e-06 9.60244e-06 1.43012
373 1.1355e-05 2.26042e-05 3.65839 8.66009e-06 9.25512e-06 1.38124
374 1.14969e-05 2.25566e-05 3.72385 8.61471e-06 9.26589e-06 1.42088
375 1.08628e-05 2.30365e-05 3.80653 8.29841e-06 9.41034e-06 1.44786
376 1.15683e-05 2.39815e-05 3.91553 8.69278e-06 9.65634e-06 1.47385
377 1.17185e-05 2.2764e-05 3.69071 8.84197e-06 9.28977e-06 1.38157
378 1.10509e-05 2.38194e-05 3.93192 8.39744e-06 9.29508e-06 1.3923
379 1.14919e-05 2.23323e-05 3.64182 8.4296e-06 9.33661e-06 1.38649
380 1.1646e-05 2.21256e-05 3.62799 8.70634e-06 8.97405e-06 1.36944
381 1.14906e-05 2.3312e-05 3.82333 8.41616e-06 9.48223e-06 1.43061
382 1.12703e-05 2.34114e-05 3.84505 8.46406e-06 9.44407e-06 1.40832
383 1.16555e-05 2.3146e-05 3.72953 8.63585e-06 9.61247e-06 1.40939
384 1.13155e-05 2.3821e-05 3.90455 8.31958e-06 9.35976e-06 1.38553
385 1.15659e-05 2.20744e-05 3.58696 8.55738e-06 9.08304e-06 1.35766
386 1.14855e-05 2.35551e-05 3.87543 8.56498e-06 9.59117e-06 1.41581
387 1.1497e-05 2.33947e-05 3.82968 8.68957e-06 9.36505e-06 1.41383
388 1.09105e-05 2.25676e-05 3.67977 8.31505e-06 9.18302e-06 1.39988
389 1.13525e-05 2.27625e-05 3.71009 8.6357e-06 9.07487e-06 1.35536
390 1.20031e-05 2.2048e-05 3.58455 9.0168e-06 9.24554e-06 1.3866
391 1.11443e-05 2.24612e-05 3.66109 8.45646e-06 9.24684e-06 1.36973
392 1.16925e-05 2.32422e-05 3.78591 8.83947e-06 9.2896e-06 1.40265
393 1.07751e-05 2.37904e-05 3.87297 8.30862e-06 9.26297e-06 1.41729
394 1.0994e-05 2.35305e-05 3.85144 8.37742e-06 9.14702e-06 1.3794
395 1.13258e-05 2.31094e-05 3.76166 8.59078e-06 9.24526e-06 1.37941
396 1.0909e-05 2.43637e-05 3.9411 8.12421e-06 9.40694e-06 1.36595
397 1.15187e-05 2.28162e-05 3.70764 8.29026e-06 9.15262e-06 1.33469
398 1.14496e-05 2.42062e-05 3.94641 8.69014e-06 9.51347e-06 1.4019
399 1.1036e-05 2.26317e-05 3.68855 8.43977e-06 9.0488e-06 1.36311
400 1.1034e-05 2.321e-05 3.79943 8.2604e-06 9.32676e-06 1.39528
401 1.10913e-05 2.38372e-05 3.84493 8.30817e-06 9.28352e-06 1.34754
402 1.14352e-05 2.18908e-05 3.57775 8.21686e-06 9.10214e-06 1.33743
403 1.12691e-05 2.27564e-05 3.71418 8.33034e-06 9.24563e-06 1.39644
404 1.11654e-05 2.28209e-05 3.74666 8.34369e-06 9.19215e-06 1.37362
405 1.12567e-05 2.25258e-05 3.67209 8.34846e-06 9.15273e-06 1.39473
406 1.12937e-05 2.15503e-05 3.50877 8.31707e-06 9.36005e-06 1.40997
407 1.1182e-05 2.21044e-05 3.59697 8.3552e-06 9.17004e-06 1.37916
408 1.11105e-05 2.26768e-05 3.72226 8.52577e-06 9.05488e-06 1.37434
409 1.10128e-05 2.31633e-05 3.77029 8.14201e-06 9.25228e-06 1.38434
410 1.12996e-05 2.32281e-05 3.80614 8.47273e-06 9.35161e-06 1.42035
411 1.06593e-05 2.31481e-05 3.77686 8.10627e-06 9.49278e-06 1.43446
412 1.08154e-05 2.30841e-05 3.78525 7.98002e-06 9.30646e-06 1.39734
413 1.11398e-05 2.20744e-05 3.60346 8.45124e-06 9.10282e-06 1.36204
414 1.16032e-05 2.18892e-05 3.5418 8.74411e-06 9.24038e-06 1.37986
415 1.07038e-05 2.24143e-05 3.62972 8.17371e-06 9.00637e-06 1.30817
416 1.06317e-05 2.18093e-05 3.48262 8.04546e-06 9.02364e-06 1.33283
417 1.1008e-05 2.33208e-05 3.80183 8.15085e-06 9.35365e-06 1.38894
418 1.14562e-05 2.35721e-05 3.83608 8.55194e-06 9.16227e-06 1.3186
419 1.13584e-05 2.19301e-05 3.54043 8.38101e-06 9.23035e-06 1.35052
420 1.07665e-05 2.24711e-05 3.67284 8.05737e-06 9.02768e-06 1.32457
421 1.11939e-05 2.26565e-05 3.67188 8.11456e-06 9.0695e-06 1.33925
422 1.11536e-05 2.24787e-05 3.63067 8.33682e-06 9.23432e-06 1.36985
423 1.12777e-05 2.25565e-05 3.68668 8.47549e-06 9.03262e-06 1.37946
424 1.05304e-05 2.32789e-05 3.75685 7.68607e-06 9.42394e-06 1.38272
425 1.12594e-05 2.27977e-05 3.71411 8.41024e-06 9.15005e-06 1.36424
426 1.07851e-05 2.21445e-05 3.58239 8.01571e-06 8.97059e-06 1.32406
427 1.15179e-05 2.23508e-05 3.62785 8.43658e-06 9.01271e-06 1.33425
428 1.13864e-05 2.28869e-05 3.70729 8.52967e-06 9.23474e-06 1.39577
429 1.09945e-05 2.23717e-05 3.65031 8.14483e-06 8.73248e-06 1.28745
430 1.10069e-05 2.31791e-05 3.76245 7.89183e-06 9.31095e-06 1.37816
431 1.1084e-05 2.40927e-05 3.86427 8.39892e-06 9.40082e-06 1.39291
432 1.09661e-05 2.30767e-05 3.71155 8.28177e-06 9.13594e-06 1.32012
433 1.09857e-05 2.27009e-05 3.67209 8.11153e-06 9.29888e-06 1.35055
434 1.07879e-05 2.2547e-05 3.64574 8.163e-06 8.80701e-06 1.29207
435 1.09478e-05 2.30862e-05 3.71712 7.93797e-06 9.17715e-06 1.30719
436 1.0678e-05 2.243e-05 3.6699 7.76209e-06 8.99946e-06 1.329
437 1.09052e-05 2.13049e-05 3.47973 7.82211e-06 8.84443e-06 1.33423
438 1.13288e-05 2.21648e-05 3.60528 8.22408e-06 9.27391e-06 1.38424
439 1.10624e-05 2.30138e-05 3.69308 8.18729e-06 8.96402e-06 1.28059
440 1.06279e-05 2.29732e-05 3.70729 7.90768e-06 9.22684e-06 1.36146
441 1.1033e-05 2.12975e-05 3.40287 8.04267e-06 9.03457e-06 1.30887
442 1.03377e-05 2.277e-05 3.64105 7.63372e-06 9.2171e-06 1.36223
443 1.0605e-05 2.26055e-05 3.6228 7.83644e-06 9.37757e-06 1.38451
444 1.09143e-05 2.23084e-05 3.62809 7.86578e-06 9.03983e-06 1.30993
445 1.11859e-05 2.22386e-05 3.58423 8.31653e-06 9.05209e-06 1.33667
446 1.10014e-05 2.27578e-05 3.71716 8.15965e-06 9.23796e-06 1.35975
447 1.08785e-05 2.30777e-05 3.69772 8.26285e-06 9.16466e-06 1.32737
448 1.07772e-05 2.37764e-05 3.86473 8.10606e-06 9.51912e-06 1.41709
449 1.09941e-05 2.33049e-05 3.78153 8.13756e-06 8.96454e-06 1.3178
450 1.07232e-05 2.24953e-05 3.66135 7.97648e-06 9.20865e-06 1.3813
451 1.06064e-05 2.24633e-05 3.62378 7.8676e-06 9.11741e-06 1.34994
452 1.1086e-05 2.21445e-05 3.56216 8.06653e-06 9.26504e-06 1.37254
453 1.04852e-05 2.33813e-05 3.78372 7.96091e-06 9.34026e-06 1.38992
454 1.08361e-05 2.35274e-05 3.81346 8.1677e-06 9.47285e-06 1.4008
455 1.09287e-05 2.13244e-05 3.44346 7.86625e-06 9.04042e-06 1.35429
456 1.05425e-05 2.25457e-05 3.62869 7.86682e-06 9.26858e-06 1.35251
457 1.04002e-05 2.27161e-05 3.67364 7.95633e-06 9.09565e-06 1.34717
458 1.08356e-05 2.27069e-05 3.66348 8.16407e-06 8.9886e-06 1.33602
459 1.04612e-05 2.17665e-05 3.50033 7.52031e-06 9.01829e-06 1.33478
460 1.06278e-05 2.20066e-05 3.54406 7.86564e-06 9.28388e-06 1.35596
461 1.05914e-05 2.1533e-05 3.4274 7.71412e-06 9.24331e-06 1.34431
462 1.10146e-05 2.21071e-05 3.54679 7.9955e-06 8.81659e-06 1.2761
463 1.06308e-05 2.25733e-05 3.6536 7.8379e-06 8.93419e-06 1.28424
464 1.08623e-05 2.12199e-05 3.42006 8.08269e-06 9.08664e-06 1.3538
465 1.08401e-05 2.2253e-05 3.53632 8.10471e-06 9.20076e-06 1.32834
466 1.13423e-05 2.21906e-05 3.55535 8.3104e-06 8.99778e-06 1.29704
467 1.06972e-05 2.27618e-05 3.66272 7.89795e-06 9.0453e-06 1.2945
468 1.08242e-05 2.22246e-05 3.6315 7.79185e-06 8.86732e-06 1.29254
469 1.06572e-05 2.23439e-05 3.57458 7.85742e-06 8.71196e-06 1.26278
470 1.06317e-05 2.22299e-05 3.5815 7.76428e-06 9.11879e-06 1.28953
471 1.05015e-05 2.31324e-05 3.71258 7.84326e-06 9.16676e-06 1.32588
472 1.094e-05 2.18e-05 3.50923 8.07716e-06 8.84631e-06 1.2907
473 1.05864e-05 2.22774e-05 3.59735 7.96844e-06 9.05834e-06 1.34185
474 1.07707e-05 2.2286e-05 3.56059 7.96582e-06 9.15264e-06 1.34143
475 1.06844e-05 2.22134e-05 3.53139 7.76012e-06 8.97292e-06 1.28738
476 1.08146e-05 2.37044e-05 3.80474 7.9516e-06 9.27804e-06 1.34034
477 1.09723e-05 2.19935e-05 3.55491 8.10705e-06 8.52141e-06 1.25356
478 1.05837e-05 2.29391e-05 3.68981 7.84192e-06 9.121e-06 1.29732
479 1.05385e-05 2.27961e-05 3.70554 7.48614e-06 9.16749e-06 1.32955
480 1.0234e-05 2.20509e-05 3.55899 7.71245e-06 8.7919e-06 1.2966
481 1.02489e-05 2.32011e-05 3.70778 7.58725e-06 9.26145e-06 1.33918
482 1.07167e-05 2.3414e-05 3.77893 7.9578e-06 9.26148e-06 1.34056
483 1.04519e-05 2.22078e-05 3.5816 7.76287e-06 8.84923e-06 1.30377
484 1.0493e-05 2.32644e-05 3.76412 7.69492e-06 9.29039e-06 1.34452
485 1.04231e-05 2.16755e-05 3.49512 7.51884e-06 8.82533e-06 1.28503
486 1.06497e-05 2.27042e-05 3.65559 7.74672e-06 9.29028e-06 1.35319
487 1.05862e-05 2.16357e-05 3.44567 7.73029e-06 9.22988e-06 1.34785
488 1.05452e-05 2.23782e-05 3.5842 7.71951e-06 8.83261e-06 1.28603
489 1.05487e-05 2.234e-05 3.56176 7.68752e-06 9.21671e-06 1.33165
490 1.03932e-05 2.205e-05 3.51236 7.72679e-06 8.9337e-06 1.27088
491 1.05131e-05 2.21535e-05 3.5632 7.65601e-06 8.99013e-06 1.31842
492 1.04047e-05 2.20837e-05 3.53157 7.5468e-06 8.83196e-06 1.28842
493 1.01483e-05 2.25169e-05 3.6307 7.6591e-06 8.91737e-06 1.31402
494 1.02103e-05 2.2577e-05 3.59539 7.57815e-06 9.10539e-06 1.30628
495 1.06762e-05 2.18627e-05 3.51766 7.62107e-06 9.01219e-06 1.26363
496 1.04551e-05 2.17858e-05 3.49814 7.6285e-06 8.89847e-06 1.29421
497 1.03763e-05 2.18965e-05 3.50188 7.51333e-06 9.04876e-06 1.31142
498 1.06177e-05 2.25306e-05 3.62868 7.91214e-06 8.92529e-06 1.30587
499 1.05204e-05 2.13374e-05 3.40378 7.62657e-06 9.10291e-06 1.32125
500 1.01413e-05 2.28789e-05 3.72964 7.31595e-06 9.06548e-06 1.33491
501 1.04978e-05 2.26848e-05 3.71717 7.69881e-06 9.05314e-06 1.34402
502 1.01048e-05 2.26019e-05 3.6308 7.40662e-06 9.40821e-06 1.38441
503 1.00971e-05 2.16973e-05 3.51079 7.33864e-06 9.07516e-06 1.32413
504 1.05065e-05 2.30737e-05 3.72546 7.72699e-06 8.93494e-06 1.27881
505 1.01276e-05 2.16098e-05 3.49203 7.29233e-06 9.00795e-06 1.32843
506 1.0584e-05 2.24125e-05 3.57732 7.71306e-06 8.70508e-06 1.25201
507 1.05485e-05 2.24602e-05 3.60509 7.4425e-06 9.10489e-06 1.28533
508 1.00918e-05 2.31373e-05 3.73695 7.35593e-06 9.10043e-06 1.32246
509 1.04624e-05 2.27096e-05 3.61799 7.82785e-06 9.07795e-06 1.29405
510 1.05087e-05 2.21424e-05 3.56381 7.58496e-06 8.86121e-06 1.25977
511 1.04583e-05 2.2657e-05 3.61541 7.65188e-06 8.75706e-06 1.26307
512 1.02964e-05 2.26734e-05 3.64813 7.58962e-06 8.81656e-06 1.26875
513 1.03177e-05 2.25803e-05 3.57456 7.7636e-06 9.05827e-06 1.28924
514 1.04705e-05 2.12184e-05 3.39254 7.61646e-06 8.68692e-06 1.25508
515 1.0253e-05 2.19037e-05 3.51272 7.51087e-06 8.82466e-06 1.27449
516 1.05301e-05 2.33888e-05 3.74269 7.92107e-06 8.90939e-06 1.28223
517 1.02936e-05 2.14579e-05 3.41645 7.60117e-06 8.81655e-06 1.27583
518 1.04564e-05 2.26958e-05 3.62576 7.78042e-06 9.09224e-06 1.29808
519 1.05483e-05 2.24501e-05 3.5836 7.84224e-06 9.16845e-06 1.34504
520 1.0094e-05 2.13511e-05 3.42597 7.53254e-06 8.69876e-06 1.24667
521 1.06363e-05 2.05538e-05 3.26066 7.49012e-06 8.74041e-06 1.23588
522 1.0499e-05 2.20081e-05 3.47682 7.68569e-06 8.97811e-06 1.28606
523 9.99605e-06 2.26601e-05 3.60524 7.54842e-06 8.94001e-06 1.27279
524 1.02979e-05 2.32852e-05 3.74278 7.40571e-06 9.23751e-06 1.3213
525 1.02012e-05 2.37684e-05 3.77816 7.55251e-06 9.41844e-06 1.33393
526 1.04912e-05 2.2916e-05 3.71437 7.71665e-06 8.84882e-06 1.27314
527 1.04888e-05 2.27457e-05 3.64503 7.66232e-06 8.73478e-06 1.22323
528 1.0214e-05 2.21924e-05 3.60086 7.54005e-06 9.07707e-06 1.32307
529 9.8394e-06 2.22414e-05 3.56709 7.24444e-06 9.0187e-06 1.3014
530 1.01589e-05 2.32194e-05 3.71879 7.42663e-06 9.05158e-06 1.27475
531 1.01543e-05 2.20121e-05 3.52067 7.42464e-06 8.8646e-06 1.271
532 1.02104e-05 2.28221e-05 3.64577 7.64074e-06 9.03729e-06 1.29043
533 1.00923e-05 2.18017e-05 3.49677 7.38035e-06 8.55206e-06 1.24597
534 1.00389e-05 2.33963e-05 3.77737 7.21175e-06 9.12701e-06 1.3091
535 1.01707e-05 2.14954e-05 3.36275 7.4416e-06 8.96101e-06 1.25969
536 1.00887e-05 2.25448e-05 3.64054 7.52852e-06 8.82802e-06 1.26568
537 1.05745e-05 2.29221e-05 3.65414 7.75128e-06 8.98738e-06 1.2745
538 1.01559e-05 2.15366e-05 3.42244 7.22895e-06 9.07023e-06 1.29613
539 1.04865e-05 2.18446e-05 3.46866 7.52021e-06 8.80434e-06 1.24449
540 1.00104e-05 2.22569e-05 3.50549 7.35565e-06 8.95976e-06 1.2592
541 1.01616e-05 2.26547e-05 3.61708 7.37796e-06 9.16971e-06 1.29221
542 1.02478e-05 2.25823e-05 3.58201 7.70672e-06 8.93292e-06 1.26866
543 9.91001e-06 2.30921e-05 3.71207 7.37805e-06 9.12264e-06 1.31511
544 9.90224e-06 2.18205e-05 3.50686 7.22352e-06 8.71503e-06 1.25126
545 9.93599e-06 2.17724e-05 3.46833 7.2172e-06 8.89364e-06 1.30387
546 9.90988e-06 2.27302e-05 3.67905 7.3729e-06 8.92529e-06 1.33037
547 1.02006e-05 2.15723e-05 3.40236 7.28077e-06 9.08372e-06 1.28156
548 1.01945e-05 2.19378e-05 3.50687 7.39549e-06 9.00124e-06 1.29204
549 1.0045e-05 2.22397e-05 3.5526 7.46968e-06 8.78793e-06 1.27351
550 9.80137e-06 2.18761e-05 3.47821 7.18177e-06 8.85017e-06 1.24212
551 1.02472e-05 2.27887e-05 3.63563 7.38736e-06 9.12136e-06 1.30082
552 9.512e-06 2.2354e-05 3.60495 6.88808e-06 8.96817e-06 1.28465
553 1.027e-05 2.24002e-05 3.54842 7.43287e-06 8.994e-06 1.27336
554 1.01214e-05 2.24927e-05 3.57965 7.31773e-06 9.05493e-06 1.29915
555 9.75682e-06 2.20045e-05 3.48755 7.11889e-06 8.9334e-06 1.28027
556 9.95601e-06 2.20775e-05 3.5411 7.25346e-06 9.00077e-06 1.28708
557 9.59407e-06 2.27522e-05 3.62039 7.113e-06 8.80259e-06 1.26268
558 9.71129e-06 2.25584e-05 3.59905 7.0364e-06 8.88685e-06 1.26554
559 1.00129e-05 2.17369e-05 3.47618 7.13407e-06 8.94796e-06 1.27528
560 9.92532e-06 2.34921e-05 3.74435 7.32306e-06 9.07709e-06 1.28556
561 1.02823e-05 2.29258e-05 3.64291 7.51864e-06 9.15113e-06 1.2689
562 1.02511e-05 2.124e-05 3.41119 7.45136e-06 8.70541e-06 1.24346
563 1.02723e-05 2.33006e-05 3.6719 7.54175e-06 8.99761e-06 1.24399
564 9.83137e-06 2.30465e-05 3.6827 7.26703e-06 9.08171e-06 1.28183
565 9.83546e-06 2.25741e-05 3.62406 6.97947e-06 8.99422e-06 1.2905
566 1.03147e-05 2.24795e-05 3.58435 7.60711e-06 8.89321e-06 1.24567
567 1.0102e-05 2.27716e-05 3.62515 7.22645e-06 8.94444e-06 1.24591
568 9.75157e-06 2.17348e-05 3.43388 6.87148e-06 9.10227e-06 1.29401
569 9.95972e-06 2.19662e-05 3.4591 7.16395e-06 9.09306e-06 1.28663
570 9.95711e-06 2.17235e-05 3.45548 7.16585e-06 8.89385e-06 1.24445
571 1.02055e-05 2.26641e-05 3.65165 7.40902e-06 8.80333e-06 1.25833
572 1.00229e-05 2.2444e-05 3.5455 7.31247e-06 9.01403e-06 1.27843
573 9.73076e-06 2.26238e-05 3.55104 7.11264e-06 9.20711e-06 1.29997
574 1.03058e-05 2.19771e-05 3.49363 7.19707e-06 8.62502e-06 1.2245
575 9.95163e-06 2.19481e-05 3.49536 7.0425e-06 9.05661e-06 1.29508
576 9.9271e-06 2.19853e-05 3.51599 7.13398e-06 9.16847e-06 1.3115
577 9.66998e-06 2.32926e-05 3.73571 7.129e-06 9.31927e-06 1.35189
578 1.02535e-05 2.19809e-05 3.48902 7.45087e-06 8.77791e-06 1.22236
579 9.80254e-06 2.21875e-05 3.50186 6.98747e-06 9.06357e-06 1.28351
580 9.91589e-06 2.25457e-05 3.58008 7.32605e-06 8.84199e-06 1.24677
581 1.02002e-05 2.2177e-05 3.52884 7.49568e-06 8.83444e-06 1.24734
582 1.02026e-05 2.25057e-05 3.59217 7.3503e-06 8.88618e-06 1.24999
583 9.91739e-06 2.24677e-05 3.56326 7.17462e-06 8.998e-06 1.27063
584 9.91797e-06 2.25619e-05 3.57614 7.25393e-06 8.91594e-06 1.25972
585 1.00675e-05 2.36581e-05 3.76551 7.29148e-06 9.30484e-06 1.29465
586 1.00253e-05 2.32267e-05 3.69741 7.33148e-06 8.9026e-06 1.22874
587 1.01174e-05 2.25376e-05 3.59223 7.39553e-06 8.97877e-06 1.26002
588 1.01182e-05 2.28876e-05 3.66346 7.26368e-06 8.83279e-06 1.22643
589 9.89865e-06 2.12241e-05 3.37883 7.15353e-06 8.74005e-06 1.23993
590 9.89603e-06 2.18802e-05 3.47415 7.11277e-06 9.02111e-06 1.2596
591 9.94549e-06 2.21298e-05 3.48362 7.17677e-06 8.95151e-06 1.24895
592 9.79826e-06 2.18193e-05 3.47745 7.12223e-06 8.70646e-06 1.22812
593 9.65829e-06 2.13356e-05 3.3665 6.9602e-06 8.79432e-06 1.25986
594 9.53367e-06 2.3212e-05 3.68162 7.1242e-06 9.04148e-06 1.26984
595 1.01923e-05 2.23533e-05 3.53638 7.31363e-06 9.02871e-06 1.26886
596 9.87477e-06 2.20713e-05 3.50978 7.08431e-06 8.74916e-06 1.2287
597 9.91788e-06 2.27136e-05 3.61744 7.11599e-06 9.1249e-06 1.27216
598 9.82724e-06 2.1709e-05 3.41761 7.19945e-06 8.83658e-06 1.27655
599 9.85822e-06 2.23749e-05 3.56883 7.23074e-06 8.67776e-06 1.22194
600 1.0128e-05 2.12447e-05 3.37853 7.21546e-06 8.9011e-06 1.2335
601 1.00347e-05 2.3053e-05 3.63814 6.91685e-06 9.07999e-06 1.24955
602 9.85848e-06 2.29475e-05 3.61701 7.1306e-06 9.07266e-06 1.26829
603 9.7941e-06 2.19079e-05 3.44652 7.18437e-06 8.73088e-06 1.23195
604 9.77292e-06 2.26535e-05 3.57205 7.21208e-06 9.02669e-06 1.26581
605 9.60778e-06 2.18463e-05 3.4419 6.90534e-06 8.8393e-06 1.22638
606 9.87119e-06 2.28407e-05 3.60842 7.17771e-06 8.85987e-06 1.24697
607 9.97769e-06 2.2106e-05 3.44751 7.3632e-06 9.0179e-06 1.27823
608 9.80534e-06 2.3034e-05 3.67014 7.03661e-06 9.0959e-06 1.27892
609 9.94044e-06 2.28047e-05 3.60895 7.15666e-06 9.13298e-06 1.28373
610 9.86205e-06 2.29985e-05 3.62246 7.23237e-06 9.07197e-06 1.24526
611 9.88832e-06 2.1873e-05 3.45622 6.99618e-06 8.67678e-06 1.20327
612 1.01797e-05 2.26378e-05 3.58045 7.45012e-06 9.27499e-06 1.3201
613 9.9902e-06 2.23068e-05 3.54523 7.08702e-06 8.68244e-06 1.20066
614 9.61275e-06 2.19344e-05 3.49069 6.92142e-06 8.75335e-06 1.25078
615 9.77432e-06 2.23667e-05 3.54829 7.08294e-06 8.91439e-06 1.24029
616 9.80212e-06 2.27982e-05 3.6064 7.06213e-06 8.852e-06 1.22384
617 1.00649e-05 2.24824e-05 3.54593 7.03446e-06 8.99383e-06 1.24348
618 9.64997e-06 2.2748e-05 3.60656 7.05868e-06 9.04122e-06 1.27129
619 9.33399e-06 2.31045e-05 3.66871 6.72207e-06 9.21898e-06 1.28134
620 9.57967e-06 2.23732e-05 3.54746 6.84265e-06 9.0948e-06 1.28346
621 9.74964e-06 2.22073e-05 3.53712 7.11228e-06 8.62551e-06 1.21394
622 9.92552e-06 2.20711e-05 3.45785 7.15065e-06 8.86274e-06 1.2486
623 9.71267e-06 2.33725e-05 3.72364 7.14145e-06 9.12543e-06 1.27367
624 9.91464e-06 2.21187e-05 3.52465 7.03934e-06 8.89832e-06 1.2759
625 9.56451e-06 2.23033e-05 3.55856 6.6621e-06 9.00529e-06 1.25344
626 9.735e-06 2.27505e-05 3.6045 7.07774e-06 8.78084e-06 1.23861
627 9.99843e-06 2.23564e-05 3.56072 7.25748e-06 8.68038e-06 1.23394
628 9.97958e-06 2.18345e-05 3.44728 7.16086e-06 8.73021e-06 1.21846
629 1.00598e-05 2.30408e-05 3.64776 7.21414e-06 8.89039e-06 1.24382
630 9.39693e-06 2.31467e-05 3.69067 6.78213e-06 9.05695e-06 1.29057
631 9.76317e-06 2.24519e-05 3.51822 7.07995e-06 8.99582e-06 1.24842
632 9.84411e-06 2.23883e-05 3.5515 7.07039e-06 8.8337e-06 1.23785
633 9.85297e-06 2.31047e-05 3.64729 7.34351e-06 9.08793e-06 1.28909
634 9.45086e-06 2.28808e-05 3.61432 6.83309e-06 9.11143e-06 1.27081
635 9.78845e-06 2.29607e-05 3.64839 6.95263e-06 8.89713e-06 1.22143
636 9.78853e-06 2.13089e-05 3.38007 7.00337e-06 8.8143e-06 1.23223
637 1.00208e-05 2.19129e-05 3.51758 7.20677e-06 8.82826e-06 1.26695
638 9.68101e-06 2.26228e-05 3.54463 7.02361e-06 9.05461e-06 1.2308
639 9.81919e-06 2.22547e-05 3.55365 6.96062e-06 8.64517e-06 1.19828
640 9.83883e-06 2.14613e-05 3.32768 7.12666e-06 8.72101e-06 1.20123
641 9.97799e-06 2.19576e-05 3.45266 7.05413e-06 8.90569e-06 1.24031
642 9.33295e-06 2.32323e-05 3.67367 6.76058e-06 9.17306e-06 1.28189
643 1.00878e-05 2.17866e-05 3.44119 7.1455e-06 8.84595e-06 1.24609
644 9.6369e-06 2.25065e-05 3.54102 7.1258e-06 8.735e-06 1.20922
645 9.92032e-06 2.1668e-05 3.44671 6.90129e-06 8.76273e-06 1.23324
646 9.49922e-06 2.34068e-05 3.65229 7.22356e-06 9.23387e-06 1.27537
647 9.53335e-06 2.25846e-05 3.58414 6.94167e-06 8.84462e-06 1.26569
648 9.42603e-06 2.25745e-05 3.5861 6.82138e-06 9.04043e-06 1.28159
649 9.71606e-06 2.16766e-05 3.41645 6.82671e-06 8.60635e-06 1.19781
650 9.62054e-06 2.23586e-05 3.55733 6.96181e-06 8.87131e-06 1.22883
651 9.56852e-06 2.24064e-05 3.50747 7.01672e-06 8.89813e-06 1.21999
652 9.6504e-06 2.21001e-05 3.52601 6.79294e-06 8.83497e-06 1.2477
653 9.83589e-06 2.17407e-05 3.39246 6.86205e-06 9.06987e-06 1.25546
654 9.71727e-06 2.19577e-05 3.44606 6.89853e-06 8.79369e-06 1.20126
655 1.00515e-05 2.2781e-05 3.58181 7.21627e-06 8.97624e-06 1.22474
656 9.45112e-06 2.18691e-05 3.39948 6.9097e-06 8.49486e-06 1.1728
657 9.78927e-06 2.34521e-05 3.74009 6.96165e-06 8.94551e-06 1.26094
658 9.52e-06 2.20961e-05 3.46604 6.78661e-06 8.79768e-06 1.21407
659 9.66045e-06 2.19867e-05 3.45054 6.88994e-06 8.88043e-06 1.23162
660 9.88274e-06 2.19347e-05 3.43413 7.19014e-06 8.83516e-06 1.21639
661 9.50868e-06 2.28335e-05 3.57629 6.83694e-06 9.03448e-06 1.23084
662 9.98298e-06 2.19112e-05 3.41942 7.34495e-06 8.61679e-06 1.17338
663 9.63353e-06 2.19581e-05 3.45257 6.78788e-06 8.78802e-06 1.20137
664 9.56714e-06 2.11769e-05 3.30628 6.88003e-06 8.56379e-06 1.18494
665 9.56377e-06 2.26193e-05 3.56892 6.93803e-06 9.06196e-06 1.27736
666 9.42727e-06 2.30782e-05 3.62969 6.89188e-06 8.9053e-06 1.22091
667 9.91418e-06 2.21305e-05 3.45565 7.27783e-06 8.80422e-06 1.20693
668 9.47437e-06 2.27281e-05 3.62442 6.75516e-06 8.8941e-06 1.2462
669 9.74026e-06 2.15075e-05 3.32882 7.06683e-06 8.68543e-06 1.18068
670 9.54211e-06 2.11125e-05 3.30314 6.80031e-06 8.68499e-06 1.2033
671 9.27978e-06 2.24225e-05 3.53415 6.63943e-06 9.03366e-06 1.28131
672 9.5177e-06 2.26026e-05 3.56152 6.84505e-06 8.75768e-06 1.2142
673 9.73628e-06 2.2269e-05 3.48556 6.95259e-06 8.95549e-06 1.21611
674 9.23226e-06 2.18467e-05 3.4084 6.78503e-06 8.77634e-06 1.22554
675 9.47808e-06 2.23408e-05 3.46042 6.77856e-06 8.94816e-06 1.22292
676 9.80124e-06 2.22677e-05 3.49634 6.92897e-06 8.78434e-06 1.19432
677 9.53003e-06 2.23812e-05 3.49242 6.86867e-06 8.8457e-06 1.2114
678 9.42356e-06 2.14088e-05 3.34431 6.8514e-06 8.87502e-06 1.22388
679 9.54137e-06 2.21803e-05 3.47737 6.95147e-06 8.53376e-06 1.17316
680 9.77086e-06 2.25369e-05 3.5518 6.92552e-06 8.94958e-06 1.22308
681 9.60051e-06 2.25499e-05 3.53942 6.76504e-06 9.17968e-06 1.27036
682 9.2643e-06 2.28119e-05 3.61341 6.4423e-06 9.10622e-06 1.26562
683 9.56052e-06 2.18006e-05 3.44032 6.86136e-06 8.98921e-06 1.25968
684 9.48198e-06 2.27972e-05 3.59847 6.85818e-06 8.83737e-06 1.21749
685 9.5686e-06 2.22809e-05 3.49583 6.80704e-06 8.85223e-06 1.20576
686 9.2738e-06 2.16321e-05 3.43683 6.70343e-06 8.49042e-06 1.18495
687 9.23243e-06 2.26744e-05 3.58818 6.61982e-06 9.02265e-06 1.26577
688 9.67261e-06 2.22081e-05 3.49644 7.06718e-06 8.66432e-06 1.1856
689 9.22674e-06 2.1885e-05 3.41275 6.63221e-06 8.79205e-06 1.20919
690 9.95057e-06 2.10235e-05 3.31891 7.02885e-06 8.61374e-06 1.17919
691 9.5936e-06 2.2246e-05 3.4966 6.82839e-06 8.92928e-06 1.23185
692 9.44689e-06 2.11601e-05 3.30331 6.74417e-06 8.74529e-06 1.20658
693 9.46977e-06 2.23817e-05 3.50365 6.72052e-06 8.8335e-06 1.22529
694 9.36885e-06 2.19657e-05 3.46781 6.60348e-06 8.95413e-06 1.26699
695 9.52874e-06 2.28692e-05 3.61541 6.76376e-06 9.04484e-06 1.26552
696 9.48017e-06 2.24489e-05 3.49882 6.88601e-06 8.96636e-06 1.24014
697 9.43131e-06 2.16311e-05 3.40243 6.72398e-06 8.73924e-06 1.22035
698 9.4261e-06 2.16738e-05 3.41185 6.6226e-06 8.53e-06 1.17649
699 9.45857e-06 2.16459e-05 3.39026 6.76264e-06 8.66311e-06 1.18177
700 9.39326e-06 2.1853e-05 3.42834 6.67452e-06 8.47013e-06 1.14307
701 9.35101e-06 2.33903e-05 3.69314 6.81822e-06 9.01269e-06 1.2429
702 9.5823e-06 2.16539e-05 3.37113 6.88448e-06 8.90778e-06 1.23648
703 9.4962e-06 2.22911e-05 3.49215 6.80102e-06 8.77162e-06 1.19531
704 9.32498e-06 2.36955e-05 3.7302 6.82529e-06 9.06532e-06 1.2381
705 9.72942e-06 2.18498e-05 3.4191 6.78038e-06 8.72496e-06 1.17787
706 9.19874e-06 2.31668e-05 3.66183 6.5816e-06 9.09129e-06 1.25533
707 9.83913e-06 2.16591e-05 3.37507 6.90423e-06 8.82241e-06 1.20182
708 9.60737e-06 2.20541e-05 3.4555 6.64033e-06 8.98223e-06 1.23159
709 9.39047e-06 2.25464e-05 3.53531 6.72402e-06 9.04783e-06 1.24403
710 9.51942e-06 2.2238e-05 3.46074 6.7809e-06 8.92733e-06 1.20181
711 9.69012e-06 2.16371e-05 3.37738 6.84627e-06 8.63314e-06 1.2017
712 9.25638e-06 2.20063e-05 3.4474 6.65033e-06 8.96509e-06 1.25197
713 9.06845e-06 2.28769e-05 3.60563 6.46592e-06 8.86301e-06 1.2284
714 9.32734e-06 2.13447e-05 3.35415 6.54622e-06 8.57808e-06 1.19448
715 9.17762e-06 2.27963e-05 3.6011 6.43331e-06 9.02313e-06 1.24937
716 9.34324e-06 2.2669e-05 3.52187 6.7285e-06 8.9956e-06 1.23573
717 9.2972e-06 2.20285e-05 3.40945 6.52199e-06 8.9607e-06 1.21363
718 9.58847e-06 2.18355e-05 3.37697 6.61395e-06 8.79403e-06 1.19448
719 9.20547e-06 2.30601e-05 3.63003 6.49481e-06 9.03189e-06 1.24076
720 9.31074e-06 2.2562e-05 3.55845 6.65088e-06 8.71786e-06 1.18775
721 9.63135e-06 2.18502e-05 3.36603 6.80024e-06 8.85097e-06 1.18806
722 9.45428e-06 2.1898e-05 3.43771 6.75281e-06 8.75232e-06 1.20414
723 9.29575e-06 2.29708e-05 3.61337 6.70303e-06 8.87297e-06 1.2127
724 9.62798e-06 2.24169e-05 3.51916 6.80254e-06 8.82015e-06 1.17707
725 9.16208e-06 2.2285e-05 3.49239 6.65784e-06 8.85817e-06 1.21586
726 9.47024e-06 2.09048e-05 3.26901 6.78007e-06 8.51404e-06 1.16097
727 9.56413e-06 2.27536e-05 3.58102 6.94439e-06 8.77543e-06 1.22328
728 9.25366e-06 2.16258e-05 3.38772 6.3826e-06 8.70381e-06 1.19717
729 9.55335e-06 2.21973e-05 3.49984 6.69784e-06 8.7842e-06 1.20121
730 9.40577e-06 2.26837e-05 3.55773 6.78748e-06 9.07311e-06 1.26029
731 9.43681e-06 2.20904e-05 3.46118 6.7194e-06 8.94969e-06 1.23783
732 9.19904e-06 2.2662e-05 3.53096 6.52439e-06 8.71262e-06 1.18831
733 9.44383e-06 2.23082e-05 3.48792 6.6965e-06 8.76323e-06 1.18564
734 9.1991e-06 2.23658e-05 3.49217 6.55717e-06 9.01957e-06 1.22956
735 9.39815e-06 2.21283e-05 3.44326 6.52162e-06 8.87988e-06 1.21761
736 9.1291e-06 2.25434e-05 3.53944 6.57371e-06 8.67989e-06 1.19676
737 9.05749e-06 2.22692e-05 3.52098 6.56076e-06 8.73487e-06 1.21342
738 9.23029e-06 2.22289e-05 3.4616 6.38125e-06 8.77876e-06 1.19708
739 9.01104e-06 2.17312e-05 3.38023 6.41627e-06 8.89746e-06 1.23691
740 9.68415e-06 2.14847e-05 3.33048 6.73417e-06 8.88425e-06 1.18676
741 9.75049e-06 2.12535e-05 3.28804 6.87256e-06 8.56349e-06 1.15381
742 9.25677e-06 2.38249e-05 3.72194 6.6935e-06 9.11937e-06 1.22504
743 8.89176e-06 2.27678e-05 3.56359 6.23861e-06 9.16996e-06 1.25048
744 9.35435e-06 2.0874e-05 3.24515 6.50066e-06 8.66247e-06 1.18902
745 9.46089e-06 2.23381e-05 3.48356 6.80654e-06 8.90651e-06 1.21604
746 9.15517e-06 2.19609e-05 3.43566 6.44583e-06 8.71872e-06 1.20539
747 9.19099e-06 2.30979e-05 3.58581 6.33393e-06 9.09149e-06 1.20527
748 9.42218e-06 2.20281e-05 3.41848 6.70256e-06 8.87467e-06 1.2093
749 9.08964e-06 2.22073e-05 3.47272 6.40535e-06 8.72376e-06 1.17696
750 9.17165e-06 2.15929e-05 3.40868 6.42613e-06 8.79378e-06 1.23492
751 9.42844e-06 2.24751e-05 3.51814 6.63883e-06 8.75998e-06 1.17173
752 9.31295e-06 2.2132e-05 3.41553 6.80326e-06 8.84171e-06 1.18539
753 9.26776e-06 2.21027e-05 3.43447 6.55424e-06 8.92249e-06 1.23563
754 9.39607e-06 2.17811e-05 3.38426 6.48133e-06 8.81399e-06 1.2014
755 8.99166e-06 2.31513e-05 3.6272 6.48606e-06 9.1705e-06 1.26725
756 8.91406e-06 2.311e-05 3.64752 6.31372e-06 8.92041e-06 1.2164
757 9.2915e-06 2.20775e-05 3.48199 6.85587e-06 8.69617e-06 1.19417
758 8.89546e-06 2.18199e-05 3.42359 6.2566e-06 8.76281e-06 1.19605
759 9.19105e-06 2.21535e-05 3.4902 6.44737e-06 8.90146e-06 1.20832
760 9.25414e-06 2.28595e-05 3.53664 6.4489e-06 9.06899e-06 1.21166
761 9.65198e-06 2.16956e-05 3.34556 6.66734e-06 8.8432e-06 1.16934
762 9.28166e-06 2.27004e-05 3.53864 6.76759e-06 9.12577e-06 1.25974
763 9.4972e-06 2.10401e-05 3.23229 6.67408e-06 8.80972e-06 1.17807
764 9.1429e-06 2.26288e-05 3.54627 6.62656e-06 8.78151e-06 1.21295
765 9.29801e-06 2.18888e-05 3.3937 6.6193e-06 8.81818e-06 1.17672
766 9.02683e-06 2.18209e-05 3.3972 6.19366e-06 8.68523e-06 1.17711
767 9.34882e-06 2.10372e-05 3.27996 6.41805e-06 8.50184e-06 1.15592
768 9.24186e-06 2.23299e-05 3.48864 6.49595e-06 8.67977e-06 1.15247
769 9.43428e-06 2.23313e-05 3.48227 6.86938e-06 8.78268e-06 1.19807
770 9.43071e-06 2.15963e-05 3.35714 6.66664e-06 8.77964e-06 1.1904
771 9.11286e-06 2.18012e-05 3.39526 6.31247e-06 8.71993e-06 1.17615
772 9.58912e-06 2.12225e-05 3.27527 6.77088e-06 8.70751e-06 1.18807
773 9.01271e-06 2.12337e-05 3.30294 6.27928e-06 8.67116e-06 1.17061
774 9.18117e-06 2.19645e-05 3.39896 6.26037e-06 8.99979e-06 1.21705
775 9.41572e-06 2.22684e-05 3.45236 6.80622e-06 8.81321e-06 1.17313
776 9.29578e-06 2.25842e-05 3.52937 6.5006e-06 9.11329e-06 1.21927
777 9.16168e-06 2.13354e-05 3.31462 6.42167e-06 8.67428e-06 1.16429
778 8.9175e-06 2.24851e-05 3.49455 6.30766e-06 8.78396e-06 1.19468
779 9.03587e-06 2.21855e-05 3.47783 6.41347e-06 8.82055e-06 1.22676
780 9.08671e-06 2.18802e-05 3.41072 6.47179e-06 8.75947e-06 1.18565
781 9.5097e-06 2.3102e-05 3.58987 6.75992e-06 9.0057e-06 1.21108
782 9.07723e-06 2.25382e-05 3.5015 6.56726e-06 8.73905e-06 1.17418
783 9.10117e-06 2.16179e-05 3.37957 6.49064e-06 8.70063e-06 1.19427
784 9.4784e-06 2.31046e-05 3.61785 6.81724e-06 8.89256e-06 1.18729
785 9.29037e-06 2.20937e-05 3.44639 6.59049e-06 8.99938e-06 1.23577
786 8.88552e-06 2.09884e-05 3.29023 6.06608e-06 8.60942e-06 1.17569
787 9.06528e-06 2.3027e-05 3.59751 6.51773e-06 8.96085e-06 1.20713
788 9.05767e-06 2.20089e-05 3.42452 6.12102e-06 8.86878e-06 1.19905
789 8.72476e-06 2.24764e-05 3.51327 6.19613e-06 8.5803e-06 1.18405
790 9.13829e-06 2.21648e-05 3.4444 6.47868e-06 8.81734e-06 1.18523
791 8.94106e-06 2.18317e-05 3.41333 6.4512e-06 8.61242e-06 1.19708
792 9.11512e-06 2.27652e-05 3.50308 6.52385e-06 9.02578e-06 1.20227
793 9.57293e-06 2.21137e-05 3.4181 6.67252e-06 8.59923e-06 1.13868
794 9.27607e-06 2.18361e-05 3.35153 6.61693e-06 8.97691e-06 1.18346
795 9.29569e-06 2.2075e-05 3.43615 6.33451e-06 8.83877e-06 1.18162
796 9.20709e-06 2.13995e-05 3.315 6.50464e-06 8.50218e-06 1.14681
797 9.12876e-06 2.21471e-05 3.45165 6.49193e-06 8.71026e-06 1.16319
798 9.37862e-06 2.22218e-05 3.4591 6.70254e-06 8.86173e-06 1.19446
799 8.92796e-06 2.24562e-05 3.52484 6.41673e-06 8.71082e-06 1.16883
800 9.14727e-06 2.20324e-05 3.39671 6.46676e-06 8.91423e-06 1.2054
801 9.30484e-06 2.21666e-05 3.44416 6.59845e-06 8.91783e-06 1.20568
802 8.97974e-06 2.18077e-05 3.39537 6.24076e-06 8.7198e-06 1.1804
803 9.16336e-06 2.20028e-05 3.42911 6.5966e-06 8.73501e-06 1.18945
804 9.04641e-06 2.19273e-05 3.37345 6.35299e-06 8.92976e-06 1.19899
805 8.99873e-06 2.21704e-05 3.40032 6.27597e-06 8.84417e-06 1.18641
806 9.0053e-06 2.2957e-05 3.59214 6.51931e-06 8.85815e-06 1.18682
807 9.01306e-06 2.29735e-05 3.59849 6.29797e-06 8.83608e-06 1.19336
808 9.14392e-06 2.15747e-05 3.3548 6.30811e-06 8.81752e-06 1.19217
809 9.48599e-06 2.25588e-05 3.50115 6.69523e-06 8.93888e-06 1.20522
810 9.18349e-06 2.18579e-05 3.41072 6.50765e-06 8.79894e-06 1.20543
811 9.0338e-06 2.20839e-05 3.42251 6.40057e-06 8.85061e-06 1.21383
812 8.85342e-06 2.30771e-05 3.60516 6.19331e-06 8.96626e-06 1.2184
813 9.36022e-06 2.20139e-05 3.43536 6.47949e-06 8.72258e-06 1.18618
814 9.21448e-06 2.27813e-05 3.50972 6.59427e-06 9.00265e-06 1.2229
815 9.1559e-06 2.2197e-05 3.41343 6.4098e-06 8.79893e-06 1.17238
816 8.92027e-06 2.19142e-05 3.41994 6.32316e-06 8.74093e-06 1.20463
817 9.04102e-06 2.18669e-05 3.4074 6.32299e-06 8.65812e-06 1.16673
818 9.0427e-06 2.22709e-05 3.48289 6.18651e-06 8.87945e-06 1.18912
819 8.9981e-06 2.14729e-05 3.29583 6.08337e-06 8.91926e-06 1.20983
820 8.73918e-06 2.30068e-05 3.61265 6.22463e-06 8.80346e-06 1.19082
821 8.82655e-06 2.23514e-05 3.48558 6.23133e-06 8.9516e-06 1.2036
822 8.77487e-06 2.2352e-05 3.45045 6.21349e-06 8.87549e-06 1.18727
823 9.44793e-06 2.18925e-05 3.40204 6.59687e-06 8.59963e-06 1.13273
824 9.34507e-06 2.18243e-05 3.37525 6.44374e-06 8.80876e-06 1.17247
825 9.15055e-06 2.15898e-05 3.33287 6.35745e-06 8.64123e-06 1.16005
826 8.91616e-06 2.16638e-05 3.36415 6.20733e-06 8.92357e-06 1.20908
827 8.87144e-06 2.30269e-05 3.61035 6.32724e-06 9.09377e-06 1.23811
828 9.16399e-06 2.17866e-05 3.36724 6.31097e-06 8.75573e-06 1.15204
829 8.9212e-06 2.26168e-05 3.52114 6.33237e-06 8.80166e-06 1.17267
830 9.09386e-06 2.17974e-05 3.38531 6.36733e-06 8.78762e-06 1.17246
831 9.03031e-06 2.27625e-05 3.51556 6.29776e-06 9.25079e-06 1.24876
832 8.89337e-06 2.21861e-05 3.42941 6.25281e-06 8.88373e-06 1.19413
833 9.06068e-06 2.12306e-05 3.31918 6.0912e-06 8.54266e-06 1.16075
834 8.70146e-06 2.19112e-05 3.41674 6.10657e-06 8.65518e-06 1.18569
835 8.87608e-06 2.24234e-05 3.4337 6.20849e-06 8.99473e-06 1.20328
836 8.983e-06 2.24097e-05 3.46547 6.30931e-06 8.91984e-06 1.1941
837 8.96212e-06 2.2238e-05 3.42135 6.43089e-06 8.90444e-06 1.18282
838 9.06964e-06 2.25032e-05 3.50856 6.30787e-06 8.98663e-06 1.21127
839 8.87e-06 2.19813e-05 3.43434 6.14002e-06 8.58716e-06 1.17158
840 8.63001e-06 2.25615e-05 3.53578 6.21831e-06 8.81556e-06 1.19943
841 8.91574e-06 2.30897e-05 3.59551 6.52125e-06 8.76119e-06 1.17546
842 8.97652e-06 2.18542e-05 3.39192 6.20301e-06 8.89763e-06 1.21287
843 8.92285e-06 2.22085e-05 3.42374 6.35941e-06 8.95582e-06 1.21187
844 9.14034e-06 2.26221e-05 3.49683 6.46876e-06 8.95481e-06 1.1784
845 8.91016e-06 2.24967e-05 3.48681 6.19174e-06 8.75654e-06 1.18696
846 9.29174e-06 2.14394e-05 3.35387 6.37288e-06 8.74332e-06 1.18853
847 9.1254e-06 2.12112e-05 3.27757 6.37081e-06 8.73493e-06 1.17233
848 8.83154e-06 2.24283e-05 3.48627 6.24243e-06 8.95243e-06 1.21508
849 8.89091e-06 2.24381e-05 3.49351 6.33571e-06 8.69511e-06 1.16299
850 8.80684e-06 2.24801e-05 3.48891 6.2554e-06 8.96926e-06 1.21117
851 9.04925e-06 2.20624e-05 3.40792 6.40673e-06 8.6434e-06 1.1579
852 9.23647e-06 2.13707e-05 3.34052 6.36522e-06 8.662e-06 1.18319
853 8.69839e-06 2.24762e-05 3.48864 6.08646e-06 8.74449e-06 1.17948
854 8.93183e-06 2.14086e-05 3.30352 6.22815e-06 8.63808e-06 1.17288
855 8.97498e-06 2.1731e-05 3.34933 6.23783e-06 8.69889e-06 1.15459
856 9.04984e-06 2.20907e-05 3.45054 6.1679e-06 8.71057e-06 1.17001
857 9.16196e-06 2.15637e-05 3.31725 6.30307e-06 8.67783e-06 1.15444
858 8.826e-06 2.1087e-05 3.25116 6.1507e-06 8.85723e-06 1.20867
859 9.15627e-06 2.19738e-05 3.38865 6.33582e-06 8.77945e-06 1.16319
860 9.0994e-06 2.2716e-05 3.48145 6.34173e-06 8.93315e-06 1.17732
861 9.07229e-06 2.20222e-05 3.41873 6.26691e-06 8.91432e-06 1.20884
862 8.85789e-06 2.21025e-05 3.39142 6.2876e-06 8.86193e-06 1.17083
863 9.32102e-06 2.23486e-05 3.47484 6.46079e-06 8.81615e-06 1.18127
864 8.86326e-06 2.22377e-05 3.46606 6.38947e-06 8.7123e-06 1.16934
865 9.11669e-06 2.25832e-05 3.44663 6.38371e-06 8.77552e-06 1.15233
866 8.90858e-06 2.13963e-05 3.25706 6.10599e-06 8.7761e-06 1.15974
867 9.24169e-06 2.20383e-05 3.40506 6.47575e-06 8.78796e-06 1.15595
868 8.85417e-06 2.20919e-05 3.40449 5.96094e-06 8.84756e-06 1.16377
869 8.88314e-06 2.24544e-05 3.45373 6.31739e-06 8.90849e-06 1.19704
870 8.82874e-06 2.24243e-05 3.46159 6.27342e-06 8.95915e-06 1.21609
871 9.02705e-06 2.27128e-05 3.49925 6.17073e-06 9.16187e-06 1.23389
872 9.00093e-06 2.21804e-05 3.41482 6.14753e-06 8.94962e-06 1.1764
873 9.08369e-06 2.18308e-05 3.36266 6.41328e-06 8.81049e-06 1.17969
874 9.09141e-06 2.30788e-05 3.56721 6.45901e-06 9.07497e-06 1.19548
875 8.82224e-06 2.15042e-05 3.3328 6.09335e-06 8.70299e-06 1.1831
876 8.94492e-06 2.33246e-05 3.622 6.14872e-06 9.13242e-06 1.22447
877 8.84812e-06 2.25349e-05 3.47239 6.27851e-06 8.98756e-06 1.19207
878 8.83608e-06 2.19076e-05 3.36794 6.13972e-06 8.82981e-06 1.18279
879 8.87446e-06 2.27324e-05 3.54386 6.34036e-06 8.84173e-06 1.18597
880 9.0402e-06 2.13585e-05 3.29817 6.11747e-06 8.70782e-06 1.17091
881 9.04233e-06 2.22526e-05 3.43019 6.27301e-06 8.72074e-06 1.17364
882 8.97657e-06 2.17742e-05 3.3784 6.21904e-06 8.72179e-06 1.17432
883 8.84021e-06 2.22606e-05 3.45088 6.18495e-06 8.77332e-06 1.16898
884 8.91611e-06 2.21243e-05 3.38658 6.26007e-06 8.59079e-06 1.11694
885 8.62391e-06 2.15044e-05 3.35807 5.78412e-06 8.77076e-06 1.18802
886 8.82866e-06 2.28112e-05 3.52262 6.21766e-06 8.87134e-06 1.17459
887 9.01033e-06 2.20706e-05 3.42906 6.28408e-06 8.78958e-06 1.1763
888 8.47137e-06 2.29591e-05 3.57265 5.98343e-06 8.98389e-06 1.21053
889 8.70799e-06 2.28027e-05 3.50374 6.05286e-06 8.92867e-06 1.1836
890 8.84862e-06 2.23885e-05 3.46216 6.25045e-06 8.77326e-06 1.17276
891 9.01666e-06 2.18603e-05 3.36752 6.28372e-06 8.78587e-06 1.16702
892 8.58774e-06 2.3301e-05 3.61181 6.0294e-06 9.05496e-06 1.213
893 8.82034e-06 2.32883e-05 3.61711 6.04841e-06 9.06401e-06 1.20045
894 8.90313e-06 2.30383e-05 3.59795 6.29294e-06 8.94176e-06 1.18451
895 8.76059e-06 2.25605e-05 3.4731 6.06973e-06 8.95456e-06 1.1803
896 8.87672e-06 2.23878e-05 3.47644 6.10346e-06 8.75016e-06 1.17435
897 9.00805e-06 2.12165e-05 3.24446 6.18843e-06 8.50145e-06 1.1131
898 8.81566e-06 2.21314e-05 3.37672 6.04882e-06 8.97716e-06 1.20219
899 8.89661e-06 2.27459e-05 3.49269 6.35012e-06 8.92819e-06 1.18281
900 8.69111e-06 2.18471e-05 3.41429 6.14633e-06 8.70308e-06 1.16865
901 9.07778e-06 2.16322e-05 3.33029 6.13808e-06 8.74101e-06 1.16296
902 8.71794e-06 2.17926e-05 3.36853 6.19608e-06 8.67516e-06 1.16682
903 8.96023e-06 2.18023e-05 3.36361 6.06744e-06 8.67406e-06 1.15153
904 8.95141e-06 2.17431e-05 3.32247 6.17433e-06 8.81473e-06 1.17509
905 8.44909e-06 2.22349e-05 3.44153 5.86954e-06 8.89557e-06 1.19812
906 8.82496e-06 2.23882e-05 3.448 6.12889e-06 8.89453e-06 1.1794
907 8.8791e-06 2.17364e-05 3.33381 6.15852e-06 8.86171e-06 1.18453
908 8.76824e-06 2.24428e-05 3.47833 6.08874e-06 9.03953e-06 1.19747
909 8.47298e-06 2.21621e-05 3.42687 5.95646e-06 8.84716e-06 1.19699
910 8.74986e-06 2.25829e-05 3.49049 6.28779e-06 8.76345e-06 1.1554
911 8.6948e-06 2.24991e-05 3.44774 6.18657e-06 9.04935e-06 1.20466
912 8.85377e-06 2.3021e-05 3.53408 6.12838e-06 9.22166e-06 1.22015
913 8.82076e-06 2.18239e-05 3.37243 6.16404e-06 8.72656e-06 1.17094
914 8.88966e-06 2.20989e-05 3.40882 6.31052e-06 8.79411e-06 1.17192
915 8.79275e-06 2.26672e-05 3.49653 6.16034e-06 8.9494e-06 1.18017
916 9.04022e-06 2.17669e-05 3.35294 6.26781e-06 8.75155e-06 1.16732
917 8.66816e-06 2.15462e-05 3.328 6.00221e-06 8.69316e-06 1.16552
918 8.59624e-06 2.30415e-05 3.60255 6.08163e-06 8.93233e-06 1.19653
919 8.6878e-06 2.25863e-05 3.49106 6.22078e-06 8.90347e-06 1.19421
920 8.47869e-06 2.18409e-05 3.35404 5.68515e-06 8.79752e-06 1.1586
921 9.2314e-06 2.16121e-05 3.31953 6.17606e-06 8.75024e-06 1.14063
922 8.75874e-06 2.22283e-05 3.39251 6.2386e-06 8.88144e-06 1.17074
923 8.66777e-06 2.17358e-05 3.37352 5.87848e-06 8.78758e-06 1.1892
924 8.58405e-06 2.17912e-05 3.34925 5.90689e-06 8.89191e-06 1.19907
925 8.78887e-06 2.15765e-05 3.30175 6.08589e-06 8.67192e-06 1.14925
926 8.92986e-06 2.27752e-05 3.5192 6.23225e-06 8.73358e-06 1.14349
927 8.56749e-06 2.29886e-05 3.5493 6.12315e-06 9.10431e-06 1.20431
928 8.77634e-06 2.19287e-05 3.39638 6.05816e-06 8.60272e-06 1.14072
929 8.483e-06 2.21869e-05 3.39741 5.88367e-06 8.96784e-06 1.19743
930 8.61807e-06 2.22662e-05 3.44248 6.13382e-06 8.86627e-06 1.19564
931 8.91715e-06 2.20944e-05 3.37459 6.14723e-06 8.93539e-06 1.15914
932 8.59203e-06 2.21234e-05 3.41871 6.02099e-06 8.58381e-06 1.13551
933 8.67075e-06 2.25892e-05 3.47835 6.09539e-06 8.87971e-06 1.17655
934 8.8688e-06 2.20691e-05 3.40613 6.00764e-06 8.7918e-06 1.163
935 8.47184e-06 2.17766e-05 3.37261 5.90158e-06 8.80354e-06 1.18983
936 8.86225e-06 2.18209e-05 3.34253 6.07982e-06 8.84732e-06 1.1749
937 8.77223e-06 2.20064e-05 3.38354 6.0681e-06 8.73404e-06 1.14947
938 8.6739e-06 2.27112e-05 3.53807 6.09244e-06 8.83329e-06 1.1803
939 8.64961e-06 2.23981e-05 3.44696 5.91498e-06 8.98144e-06 1.18794
940 8.68198e-06 2.21844e-05 3.42837 5.90241e-06 8.61587e-06 1.13232
941 8.65455e-06 2.25296e-05 3.47365 5.94479e-06 8.96583e-06 1.19319
942 8.34693e-06 2.24042e-05 3.45662 5.96353e-06 8.88757e-06 1.18969
943 8.92449e-06 2.22764e-05 3.43479 6.0918e-06 8.74429e-06 1.15522
944 8.6666e-06 2.28825e-05 3.51601 6.13442e-06 8.92206e-06 1.18683
945 9.02228e-06 2.1581e-05 3.32287 6.32663e-06 8.37937e-06 1.11149
946 8.77763e-06 2.18514e-05 3.36576 6.19295e-06 8.53671e-06 1.12207
947 8.80462e-06 2.23144e-05 3.44682 5.98868e-06 8.81287e-06 1.18381
948 8.51236e-06 2.14898e-05 3.32087 5.8302e-06 8.6977e-06 1.1516
949 8.7389e-06 2.21432e-05 3.42319 5.97284e-06 8.82561e-06 1.17129
950 8.56499e-06 2.15576e-05 3.32126 5.79087e-06 8.7774e-06 1.17945
951 8.56575e-06 2.24643e-05 3.4745 5.94349e-06 8.66539e-06 1.16393
952 8.49052e-06 2.26675e-05 3.49301 5.82263e-06 8.75103e-06 1.1485
953 8.54443e-06 2.28004e-05 3.52287 5.93268e-06 8.86858e-06 1.16847
954 8.61877e-06 2.26368e-05 3.51049 6.02623e-06 8.77878e-06 1.17469
955 8.39277e-06 2.18048e-05 3.35562 5.76506e-06 8.82078e-06 1.18648
956 8.75297e-06 2.2339e-05 3.43828 6.06804e-06 8.77513e-06 1.15413
957 8.58995e-06 2.20304e-05 3.39691 6.03168e-06 8.81472e-06 1.17756
958 8.67681e-06 2.19181e-05 3.4059 6.00615e-06 8.80196e-06 1.19597
959 8.48044e-06 2.24846e-05 3.48994 5.91038e-06 9.04186e-06 1.21521
960 8.5884e-06 2.30059e-05 3.57545 5.97164e-06 9.02891e-06 1.20924
961 8.93151e-06 2.19767e-05 3.35375 6.06332e-06 8.81841e-06 1.15217
962 8.82282e-06 2.21918e-05 3.45637 6.02038e-06 8.74869e-06 1.15917
963 8.44777e-06 2.22691e-05 3.41953 5.89809e-06 8.70881e-06 1.13489
964 8.31207e-06 2.18884e-05 3.38494 5.85716e-06 8.59005e-06 1.1603
965 8.64297e-06 2.2564e-05 3.47127 6.02206e-06 8.94286e-06 1.18585
966 8.58545e-06 2.2197e-05 3.42845 6.1238e-06 8.80762e-06 1.16449
967 8.34632e-06 2.18252e-05 3.36205 5.79128e-06 8.62301e-06 1.13304
968 8.68155e-06 2.20288e-05 3.38761 6.17264e-06 8.68954e-06 1.13808
969 8.71634e-06 2.23366e-05 3.42844 6.09637e-06 8.71435e-06 1.13939
970 8.69081e-06 2.20199e-05 3.40308 5.94863e-06 8.78634e-06 1.16839
971 8.73936e-06 2.134e-05 3.27106 6.00396e-06 8.72246e-06 1.14862
972 8.73468e-06 2.2031e-05 3.37893 6.05184e-06 8.79627e-06 1.1535
973 8.67535e-06 2.14672e-05 3.26642 6.00676e-06 8.78783e-06 1.15614
974 8.74642e-06 2.21506e-05 3.40597 5.95731e-06 8.69704e-06 1.15667
975 8.55898e-06 2.1851e-05 3.3621 5.9493e-06 8.75794e-06 1.16132
976 8.51962e-06 2.22169e-05 3.39426 6.03821e-06 8.7235e-06 1.14331
977 8.37608e-06 2.12858e-05 3.26227 5.93866e-06 8.60771e-06 1.15824
978 8.80674e-06 2.22376e-05 3.42287 5.90277e-06 8.76263e-06 1.158
979 8.6988e-06 2.28595e-05 3.5356 6.05817e-06 8.86975e-06 1.16525
980 8.65368e-06 2.16702e-05 3.32905 5.92659e-06 8.63435e-06 1.13242
981 8.53609e-06 2.2318e-05 3.4451 5.94232e-06 8.89188e-06 1.17558
982 8.76573e-06 2.28544e-05 3.53245 6.0721e-06 9.09283e-06 1.19316
983 8.58873e-06 2.28429e-05 3.52474 6.00343e-06 9.00198e-06 1.19103
984 8.5954e-06 2.15615e-05 3.29766 5.89215e-06 8.59277e-06 1.12641
985 8.74097e-06 2.14362e-05 3.28035 5.99341e-06 8.61798e-06 1.14365
986 8.35481e-06 2.20639e-05 3.39933 5.82468e-06 8.64621e-06 1.13166
987 8.61761e-06 2.27563e-05 3.50203 6.01109e-06 8.78978e-06 1.1458
988 8.81435e-06 2.15746e-05 3.30687 6.09928e-06 8.55033e-06 1.13005
989 8.42394e-06 2.23552e-05 3.45689 5.81164e-06 8.81785e-06 1.16837
990 8.65168e-06 2.27801e-05 3.49226 6.0407e-06 8.90868e-06 1.16186
991 8.59003e-06 2.31731e-05 3.58443 6.10528e-06 8.75536e-06 1.14454
992 8.63712e-06 2.18417e-05 3.38235 5.89082e-06 8.64639e-06 1.14632
993 8.79848e-06 2.18257e-05 3.35336 5.97151e-06 8.96582e-06 1.18695
994 8.97187e-06 2.1916e-05 3.3459 6.15695e-06 8.78173e-06 1.12955
995 8.69114e-06 2.30584e-05 3.56053 6.14347e-06 9.01924e-06 1.17588
996 8.27432e-06 2.24911e-05 3.47472 5.66939e-06 8.91444e-06 1.18784
997 8.40683e-06 2.24263e-05 3.43981 5.90159e-06 8.74731e-06 1.14458
998 8.64186e-06 2.25212e-05 3.46334 6.01888e-06 8.95943e-06 1.18566
999 8.78698e-06 2.21282e-05 3.42365 6.04686e-06 8.86674e-06 1.18198
1000 8.39331e-06 2.26513e-05 3.5045 5.66939e-06 8.99729e-06 1.19494
