# ../optics --mode=conv_modified_vs_classical --conv-start=10 --conv-end=1000 --values-start=0.5 --values-end=1 --repetitions=1000 --xsigma=0.6 --output-file=comparison_1000_32_1000_xsigma0.6.txt --multiplier=32 ldata.txt
10 0.600343 0.600225 47451.1 9.79446e-05 8.02982e-05 15.2767
11 15.0015 0.000196324 34.342 9.61523e-05 7.40555e-05 14.6368
12 0.000193522 0.000169946 28.0461 8.36675e-05 6.90222e-05 13.4037
13 26.2747 0.000174577 31.2795 8.26816e-05 6.29791e-05 12.4382
14 0.266149 0.266124 34114.4 7.96126e-05 6.47663e-05 12.8131
15 0.000165817 0.00014549 25.4765 7.75632e-05 6.18337e-05 12.1057
16 0.000148215 0.000134715 23.4716 7.28685e-05 6.03064e-05 11.6356
17 0.000128358 0.000135686 23.5722 6.78468e-05 5.9855e-05 11.7799
18 0.000147595 0.000134559 22.4518 6.67863e-05 5.77665e-05 10.7451
19 0.000144593 0.000146914 24.4783 6.40539e-05 5.79574e-05 10.9371
20 0.000137816 0.000143477 24.4382 6.26894e-05 5.55749e-05 10.6015
21 0.000135288 0.000136723 23.6231 6.36573e-05 5.33956e-05 10.3096
22 0.000129933 0.000135433 22.9822 6.09864e-05 5.24019e-05 10.1687
23 0.000124128 0.000131629 22.262 5.95092e-05 5.18058e-05 10.0758
24 0.000118384 0.000126764 20.8655 5.6126e-05 5.3128e-05 9.86988
25 0.000119898 0.000122922 20.7361 5.57267e-05 5.00103e-05 9.31012
26 0.000120004 0.000131709 21.6139 5.47917e-05 5.38364e-05 9.73537
27 0.000115853 0.000130296 21.5198 5.36019e-05 5.15118e-05 9.62835
28 0.000111477 0.000121715 20.2993 5.41711e-05 4.84853e-05 9.22977
29 0.000109501 0.000122694 20.1342 5.57734e-05 4.95538e-05 9.34659
30 0.000107104 0.000124432 20.5247 5.13489e-05 5.08229e-05 9.5389
31 0.000114268 0.000127989 20.9879 5.04817e-05 4.83549e-05 9.11712
32 0.000108245 0.000122693 19.9211 4.84063e-05 4.76488e-05 8.89967
33 0.000110317 0.00012428 20.4674 4.69243e-05 4.83207e-05 9.1254
34 0.000107132 0.000120267 19.7193 4.80742e-05 4.56211e-05 8.51847
35 0.000105312 0.000127148 20.4331 4.86491e-05 4.76353e-05 8.90894
36 0.000114783 0.000126946 20.4224 4.65884e-05 4.69936e-05 8.52373
37 9.70912e-05 0.00012007 19.5276 4.60095e-05 4.80963e-05 8.94203
38 9.71875e-05 0.000111902 18.7073 4.72064e-05 4.35774e-05 8.26687
39 0.000102383 0.000120855 19.5085 4.48862e-05 4.60005e-05 8.56686
40 0.000101704 0.00011576 18.7747 4.40524e-05 4.53334e-05 8.21166
41 9.47178e-05 0.000113787 18.4965 4.45862e-05 4.32135e-05 8.06884
42 0.000100165 0.000111679 18.2363 4.32414e-05 4.42299e-05 8.04665
43 9.04688e-05 0.00010968 17.6449 4.22844e-05 4.43038e-05 8.01688
44 9.08278e-05 0.000118218 19.184 4.19836e-05 4.4409e-05 8.25443
45 9.54533e-05 0.000128224 20.3196 4.2595e-05 4.77857e-05 8.62513
46 9.24627e-05 0.000114208 18.4077 4.23986e-05 4.43743e-05 8.23265
47 9.22532e-05 0.000118966 18.9947 4.04143e-05 4.41976e-05 8.11466
48 9.00936e-05 0.000114999 18.0408 3.93628e-05 4.30852e-05 7.64528
49 9.16382e-05 0.000120181 19.0709 4.16137e-05 4.43918e-05 8.06384
50 8.77409e-05 0.000114299 18.6084 4.15949e-05 4.39496e-05 8.08673
51 8.70581e-05 0.000113826 18.1563 3.97003e-05 4.50178e-05 8.27334
52 8.85904e-05 0.000113598 18.1087 3.95058e-05 4.28799e-05 7.838
53 8.81327e-05 0.000121673 19.4737 3.92478e-05 4.44363e-05 8.19025
54 9.07605e-05 0.000106289 17.3441 3.80881e-05 4.04676e-05 7.48616
55 8.36237e-05 0.000115697 18.3344 3.94596e-05 4.30792e-05 7.78891
56 8.5989e-05 0.000114297 18.0425 3.8037e-05 4.3181e-05 7.70515
57 8.69207e-05 0.000120005 18.7252 3.79637e-05 4.31037e-05 7.78734
58 8.63516e-05 0.000112756 18.0365 3.80624e-05 4.108e-05 7.34384
59 8.59441e-05 0.000113049 18.2405 3.64264e-05 4.16271e-05 7.56134
60 8.31795e-05 0.000107972 17.3723 3.76423e-05 4.0333e-05 7.3788
61 8.261e-05 0.000118566 18.6434 3.59701e-05 4.32674e-05 7.72008
62 8.07635e-05 0.000114368 18.3619 3.69092e-05 4.15995e-05 7.62136
63 8.27572e-05 0.000112534 17.6594 3.60888e-05 4.22355e-05 7.48574
64 8.26669e-05 0.00012008 18.8692 3.60322e-05 4.35159e-05 7.91659
65 8.46791e-05 0.00011423 17.8601 3.70109e-05 4.25921e-05 7.69171
66 8.08488e-05 0.000111147 17.5066 3.3995e-05 4.27076e-05 7.55347
67 8.25675e-05 0.000116959 18.5943 3.44436e-05 4.13209e-05 7.47243
68 7.92293e-05 0.000115892 18.0777 3.43747e-05 4.25932e-05 7.59119
69 8.35293e-05 0.000109501 17.1352 3.39298e-05 4.0286e-05 7.13379
70 7.92592e-05 0.000106877 17.1629 3.49767e-05 3.91309e-05 7.08606
71 8.48438e-05 0.000128927 20.0524 3.40035e-05 4.2389e-05 7.59559
72 8.29767e-05 0.000118479 18.5169 3.3827e-05 4.04685e-05 7.23908
73 8.60071e-05 0.00011815 18.7036 3.46267e-05 4.08063e-05 7.38443
74 8.42511e-05 0.000122112 18.9847 3.37384e-05 4.22885e-05 7.48805
75 7.69146e-05 0.000108932 17.0609 3.45384e-05 4.23273e-05 7.43449
76 8.00005e-05 0.000117636 18.6075 3.35322e-05 4.08038e-05 7.3366
77 7.84903e-05 0.000116237 18.0958 3.34434e-05 4.16233e-05 7.44312
78 7.73389e-05 0.00011075 17.6552 3.2353e-05 4.06029e-05 7.24801
79 7.79595e-05 0.000114753 17.7834 3.32923e-05 4.15516e-05 7.26052
80 7.68565e-05 0.000111725 17.2662 3.3157e-05 4.04312e-05 7.03869
81 7.75477e-05 0.00011317 17.6377 3.19308e-05 4.19059e-05 7.25629
82 7.85804e-05 0.000116508 18.1787 3.17209e-05 4.11984e-05 7.30309
83 7.73229e-05 0.000113104 17.8448 3.18064e-05 4.03941e-05 7.21431
84 7.48981e-05 0.000114091 17.5991 3.09924e-05 4.03115e-05 7.03439
85 7.62255e-05 0.000116024 18.0315 3.11982e-05 4.06607e-05 7.13781
86 7.51004e-05 0.000112069 17.5855 3.18064e-05 4.13033e-05 7.36528
87 7.95724e-05 0.000118462 18.5002 3.1906e-05 4.04343e-05 7.1996
88 7.80761e-05 0.000111039 17.3542 3.16064e-05 3.92784e-05 6.81613
89 7.8812e-05 0.000113816 17.5546 3.02637e-05 4.09322e-05 7.09889
90 7.7536e-05 0.000117444 18.14 3.05839e-05 4.07704e-05 7.18193
91 7.75553e-05 0.000110064 17.1673 3.02052e-05 3.89441e-05 6.86827
92 7.4533e-05 0.000112477 17.4433 2.99496e-05 3.99847e-05 7.02769
93 7.35812e-05 0.000115677 18.0341 3.05155e-05 4.04334e-05 7.18381
94 7.66673e-05 0.000110117 17.1946 2.90334e-05 3.93263e-05 6.88542
95 7.38541e-05 0.000112271 17.3265 2.98699e-05 3.96761e-05 6.91812
96 7.45351e-05 0.000111997 17.3827 2.98565e-05 3.90351e-05 6.73894
97 7.42022e-05 0.00011984 18.6949 2.93151e-05 4.12569e-05 7.26725
98 7.17027e-05 0.000109927 17.1302 3.10459e-05 3.99747e-05 7.05508
99 7.49548e-05 0.00011651 18.0013 2.85006e-05 4.0161e-05 7.00703
100 7.32419e-05 0.000117158 17.9704 2.85579e-05 4.00717e-05 6.97418
101 7.35789e-05 0.00011543 17.7793 2.8283e-05 4.01302e-05 7.00549
102 7.31568e-05 0.00011728 18.0535 2.9243e-05 4.04893e-05 7.08797
103 6.83581e-05 0.000112409 17.2803 2.8495e-05 4.0898e-05 7.19675
104 7.69494e-05 0.000115714 18.1904 3.03921e-05 3.96408e-05 6.94129
105 7.48026e-05 0.000120006 18.3908 2.8866e-05 4.04541e-05 7.06626
106 7.32111e-05 0.000113227 17.5158 2.87135e-05 3.8617e-05 6.65073
107 7.79858e-05 0.000109942 17.0589 2.72456e-05 3.95806e-05 6.91209
108 7.75442e-05 0.000120644 18.649 2.93298e-05 4.02556e-05 7.07079
109 7.07109e-05 0.00011533 17.6052 2.81294e-05 4.04171e-05 7.05114
110 7.01149e-05 0.000114855 17.6836 2.84226e-05 4.03746e-05 7.14361
111 7.15502e-05 0.000116881 18.0351 2.77432e-05 3.95463e-05 6.86664
112 7.09961e-05 0.000108471 16.6486 2.71385e-05 3.85984e-05 6.64674
113 6.98141e-05 0.000111 16.8984 2.75648e-05 3.86364e-05 6.70018
114 6.90484e-05 0.000114782 17.5294 2.78512e-05 3.94687e-05 6.87212
115 6.82817e-05 0.000108601 16.5824 2.70139e-05 3.94383e-05 6.8345
116 7.2167e-05 0.000118144 18.1262 2.73188e-05 3.9387e-05 6.87466
117 6.99579e-05 0.000113005 17.2873 2.63131e-05 3.98615e-05 6.8405
118 6.92464e-05 0.000115596 17.9114 2.79616e-05 4.03859e-05 7.12061
119 7.61806e-05 0.000122786 18.5266 2.69381e-05 4.18655e-05 7.23027
120 6.97019e-05 0.000111122 17.3069 2.72267e-05 3.7728e-05 6.57944
121 7.21137e-05 0.000115561 17.703 2.7578e-05 3.97839e-05 6.92939
122 7.12445e-05 0.000118485 18.1469 2.76188e-05 3.92004e-05 6.79799
123 6.85922e-05 0.000112856 17.2824 2.62267e-05 3.8101e-05 6.5596
124 6.98897e-05 0.000113687 17.4331 2.74683e-05 3.835e-05 6.63366
125 7.05862e-05 0.000118864 18.2246 2.77537e-05 4.01372e-05 6.91806
126 6.76005e-05 0.000114889 17.5961 2.64682e-05 3.93379e-05 6.83851
127 6.77832e-05 0.000112402 17.2551 2.62134e-05 3.92641e-05 6.79315
128 6.51108e-05 0.000112102 17.1088 2.56812e-05 4.03181e-05 6.98449
129 6.92694e-05 0.000115888 17.7176 2.5101e-05 3.89194e-05 6.59553
130 6.64182e-05 0.000116097 17.8581 2.60257e-05 4.06057e-05 7.07291
131 6.86875e-05 0.000117646 17.9283 2.53548e-05 4.04199e-05 6.97059
132 6.59936e-05 0.000115958 17.5702 2.60704e-05 4.03399e-05 7.03026
133 6.79281e-05 0.000115588 17.6431 2.5646e-05 3.88051e-05 6.67351
134 6.70473e-05 0.000114885 17.5116 2.55503e-05 4.05451e-05 6.94488
135 7.23633e-05 0.000117829 18.0805 2.5789e-05 3.88985e-05 6.58542
136 6.80168e-05 0.000115666 17.5578 2.58471e-05 3.92335e-05 6.73411
137 6.95052e-05 0.000113235 17.1963 2.54752e-05 4.00559e-05 6.81028
138 6.78994e-05 0.000116072 17.7066 2.56576e-05 3.94102e-05 6.76382
139 7.01571e-05 0.000117037 17.8046 2.4922e-05 4.03653e-05 6.90267
140 6.80093e-05 0.000119193 18.2048 2.50004e-05 3.98265e-05 6.87682
141 6.83898e-05 0.000117977 18.0615 2.64758e-05 3.98516e-05 6.82908
142 6.72617e-05 0.00011453 17.579 2.59085e-05 3.89092e-05 6.64798
143 6.85663e-05 0.000118224 17.993 2.44508e-05 3.91975e-05 6.68204
144 6.6942e-05 0.000115608 17.5948 2.49078e-05 3.88896e-05 6.69765
145 6.64761e-05 0.000117163 17.8301 2.44292e-05 4.00864e-05 6.85903
146 6.66451e-05 0.00011532 17.3962 2.56725e-05 4.02735e-05 6.76997
147 6.89789e-05 0.000118515 17.7569 2.53386e-05 3.9994e-05 6.81264
148 6.58144e-05 0.00011329 17.195 2.43975e-05 3.90617e-05 6.69974
149 6.38783e-05 0.000109686 16.6614 2.38505e-05 3.99414e-05 6.78065
150 6.90478e-05 0.000118859 17.9785 2.44192e-05 4.0007e-05 6.84314
151 6.52764e-05 0.000116486 17.4731 2.37513e-05 4.00101e-05 6.7944
152 6.42853e-05 0.000109419 16.5343 2.28099e-05 3.75318e-05 6.25448
153 6.51753e-05 0.000114064 17.1691 2.41505e-05 3.76822e-05 6.38724
154 6.77998e-05 0.000121104 18.3396 2.44693e-05 3.97075e-05 6.78142
155 6.58984e-05 0.000113314 17.1323 2.38764e-05 3.90383e-05 6.57186
156 6.816e-05 0.000118181 17.9756 2.39141e-05 4.00931e-05 6.88306
157 6.64884e-05 0.000121451 18.322 2.37026e-05 4.10289e-05 6.99185
158 6.74591e-05 0.000118488 17.9719 2.3756e-05 3.83728e-05 6.57654
159 6.81821e-05 0.000119036 18.1529 2.53904e-05 3.89427e-05 6.70759
160 6.58816e-05 0.000115106 17.4202 2.3003e-05 3.79978e-05 6.39523
161 6.8409e-05 0.000123446 18.7911 2.51641e-05 4.02457e-05 6.93256
162 6.70862e-05 0.000117913 17.6522 2.26252e-05 4.08774e-05 6.84408
163 6.343e-05 0.000113682 17.1094 2.24109e-05 3.81264e-05 6.38085
164 6.67589e-05 0.000122016 18.4693 2.35021e-05 3.86803e-05 6.60389
165 6.36012e-05 0.000112922 17.0522 2.28054e-05 3.89214e-05 6.61535
166 7.01101e-05 0.000123257 18.7736 2.3763e-05 3.93455e-05 6.66111
167 6.55681e-05 0.000119228 18.064 2.31507e-05 3.94929e-05 6.66708
168 6.57353e-05 0.000117973 17.9085 2.34066e-05 3.95926e-05 6.72152
169 6.54034e-05 0.000114618 17.2391 2.35e-05 3.88804e-05 6.52993
170 6.57039e-05 0.000123158 18.5683 2.28558e-05 3.97555e-05 6.74642
171 6.60191e-05 0.000118661 17.9047 2.24353e-05 3.88002e-05 6.57912
172 6.73837e-05 0.000119754 17.8467 2.27856e-05 4.05567e-05 6.77565
173 6.69099e-05 0.000123747 18.6578 2.34023e-05 3.89067e-05 6.67447
174 6.8824e-05 0.000122436 18.3695 2.28041e-05 4.00914e-05 6.78582
175 6.36185e-05 0.000115934 17.5039 2.33956e-05 4.00692e-05 6.71763
176 6.52965e-05 0.000120066 18.1499 2.2935e-05 3.85487e-05 6.55883
177 6.28415e-05 0.000116202 17.4496 2.28371e-05 3.96924e-05 6.74877
178 6.55339e-05 0.000117434 17.6079 2.20081e-05 3.93379e-05 6.53841
179 7.00717e-05 0.000123353 18.5513 2.23493e-05 3.88624e-05 6.44549
180 6.22156e-05 0.00011621 17.5576 2.27104e-05 3.99002e-05 6.73695
181 6.47195e-05 0.000119228 17.9012 2.31025e-05 3.88823e-05 6.56105
182 6.63269e-05 0.000123779 18.6344 2.21016e-05 3.92268e-05 6.58681
183 6.42871e-05 0.000118583 17.8568 2.22784e-05 3.88922e-05 6.50521
184 6.49174e-05 0.000121226 18.2857 2.27036e-05 3.84418e-05 6.52344
185 6.61713e-05 0.000120691 18.2278 2.18973e-05 3.83323e-05 6.42433
186 6.42967e-05 0.000122702 18.4272 2.11013e-05 3.95892e-05 6.69805
187 6.68552e-05 0.000116633 17.6058 2.26631e-05 3.77565e-05 6.29969
188 6.40367e-05 0.000117198 17.6621 2.29457e-05 3.88705e-05 6.55135
189 6.17138e-05 0.000116084 17.6359 2.17968e-05 3.88748e-05 6.61227
190 6.28496e-05 0.000120137 18.0881 2.20718e-05 3.98506e-05 6.71023
191 6.33616e-05 0.000115 17.3052 2.0952e-05 3.84519e-05 6.36405
192 6.29299e-05 0.000122697 18.3188 2.10744e-05 3.92901e-05 6.6398
193 6.33719e-05 0.000125415 18.911 2.22314e-05 3.83491e-05 6.52448
194 6.13262e-05 0.000112241 16.9347 2.15377e-05 3.73958e-05 6.35343
195 6.32852e-05 0.000121773 18.2792 2.20622e-05 3.84328e-05 6.51507
196 6.54431e-05 0.00011961 17.9505 2.10627e-05 3.85919e-05 6.49963
197 6.14197e-05 0.000116831 17.4314 2.1856e-05 3.86597e-05 6.49725
198 6.40953e-05 0.000124643 18.7589 2.24727e-05 3.96034e-05 6.72347
199 6.286e-05 0.000115575 17.24 2.14185e-05 3.88935e-05 6.50908
200 6.27874e-05 0.000122134 18.394 2.20274e-05 3.9565e-05 6.70848
201 6.21362e-05 0.000118522 17.8776 2.07509e-05 3.92374e-05 6.65638
202 6.42529e-05 0.000122674 18.373 2.11667e-05 3.92082e-05 6.55041
203 6.73576e-05 0.000127866 19.0558 2.0893e-05 4.05171e-05 6.84679
204 6.17574e-05 0.000114652 17.1442 2.09457e-05 3.76822e-05 6.29241
205 6.4952e-05 0.000121417 18.269 2.11508e-05 3.84952e-05 6.49766
206 6.40927e-05 0.000121239 18.0735 2.12771e-05 3.98332e-05 6.65321
207 6.41265e-05 0.000126699 19.0121 2.17968e-05 4.00444e-05 6.80667
208 6.43555e-05 0.000121903 18.2277 2.07479e-05 3.96164e-05 6.57156
209 6.38181e-05 0.000120933 18.0847 2.11586e-05 3.9526e-05 6.65861
210 6.3256e-05 0.000121995 18.2669 2.10985e-05 3.8997e-05 6.5751
211 6.10624e-05 0.000121517 18.167 2.06755e-05 4.00995e-05 6.76471
212 6.24719e-05 0.000121784 18.3339 2.12105e-05 3.96055e-05 6.66962
213 6.514e-05 0.000120792 18.1538 2.06428e-05 3.89873e-05 6.47121
214 6.68832e-05 0.000127706 19.1129 2.05534e-05 3.90342e-05 6.56604
215 6.12477e-05 0.000117742 17.64 1.98723e-05 3.81848e-05 6.39506
216 6.09069e-05 0.000113919 17.1469 2.0835e-05 3.8406e-05 6.45847
217 6.28016e-05 0.000125542 18.7777 2.08762e-05 3.97604e-05 6.66472
218 6.46526e-05 0.00011929 17.7738 1.99064e-05 3.85176e-05 6.32775
219 6.08081e-05 0.000119475 17.8761 2.15266e-05 3.88468e-05 6.55799
220 6.01696e-05 0.000116446 17.3484 1.91328e-05 3.81377e-05 6.25451
221 6.42775e-05 0.000126783 18.9126 2.12357e-05 3.9837e-05 6.71344
222 6.30073e-05 0.000122609 18.2642 2.00072e-05 3.85682e-05 6.41435
223 6.14904e-05 0.00012144 18.1437 1.9771e-05 3.8758e-05 6.52903
224 6.24198e-05 0.000115882 17.2341 2.05996e-05 3.88839e-05 6.44446
225 6.24878e-05 0.000119968 17.8943 1.97454e-05 3.86254e-05 6.4607
226 6.3608e-05 0.000119426 17.6523 2.05213e-05 4.03683e-05 6.70047
227 6.42708e-05 0.00012293 18.2142 2.04024e-05 3.89236e-05 6.42088
228 6.20605e-05 0.000125366 18.5441 2.04513e-05 4.0018e-05 6.6368
229 6.13847e-05 0.000119165 17.9105 2.1192e-05 3.85984e-05 6.50661
230 6.04691e-05 0.000122021 18.214 2.03989e-05 3.85592e-05 6.49144
231 6.37976e-05 0.000124797 18.6614 2.06537e-05 3.96211e-05 6.64006
232 6.51627e-05 0.000123631 18.4349 1.97238e-05 3.89592e-05 6.41496
233 6.02241e-05 0.000122323 18.1967 2.02169e-05 3.98625e-05 6.70933
234 6.33554e-05 0.000127774 19.2334 2.06481e-05 3.99354e-05 6.73864
235 6.39219e-05 0.00012205 18.219 1.92534e-05 3.81677e-05 6.34395
236 6.29633e-05 0.000124536 18.4419 1.96944e-05 3.94421e-05 6.53797
237 6.42385e-05 0.000125065 18.6031 2.02679e-05 3.92529e-05 6.48473
238 6.39123e-05 0.000126752 18.9962 2.06205e-05 3.92576e-05 6.59227
239 6.26208e-05 0.0001183 17.6082 1.94096e-05 3.95342e-05 6.5936
240 6.4919e-05 0.000129283 19.1803 1.9899e-05 3.87275e-05 6.46118
241 6.08759e-05 0.000123725 18.5553 2.00545e-05 3.9472e-05 6.57327
242 6.25518e-05 0.00012808 19.0628 2.02565e-05 4.00809e-05 6.72901
243 6.21804e-05 0.000122657 18.254 2.02999e-05 3.90948e-05 6.52582
244 6.07113e-05 0.000123972 18.5006 1.96479e-05 4.01416e-05 6.71368
245 6.19722e-05 0.000124079 18.5596 1.92309e-05 3.903e-05 6.5519
246 6.37621e-05 0.000128338 19.0554 1.91365e-05 3.98492e-05 6.65315
247 5.95847e-05 0.000119778 17.7988 1.96405e-05 3.93785e-05 6.58097
248 6.38976e-05 0.000124944 18.6035 1.98289e-05 3.90746e-05 6.54381
249 6.30945e-05 0.000126617 18.8937 1.95194e-05 3.87585e-05 6.47438
250 6.34674e-05 0.00012265 18.3893 2.00555e-05 3.97094e-05 6.72674
251 6.31193e-05 0.000124669 18.5228 1.92243e-05 3.88563e-05 6.47127
252 6.19818e-05 0.00012264 18.27 1.93936e-05 3.98883e-05 6.65342
253 6.21459e-05 0.000124266 18.4935 1.90413e-05 3.86764e-05 6.41732
254 6.24171e-05 0.000126885 18.9148 1.8885e-05 3.87383e-05 6.43255
255 6.19868e-05 0.000123932 18.4346 1.95602e-05 3.97336e-05 6.60263
256 6.139e-05 0.000122368 18.1762 1.88517e-05 4.00658e-05 6.68365
257 6.30588e-05 0.000127012 18.9264 1.94198e-05 3.82739e-05 6.3482
258 6.04375e-05 0.00011906 17.7638 1.87176e-05 3.82385e-05 6.3768
259 6.86887e-05 0.000123763 18.34 1.90685e-05 3.77145e-05 6.20092
260 6.60449e-05 0.000129628 19.2895 1.93189e-05 3.85776e-05 6.3131
261 6.46406e-05 0.000129158 19.2431 1.90826e-05 3.97434e-05 6.66104
262 6.13839e-05 0.000127564 19.0621 1.88138e-05 3.93572e-05 6.62557
263 6.09875e-05 0.000128278 19.1253 1.8726e-05 4.07308e-05 6.7898
264 6.38469e-05 0.000130559 19.3068 1.89298e-05 3.96065e-05 6.53754
265 6.31466e-05 0.000126286 18.7861 1.98439e-05 3.9279e-05 6.51156
266 6.07879e-05 0.000120783 18.1133 1.97193e-05 3.88026e-05 6.50679
267 6.10093e-05 0.000121972 18.1521 1.86307e-05 3.85406e-05 6.37757
268 6.08907e-05 0.000124039 18.4839 1.90205e-05 3.94317e-05 6.59616
269 6.39907e-05 0.000124769 18.4941 1.85277e-05 3.88115e-05 6.362
270 6.3143e-05 0.00012465 18.424 1.90074e-05 3.92101e-05 6.49066
271 6.20761e-05 0.00012701 18.7844 1.83558e-05 3.88344e-05 6.43578
272 6.17916e-05 0.000129666 19.3615 1.88078e-05 3.8577e-05 6.41098
273 6.02233e-05 0.000123621 18.3614 1.88433e-05 3.8759e-05 6.42483
274 6.17421e-05 0.000123254 18.3775 1.89785e-05 3.90733e-05 6.52195
275 6.24484e-05 0.000129329 19.4258 1.97092e-05 3.8901e-05 6.51382
276 5.97107e-05 0.000123308 18.269 1.90418e-05 3.97905e-05 6.56615
277 6.16948e-05 0.000128099 19.0844 1.93619e-05 3.93712e-05 6.56652
278 6.13309e-05 0.000126057 18.8392 1.91594e-05 3.88649e-05 6.53857
279 6.11819e-05 0.000127172 18.7418 1.7981e-05 3.93114e-05 6.49042
280 6.26583e-05 0.000125305 18.6214 1.79735e-05 3.84911e-05 6.41982
281 5.98766e-05 0.000122435 18.0613 1.84929e-05 3.90975e-05 6.45355
282 6.29588e-05 0.000123193 18.3064 1.82454e-05 3.80923e-05 6.27376
283 6.05468e-05 0.000125357 18.5523 1.84582e-05 3.98825e-05 6.57475
284 6.14307e-05 0.000126741 18.7681 1.78821e-05 3.84032e-05 6.34889
285 5.96688e-05 0.00012331 18.2325 1.84057e-05 3.85038e-05 6.38188
286 6.16216e-05 0.000128085 19.0106 1.84793e-05 3.91425e-05 6.48762
287 6.17047e-05 0.000123608 18.2015 1.79975e-05 3.80488e-05 6.28263
288 6.05054e-05 0.000123567 18.438 1.79946e-05 3.80841e-05 6.28983
289 5.93483e-05 0.000124928 18.6111 1.85278e-05 3.90975e-05 6.46121
290 6.11005e-05 0.000126402 18.7551 1.88965e-05 3.94759e-05 6.54737
291 6.05564e-05 0.000124255 18.4611 1.75924e-05 3.92541e-05 6.46908
292 6.1421e-05 0.000125656 18.7352 1.8152e-05 3.91616e-05 6.49324
293 6.10647e-05 0.000126875 18.7991 1.75362e-05 3.90566e-05 6.49465
294 5.99408e-05 0.000126626 18.8074 1.79479e-05 3.92671e-05 6.60201
295 6.22858e-05 0.000126322 18.6399 1.8089e-05 3.90309e-05 6.4276
296 5.59266e-05 0.000122173 18.1085 1.78346e-05 3.93424e-05 6.55355
297 5.89288e-05 0.000126901 18.8198 1.75625e-05 3.89574e-05 6.53591
298 5.86163e-05 0.000124983 18.4441 1.80727e-05 3.90761e-05 6.45112
299 5.96325e-05 0.000127001 18.8629 1.79686e-05 3.95292e-05 6.61931
300 5.99975e-05 0.000123934 18.4168 1.77335e-05 3.75668e-05 6.19986
301 6.08361e-05 0.000125569 18.6348 1.80904e-05 3.81664e-05 6.313
302 5.9693e-05 0.000125514 18.6124 1.86776e-05 3.89049e-05 6.51738
303 6.02359e-05 0.000124632 18.4139 1.81382e-05 3.87817e-05 6.37451
304 6.18462e-05 0.000131571 19.4273 1.80187e-05 3.99671e-05 6.6166
305 6.21391e-05 0.000127938 18.7504 1.77884e-05 3.92561e-05 6.49065
306 5.97611e-05 0.000126705 18.9403 1.7727e-05 3.90044e-05 6.53671
307 6.1205e-05 0.000125418 18.7397 1.79006e-05 3.8447e-05 6.38043
308 6.02667e-05 0.000127971 18.8791 1.80587e-05 3.96255e-05 6.50158
309 6.07057e-05 0.000125964 18.6985 1.76792e-05 3.86952e-05 6.38397
310 6.08178e-05 0.000126596 18.7433 1.83228e-05 3.79718e-05 6.24426
311 6.22157e-05 0.000126649 18.7037 1.78383e-05 3.91825e-05 6.51668
312 6.02354e-05 0.000122419 18.092 1.7506e-05 3.86958e-05 6.41621
313 6.08398e-05 0.000126665 18.6744 1.69423e-05 3.86359e-05 6.36539
314 6.17215e-05 0.000127138 18.899 1.75043e-05 3.91701e-05 6.47637
315 6.08553e-05 0.00012817 19.0707 1.72043e-05 3.85061e-05 6.38301
316 6.1234e-05 0.000131099 19.4875 1.77008e-05 3.97835e-05 6.63982
317 5.91713e-05 0.0001275 18.9627 1.78431e-05 3.93411e-05 6.56326
318 6.00373e-05 0.000128744 19.229 1.7309e-05 3.84618e-05 6.38183
319 6.00889e-05 0.000128246 18.9588 1.70232e-05 3.90354e-05 6.39795
320 6.10402e-05 0.000127776 18.9798 1.76448e-05 3.91408e-05 6.43852
321 5.88792e-05 0.000128644 19.1063 1.75238e-05 3.92552e-05 6.53224
322 6.52385e-05 0.000126268 18.9125 1.77965e-05 3.86042e-05 6.39323
323 6.20304e-05 0.000127519 18.7878 1.7343e-05 3.88374e-05 6.37963
324 5.98059e-05 0.0001317 19.6518 1.79054e-05 3.9718e-05 6.64975
325 6.23383e-05 0.000127499 18.7872 1.77729e-05 3.94214e-05 6.56107
326 5.91574e-05 0.000127244 18.8975 1.76523e-05 3.9733e-05 6.66728
327 5.96754e-05 0.000127455 18.9189 1.73633e-05 3.9885e-05 6.6028
328 6.15757e-05 0.00012908 18.982 1.71722e-05 3.83323e-05 6.27098
329 5.816e-05 0.000124121 18.2996 1.67798e-05 3.83931e-05 6.32793
330 6.1061e-05 0.000126832 18.8117 1.68995e-05 3.85803e-05 6.35668
331 6.16374e-05 0.000129878 19.3361 1.74104e-05 3.85872e-05 6.31851
332 6.09022e-05 0.00012963 19.1022 1.74958e-05 3.93466e-05 6.50452
333 5.89978e-05 0.000126541 18.6508 1.74776e-05 3.85183e-05 6.37818
334 6.05195e-05 0.000132498 19.7355 1.78895e-05 3.91686e-05 6.51793
335 5.90564e-05 0.00012802 18.9373 1.79545e-05 3.87681e-05 6.48038
336 6.01033e-05 0.000124471 18.4218 1.70781e-05 3.76684e-05 6.23066
337 0.000136511 0.000130203 19.3232 1.76362e-05 3.9379e-05 6.52044
338 5.85677e-05 0.000121528 17.9685 1.65922e-05 3.83527e-05 6.28819
339 5.85663e-05 0.000125531 18.6179 1.74695e-05 3.8675e-05 6.45037
340 5.86687e-05 0.000125941 18.7986 1.69254e-05 3.88712e-05 6.4411
341 6.08807e-05 0.000132112 19.6838 1.74448e-05 3.95341e-05 6.59025
342 6.14371e-05 0.000129559 19.1646 1.77603e-05 3.89781e-05 6.43196
343 5.87439e-05 0.000127415 18.9229 1.73867e-05 3.93602e-05 6.50726
344 6.08989e-05 0.000127979 18.7927 1.63766e-05 3.945e-05 6.49
345 6.06547e-05 0.000130503 19.3595 1.68542e-05 3.86312e-05 6.39235
346 5.86501e-05 0.000123917 18.3115 1.66177e-05 3.77377e-05 6.21685
347 6.25399e-05 0.000127244 18.9492 1.69461e-05 3.84057e-05 6.38691
348 5.92784e-05 0.000127832 18.8777 1.67715e-05 3.75446e-05 6.19941
349 5.81494e-05 0.000123467 18.1662 1.64626e-05 3.8259e-05 6.29603
350 5.88876e-05 0.000130593 19.4167 1.68743e-05 3.78052e-05 6.2487
351 6.03874e-05 0.000127462 18.7827 1.63596e-05 3.86441e-05 6.33823
352 5.65041e-05 0.00012511 18.6481 1.70324e-05 3.91506e-05 6.52477
353 5.93498e-05 0.00013018 19.281 1.74451e-05 3.96397e-05 6.5839
354 5.89036e-05 0.000127104 18.8213 1.71443e-05 3.89425e-05 6.41559
355 5.98051e-05 0.000132753 19.7648 1.69594e-05 3.95109e-05 6.58411
356 5.93876e-05 0.000125865 18.5836 1.70069e-05 3.88066e-05 6.37678
357 5.96721e-05 0.000130058 19.2749 1.72516e-05 3.93434e-05 6.54866
358 6.01274e-05 0.000128519 19.0138 1.67888e-05 3.86134e-05 6.38399
359 5.99418e-05 0.000128657 19.0328 1.71257e-05 3.88731e-05 6.4345
360 5.90173e-05 0.000121915 18.0383 1.65866e-05 3.82524e-05 6.31451
361 5.9534e-05 0.000125005 18.3864 1.63669e-05 3.78646e-05 6.15889
362 5.95793e-05 0.000131552 19.4145 1.67842e-05 3.96025e-05 6.59652
363 5.89002e-05 0.000130241 19.2291 1.6431e-05 3.96984e-05 6.57837
364 6.13598e-05 0.000131863 19.5521 1.61171e-05 3.92971e-05 6.49034
365 6.07391e-05 0.000127784 18.8358 1.65145e-05 3.80875e-05 6.29342
366 6.02224e-05 0.000133492 19.7429 1.73402e-05 3.88325e-05 6.45254
367 6.15114e-05 0.00013176 19.497 1.63458e-05 3.93874e-05 6.53479
368 5.7869e-05 0.000123986 18.2171 1.7095e-05 3.87069e-05 6.33705
369 6.29678e-05 0.000122961 18.2789 1.69145e-05 3.80041e-05 6.28909
370 5.97361e-05 0.000127811 18.9784 1.62936e-05 3.84586e-05 6.33508
371 5.97497e-05 0.000128954 19.0308 1.66384e-05 3.9033e-05 6.4619
372 6.19264e-05 0.000133335 19.652 1.68548e-05 3.94668e-05 6.55936
373 5.85365e-05 0.000129085 19.0593 1.59863e-05 3.80179e-05 6.19831
374 6.52463e-05 0.000128639 19.0304 1.62164e-05 3.83318e-05 6.29005
375 5.89758e-05 0.000130473 19.3026 1.61158e-05 3.95273e-05 6.55106
376 5.92047e-05 0.000131659 19.5635 1.63949e-05 3.85779e-05 6.38984
377 6.16488e-05 0.000131629 19.4953 1.63749e-05 3.9483e-05 6.54858
378 5.91595e-05 0.000132194 19.6061 1.63682e-05 3.82655e-05 6.35631
379 6.12121e-05 0.000132863 19.7097 1.71579e-05 3.88298e-05 6.48324
380 6.00818e-05 0.000128453 19.0272 1.67099e-05 3.77705e-05 6.16241
381 6.01722e-05 0.00013364 19.8657 1.60179e-05 3.89203e-05 6.48927
382 5.92356e-05 0.000126763 18.6269 1.652e-05 3.85022e-05 6.29594
383 5.88677e-05 0.000130597 19.2919 1.63708e-05 3.98755e-05 6.59086
384 6.06771e-05 0.000130768 19.3121 1.67993e-05 3.8114e-05 6.24887
385 6.05506e-05 0.000136442 20.1626 1.68036e-05 3.93755e-05 6.54134
386 5.90257e-05 0.000131957 19.5482 1.58348e-05 3.93755e-05 6.47144
387 6.01013e-05 0.000130494 19.2063 1.60544e-05 3.79293e-05 6.23355
388 6.1153e-05 0.000132343 19.6802 1.59169e-05 3.86663e-05 6.39329
389 6.15422e-05 0.000130122 19.1329 1.60343e-05 3.88945e-05 6.38154
390 6.11712e-05 0.000127657 18.8753 1.64815e-05 3.83212e-05 6.3256
391 6.01192e-05 0.000134444 19.9888 1.64797e-05 3.81534e-05 6.29706
392 6.36025e-05 0.000132176 19.7433 1.59728e-05 3.86098e-05 6.35097
393 5.79895e-05 0.000131944 19.562 1.62771e-05 3.96063e-05 6.55262
394 5.93825e-05 0.000132212 19.5922 1.60044e-05 3.8605e-05 6.35659
395 5.97309e-05 0.00013542 20.027 1.66876e-05 3.98971e-05 6.63514
396 5.99437e-05 0.000135574 20.1876 1.54432e-05 3.96775e-05 6.56447
397 5.94766e-05 0.000131475 19.3758 1.57626e-05 3.92223e-05 6.46672
398 6.05979e-05 0.000130019 19.2741 1.63894e-05 3.89678e-05 6.4577
399 5.91282e-05 0.00013392 19.9252 1.65022e-05 3.95236e-05 6.5704
400 5.89947e-05 0.000129989 19.2249 1.62032e-05 3.96133e-05 6.58356
401 6.00428e-05 0.000127979 18.8277 1.5542e-05 3.87712e-05 6.33601
402 5.82453e-05 0.000128365 18.9604 1.55715e-05 3.8119e-05 6.25417
403 5.78586e-05 0.00013347 19.789 1.57419e-05 3.97742e-05 6.59461
404 5.91753e-05 0.00012793 18.9228 1.55859e-05 3.86904e-05 6.37352
405 6.03433e-05 0.000131042 19.3645 1.64914e-05 3.94538e-05 6.59339
406 5.90172e-05 0.000131975 19.4832 1.5686e-05 3.87164e-05 6.33072
407 5.83918e-05 0.000127407 18.7116 1.50679e-05 3.87326e-05 6.372
408 5.76612e-05 0.000130988 19.4246 1.58828e-05 3.92478e-05 6.493
409 6.27718e-05 0.000130764 19.6366 1.54123e-05 3.76153e-05 6.16617
410 5.96591e-05 0.000125615 18.6946 1.60034e-05 3.86718e-05 6.41644
411 5.82749e-05 0.000129034 19.0641 1.58769e-05 3.79851e-05 6.23286
412 5.91134e-05 0.000131298 19.3498 1.54672e-05 3.81969e-05 6.30312
413 6.05495e-05 0.00013317 19.6518 1.63188e-05 3.81073e-05 6.27955
414 6.02645e-05 0.000133335 19.7784 1.56155e-05 3.89048e-05 6.42983
415 5.89091e-05 0.000129524 19.0951 1.60933e-05 3.86509e-05 6.36824
416 5.82348e-05 0.000129292 19.0946 1.64196e-05 3.81905e-05 6.28051
417 5.90002e-05 0.000133259 19.6484 1.57182e-05 3.89369e-05 6.43643
418 5.77279e-05 0.000130043 19.409 1.56541e-05 3.79299e-05 6.27683
419 5.8123e-05 0.000129569 19.2562 1.60794e-05 3.76234e-05 6.24614
420 6.00733e-05 0.000130407 19.3453 1.57238e-05 3.85642e-05 6.31399
421 5.89492e-05 0.00013057 19.2786 1.57334e-05 3.91408e-05 6.47307
422 6.01683e-05 0.000133017 19.7676 1.70625e-05 3.90917e-05 6.50913
423 5.97308e-05 0.000131671 19.4998 1.56189e-05 3.91106e-05 6.47302
424 5.69541e-05 0.000127918 18.8533 1.61955e-05 3.8825e-05 6.42091
425 5.93891e-05 0.000135737 20.0909 1.60476e-05 3.94017e-05 6.55927
426 6.00845e-05 0.000128597 18.979 1.59866e-05 3.88527e-05 6.39652
427 6.21367e-05 0.000137207 20.2763 1.56522e-05 3.85545e-05 6.36873
428 5.88533e-05 0.000129995 19.2647 1.54563e-05 3.82251e-05 6.31959
429 5.85492e-05 0.000131809 19.4201 1.59778e-05 3.89016e-05 6.43798
430 6.06024e-05 0.000137141 20.3057 1.62874e-05 3.97013e-05 6.62621
431 5.73363e-05 0.000128193 18.9217 1.53274e-05 3.79469e-05 6.25732
432 5.92568e-05 0.00013123 19.3655 1.59654e-05 3.90002e-05 6.4264
433 5.92821e-05 0.000130572 19.3039 1.58451e-05 3.86911e-05 6.42605
434 6.26028e-05 0.000134411 19.8431 1.51298e-05 3.94982e-05 6.51187
435 5.81651e-05 0.000134805 20.0029 1.54123e-05 3.96887e-05 6.58974
436 6.07035e-05 0.000133932 19.8435 1.59927e-05 3.88632e-05 6.45856
437 5.73264e-05 0.000130321 19.3374 1.58074e-05 3.88058e-05 6.40429
438 5.82884e-05 0.000130733 19.3492 1.5293e-05 3.8774e-05 6.35229
439 6.02226e-05 0.000136213 20.2547 1.53265e-05 3.90917e-05 6.44311
440 5.87001e-05 0.000129359 19.1057 1.54993e-05 3.82082e-05 6.26604
441 5.7964e-05 0.000131413 19.4501 1.52146e-05 3.83311e-05 6.32759
442 5.98283e-05 0.00012765 18.7527 1.52249e-05 3.9049e-05 6.39366
443 6.11877e-05 0.000132508 19.6174 1.5639e-05 3.85491e-05 6.37551
444 5.83104e-05 0.000128144 18.8492 1.49553e-05 3.83981e-05 6.27726
445 5.82323e-05 0.000132285 19.5693 1.57684e-05 3.80929e-05 6.30772
446 5.90486e-05 0.000131475 19.3772 1.48971e-05 3.93091e-05 6.46424
447 5.73045e-05 0.000129345 19.1477 1.5355e-05 3.86342e-05 6.36501
448 5.72103e-05 0.000132257 19.5745 1.51399e-05 3.87737e-05 6.41663
449 5.84999e-05 0.000134624 19.9047 1.5739e-05 3.91944e-05 6.45372
450 6.08001e-05 0.0001312 19.4049 1.5785e-05 3.94555e-05 6.55406
451 5.96093e-05 0.000133813 19.8147 1.50046e-05 3.89258e-05 6.42556
452 5.77185e-05 0.000128307 19.0112 1.50299e-05 3.88867e-05 6.38789
453 5.9449e-05 0.000132478 19.7397 1.58217e-05 3.85062e-05 6.3411
454 5.94133e-05 0.000134804 19.9492 1.56829e-05 3.93164e-05 6.53072
455 5.74198e-05 0.000130979 19.3722 1.56083e-05 3.89471e-05 6.43573
456 5.86527e-05 0.000132471 19.6807 1.51681e-05 3.85337e-05 6.33974
457 5.97218e-05 0.000136396 20.1345 1.50362e-05 3.92408e-05 6.48415
458 5.86779e-05 0.00013715 20.3233 1.58504e-05 3.89004e-05 6.46644
459 6.00288e-05 0.000131286 19.5373 1.51908e-05 3.86722e-05 6.39756
460 6.03299e-05 0.000136169 20.1154 1.49584e-05 3.86244e-05 6.3729
461 5.88785e-05 0.000133403 19.8283 1.48103e-05 3.82159e-05 6.30971
462 6.46158e-05 0.000132634 19.8174 1.51926e-05 3.9006e-05 6.45655
463 5.87519e-05 0.000132537 19.5709 1.46943e-05 3.9017e-05 6.41494
464 5.81792e-05 0.000131109 19.4977 1.56123e-05 3.84842e-05 6.36768
465 5.81956e-05 0.0001364 20.1885 1.54598e-05 3.93869e-05 6.51836
466 6.03623e-05 0.000134383 19.9095 1.49114e-05 3.90678e-05 6.43176
467 6.06171e-05 0.000133905 19.797 1.4796e-05 3.90363e-05 6.41575
468 6.15487e-05 0.000136989 20.3254 1.54837e-05 3.92263e-05 6.49672
469 5.90637e-05 0.000131848 19.4357 1.50331e-05 3.82341e-05 6.27141
470 6.29324e-05 0.000135587 20.2001 1.48622e-05 3.89173e-05 6.45952
471 5.79451e-05 0.000129991 19.2761 1.56892e-05 3.85204e-05 6.38826
472 5.82904e-05 0.000130729 19.2923 1.49759e-05 3.85164e-05 6.35734
473 5.995e-05 0.000135218 20.0145 1.48832e-05 3.96461e-05 6.57754
474 5.68973e-05 0.000132468 19.6194 1.50481e-05 3.82177e-05 6.32616
475 5.96752e-05 0.000129408 19.1169 1.51661e-05 3.89365e-05 6.40942
476 5.87595e-05 0.000132573 19.5493 1.47044e-05 3.81253e-05 6.24181
477 5.86053e-05 0.000134659 19.91 1.44601e-05 3.90546e-05 6.45348
478 5.7113e-05 0.000130223 19.1883 1.49173e-05 3.981e-05 6.59806
479 5.75355e-05 0.00012995 19.2291 1.42441e-05 3.77367e-05 6.16912
480 5.97116e-05 0.000134332 19.9216 1.44186e-05 3.86767e-05 6.35968
481 5.6913e-05 0.00013127 19.4402 1.44681e-05 3.83852e-05 6.30625
482 5.97215e-05 0.000135879 20.1295 1.5299e-05 3.93168e-05 6.50862
483 5.60826e-05 0.000130811 19.3903 1.4776e-05 3.86582e-05 6.39238
484 5.87001e-05 0.000136478 20.2838 1.52367e-05 3.85574e-05 6.36008
485 6.01302e-05 0.000131241 19.4568 1.44741e-05 3.80894e-05 6.26707
486 5.74171e-05 0.000134432 19.9791 1.54458e-05 3.87451e-05 6.47542
487 5.92141e-05 0.000132622 19.6093 1.51585e-05 3.85331e-05 6.38778
488 5.98527e-05 0.000133766 19.7215 1.53661e-05 3.82995e-05 6.30177
489 5.88724e-05 0.00013688 20.2822 1.4321e-05 3.84739e-05 6.31015
490 6.079e-05 0.000136989 20.2584 1.48382e-05 3.91357e-05 6.4393
491 6.11297e-05 0.00013853 20.5334 1.47631e-05 3.80333e-05 6.23396
492 6.20756e-05 0.000134247 19.8392 1.53091e-05 3.88735e-05 6.39464
493 5.82648e-05 0.000133092 19.7481 1.50284e-05 3.88261e-05 6.43833
494 6.03621e-05 0.000136217 20.0865 1.43337e-05 3.98648e-05 6.58675
495 5.84226e-05 0.000129323 19.2139 1.48254e-05 3.79887e-05 6.22942
496 6.22877e-05 0.00013748 20.4858 1.51825e-05 3.88064e-05 6.42255
497 5.76331e-05 0.00013149 19.3726 1.51193e-05 3.9303e-05 6.47235
498 6.02666e-05 0.000136106 20.2292 1.45016e-05 3.89497e-05 6.44869
499 5.847e-05 0.000131686 19.4691 1.44291e-05 3.86553e-05 6.40067
500 5.89929e-05 0.000134558 19.9271 1.45126e-05 3.81043e-05 6.28959
501 5.65623e-05 0.000127484 18.7662 1.41069e-05 3.81985e-05 6.25728
502 6.12429e-05 0.000134096 19.8521 1.42896e-05 3.85999e-05 6.3425
503 5.96636e-05 0.000134948 19.9308 1.46017e-05 3.82875e-05 6.25644
504 6.12263e-05 0.000134883 20.0214 1.44493e-05 3.87446e-05 6.33758
505 5.92983e-05 0.000135083 19.9857 1.46415e-05 3.86594e-05 6.39524
506 6.04909e-05 0.000133818 19.7903 1.42686e-05 3.77656e-05 6.18259
507 5.75331e-05 0.000130856 19.4706 1.4227e-05 3.80867e-05 6.29835
508 6.05743e-05 0.000132896 19.5989 1.43698e-05 3.87997e-05 6.41182
509 5.82026e-05 0.000131402 19.3743 1.4453e-05 3.81666e-05 6.23646
510 5.92403e-05 0.000136202 20.1605 1.44195e-05 3.83259e-05 6.28219
511 5.65302e-05 0.000132497 19.6585 1.40383e-05 3.88621e-05 6.40035
512 5.62622e-05 0.000135028 20.044 1.43751e-05 3.94415e-05 6.55282
513 5.85973e-05 0.000135054 20.0182 1.51868e-05 3.8891e-05 6.44228
514 5.81401e-05 0.000136124 20.1523 1.41851e-05 3.94129e-05 6.51427
515 6.30365e-05 0.000134107 19.8881 1.40688e-05 3.83015e-05 6.27615
516 5.67123e-05 0.000135523 20.1178 1.47093e-05 3.87093e-05 6.39422
517 5.8922e-05 0.000135113 19.9345 1.43486e-05 3.83764e-05 6.28824
518 5.81125e-05 0.000135488 20.0271 1.47457e-05 3.86328e-05 6.38213
519 5.71831e-05 0.000132302 19.5895 1.48408e-05 3.84704e-05 6.38718
520 6.00513e-05 0.000134893 20.128 1.52306e-05 3.88864e-05 6.4841
521 5.76294e-05 0.000136358 20.2481 1.44878e-05 3.88838e-05 6.42792
522 5.73728e-05 0.00013436 19.9805 1.45047e-05 3.86531e-05 6.37189
523 5.95555e-05 0.000136833 20.2317 1.43927e-05 3.88128e-05 6.4307
524 5.70243e-05 0.000136331 20.2071 1.46775e-05 3.88421e-05 6.44184
525 6.10316e-05 0.000135402 20.0927 1.40696e-05 3.96435e-05 6.54054
526 5.8394e-05 0.000137042 20.2658 1.44179e-05 3.97111e-05 6.54355
527 5.6379e-05 0.000131937 19.5094 1.42369e-05 3.87577e-05 6.37733
528 5.91536e-05 0.000134464 19.8139 1.45577e-05 3.9122e-05 6.40076
529 6.25465e-05 0.000138515 20.5286 1.49333e-05 3.81652e-05 6.34548
530 5.86129e-05 0.000130838 19.3887 1.49735e-05 3.87883e-05 6.40454
531 6.03298e-05 0.000133536 19.6772 1.44754e-05 3.90019e-05 6.37538
532 5.55128e-05 0.000132189 19.5858 1.39699e-05 3.94412e-05 6.48956
533 0.000186289 0.000134786 20.1559 1.45154e-05 3.80912e-05 6.25918
534 5.95655e-05 0.000135305 19.9559 1.48811e-05 3.86503e-05 6.35423
535 5.92088e-05 0.000136168 20.3176 1.43411e-05 3.92182e-05 6.50286
536 5.83021e-05 0.000135783 20.0856 1.44701e-05 3.78948e-05 6.25253
537 5.76633e-05 0.00013383 19.7441 1.41426e-05 3.87359e-05 6.31247
538 5.70788e-05 0.000129325 19.1015 1.46147e-05 3.75511e-05 6.16461
539 5.77404e-05 0.000131209 19.3111 1.34862e-05 3.76146e-05 6.15963
540 5.62741e-05 0.000134529 19.9447 1.4046e-05 3.86028e-05 6.36255
541 5.76434e-05 0.000133343 19.6963 1.43881e-05 3.89629e-05 6.39797
542 5.76872e-05 0.000136323 20.1811 1.43155e-05 3.88624e-05 6.42365
543 5.7608e-05 0.000133534 19.7465 1.38552e-05 3.83639e-05 6.26648
544 5.80383e-05 0.000134108 19.8332 1.44153e-05 3.80576e-05 6.26717
545 6.10077e-05 0.000132827 19.7227 1.43471e-05 3.78625e-05 6.22422
546 5.79446e-05 0.000134178 19.8871 1.39642e-05 3.86147e-05 6.32314
547 5.67426e-05 0.000132677 19.6589 1.41849e-05 3.8988e-05 6.46795
548 5.86219e-05 0.000135138 20.1098 1.46367e-05 3.83822e-05 6.39172
549 5.96955e-05 0.000135738 20.0986 1.39684e-05 3.92125e-05 6.48732
550 5.97039e-05 0.000133772 19.6896 1.39223e-05 3.83989e-05 6.26862
551 6.01759e-05 0.000134197 19.9457 1.44548e-05 3.93401e-05 6.5421
552 5.90124e-05 0.000136259 20.0861 1.41846e-05 3.87877e-05 6.38871
553 5.79082e-05 0.000135438 20.0865 1.40822e-05 3.89085e-05 6.40844
554 5.80975e-05 0.000137843 20.456 1.41688e-05 3.85544e-05 6.33035
555 5.91202e-05 0.000142174 21.1184 1.46304e-05 3.88807e-05 6.42455
556 5.80171e-05 0.000135994 20.1325 1.3806e-05 3.7808e-05 6.19292
557 5.64894e-05 0.000134742 19.9263 1.39302e-05 3.87692e-05 6.38059
558 5.73672e-05 0.000133201 19.6779 1.37462e-05 3.74431e-05 6.11528
559 5.89409e-05 0.000135675 20.0913 1.43352e-05 3.7834e-05 6.22892
560 5.80155e-05 0.000138416 20.6115 1.44564e-05 3.84944e-05 6.40275
561 5.74618e-05 0.000133289 19.6413 1.44075e-05 3.83704e-05 6.31107
562 5.83343e-05 0.000136275 20.2073 1.38692e-05 3.89554e-05 6.40488
563 5.75645e-05 0.000131554 19.5331 1.37779e-05 3.75299e-05 6.17258
564 5.95701e-05 0.000137115 20.4098 1.40124e-05 3.88226e-05 6.41686
565 5.93075e-05 0.000137463 20.3595 1.41277e-05 3.88978e-05 6.40538
566 6.06564e-05 0.000136975 20.2889 1.41769e-05 3.92016e-05 6.44491
567 5.87368e-05 0.000134573 19.9252 1.42827e-05 3.81679e-05 6.24894
568 5.82089e-05 0.000140921 21.0015 1.42805e-05 3.86439e-05 6.43809
569 5.87798e-05 0.000136157 20.1313 1.39938e-05 3.84796e-05 6.33358
570 5.75423e-05 0.000136326 20.2039 1.3847e-05 3.86948e-05 6.41213
571 5.95711e-05 0.000137858 20.4314 1.40121e-05 3.89767e-05 6.44756
572 5.71762e-05 0.000136256 20.2456 1.38499e-05 3.99417e-05 6.61631
573 5.89851e-05 0.000136898 20.3039 1.45215e-05 3.82146e-05 6.30566
574 5.72987e-05 0.000135877 20.0676 1.36562e-05 3.93485e-05 6.49752
575 5.84139e-05 0.000135181 20.023 1.42914e-05 3.82789e-05 6.30803
576 5.66972e-05 0.000135973 20.1645 1.39216e-05 3.85293e-05 6.34325
577 5.96128e-05 0.000138768 20.4817 1.38827e-05 3.81335e-05 6.24432
578 5.82572e-05 0.000135271 20.0353 1.41042e-05 3.87121e-05 6.38003
579 5.64791e-05 0.000135652 20.1549 1.40809e-05 3.88525e-05 6.41577
580 5.76788e-05 0.000135337 20.0107 1.40912e-05 3.83803e-05 6.31703
581 5.81476e-05 0.000136148 20.2359 1.41378e-05 3.83327e-05 6.33723
582 5.66147e-05 0.000134391 19.9202 1.40315e-05 3.91037e-05 6.47128
583 5.87375e-05 0.000136707 20.274 1.39801e-05 3.80511e-05 6.30857
584 6.05516e-05 0.000135636 20.1196 1.40997e-05 3.79007e-05 6.25609
585 5.62741e-05 0.000133731 19.8382 1.35561e-05 3.86145e-05 6.33272
586 5.89209e-05 0.000137461 20.4292 1.38263e-05 3.81242e-05 6.26877
587 5.93887e-05 0.000136547 20.2197 1.41839e-05 3.87477e-05 6.39844
588 5.9664e-05 0.000135612 20.0512 1.3607e-05 3.893e-05 6.37205
589 5.9897e-05 0.000137549 20.494 1.38738e-05 3.90015e-05 6.45384
590 5.74492e-05 0.000133295 19.7219 1.4177e-05 3.83795e-05 6.32462
591 5.66324e-05 0.000136074 20.219 1.38189e-05 3.81238e-05 6.26594
592 5.75671e-05 0.00013841 20.5733 1.39448e-05 3.85252e-05 6.39782
593 5.86935e-05 0.000137947 20.4555 1.37573e-05 3.81794e-05 6.35754
594 5.96824e-05 0.000138059 20.4061 1.37072e-05 3.84768e-05 6.33058
595 5.74415e-05 0.00014003 20.7785 1.31841e-05 3.90046e-05 6.45127
596 6.8201e-05 0.00013718 20.4134 1.3801e-05 3.86435e-05 6.38607
597 5.8244e-05 0.00013475 19.9042 1.32994e-05 3.85587e-05 6.31737
598 5.82871e-05 0.000136994 20.2512 1.41733e-05 3.87556e-05 6.38042
599 5.8741e-05 0.000135978 20.1758 1.45364e-05 3.83437e-05 6.35588
600 6.39633e-05 0.000133087 19.7293 1.42286e-05 3.77238e-05 6.21906
601 6.05652e-05 0.000138365 20.5988 1.41238e-05 3.77022e-05 6.2273
602 5.75545e-05 0.000136229 20.1828 1.33511e-05 3.79996e-05 6.19086
603 5.88759e-05 0.000136529 20.1951 1.31573e-05 3.85981e-05 6.35453
604 5.90488e-05 0.000133919 19.7413 1.37561e-05 3.80427e-05 6.27808
605 5.70511e-05 0.000135734 20.113 1.34137e-05 3.79703e-05 6.27726
606 5.95503e-05 0.000133163 19.7634 1.36477e-05 3.81872e-05 6.28594
607 5.67411e-05 0.000138654 20.6316 1.42299e-05 3.90064e-05 6.4421
608 5.71925e-05 0.00013537 20.028 1.35861e-05 3.84769e-05 6.32653
609 5.89834e-05 0.000136509 20.2623 1.36593e-05 3.70988e-05 6.11715
610 5.82592e-05 0.000135847 20.167 1.3355e-05 3.82148e-05 6.31149
611 5.93138e-05 0.000139629 20.8382 1.36445e-05 3.86799e-05 6.38832
612 6.08802e-05 0.000136964 20.3037 1.4292e-05 3.83505e-05 6.34213
613 5.69059e-05 0.000134655 20.0427 1.35592e-05 3.84298e-05 6.38277
614 6.27816e-05 0.000135448 20.1161 1.37331e-05 3.79832e-05 6.2138
615 5.84412e-05 0.000137333 20.3517 1.3764e-05 3.88051e-05 6.42206
616 6.00825e-05 0.000137961 20.5945 1.38808e-05 3.78002e-05 6.1938
617 5.82265e-05 0.000137969 20.3946 1.37378e-05 3.81504e-05 6.28467
618 6.06512e-05 0.000139099 20.5667 1.39574e-05 3.79188e-05 6.24136
619 6.07113e-05 0.000140634 20.9299 1.38167e-05 3.73664e-05 6.1521
620 6.04006e-05 0.000138666 20.5611 1.34932e-05 3.79751e-05 6.24601
621 6.25424e-05 0.000137035 20.3902 1.40689e-05 3.74977e-05 6.1868
622 6.21729e-05 0.000139971 20.8689 1.41335e-05 3.86996e-05 6.35892
623 6.03532e-05 0.000136857 20.3816 1.40879e-05 3.8527e-05 6.41292
624 5.89026e-05 0.0001369 20.3054 1.39841e-05 3.88966e-05 6.4397
625 5.82103e-05 0.000137989 20.4259 1.38308e-05 3.84644e-05 6.32765
626 6.09909e-05 0.00013632 20.2082 1.37377e-05 3.84986e-05 6.35719
627 5.83439e-05 0.000136792 20.4225 1.4103e-05 3.86466e-05 6.419
628 6.0151e-05 0.000141248 21.0113 1.41647e-05 3.84837e-05 6.39339
629 6.55607e-05 0.00013836 20.6886 1.36284e-05 3.81803e-05 6.34716
630 5.66477e-05 0.000134585 19.9773 1.34349e-05 3.79185e-05 6.25275
631 5.96399e-05 0.000139042 20.739 1.41229e-05 3.788e-05 6.32835
632 5.65205e-05 0.000136526 20.3412 1.37068e-05 3.8465e-05 6.33676
633 5.74507e-05 0.000135405 20.0037 1.3735e-05 3.89329e-05 6.43995
634 5.78713e-05 0.000136422 20.2825 1.32001e-05 3.7999e-05 6.23988
635 5.61853e-05 0.00013701 20.4775 1.37285e-05 3.85496e-05 6.36278
636 5.76001e-05 0.000133903 19.7561 1.35692e-05 3.90235e-05 6.41695
637 5.86525e-05 0.00013713 20.3855 1.35587e-05 3.82117e-05 6.30904
638 6.02981e-05 0.000138432 20.6536 1.35873e-05 3.76607e-05 6.1946
639 5.88329e-05 0.000137411 20.3987 1.36527e-05 3.78478e-05 6.21095
640 5.61373e-05 0.000137137 20.4059 1.30458e-05 3.85104e-05 6.34819
641 5.85999e-05 0.000141021 20.963 1.34857e-05 3.86322e-05 6.37668
642 5.91552e-05 0.000137476 20.2918 1.39051e-05 3.86463e-05 6.35748
643 5.90062e-05 0.000139316 20.7403 1.30667e-05 3.74913e-05 6.17086
644 5.65835e-05 0.000134325 19.9635 1.35329e-05 3.78648e-05 6.25458
645 5.84766e-05 0.000138235 20.5715 1.3092e-05 3.83302e-05 6.30528
646 5.79099e-05 0.000135772 20.1229 1.3479e-05 3.82468e-05 6.29116
647 5.83851e-05 0.000137532 20.405 1.36871e-05 3.90582e-05 6.46715
648 5.64333e-05 0.000134683 19.9242 1.34584e-05 3.84331e-05 6.2968
649 6.20833e-05 0.000138578 20.6309 1.36261e-05 3.84556e-05 6.37078
650 5.69961e-05 0.000138424 20.6023 1.37482e-05 3.85739e-05 6.38461
651 6.01901e-05 0.000140732 20.8895 1.37111e-05 3.81501e-05 6.29255
652 5.52127e-05 0.000133084 19.7243 1.29685e-05 3.89968e-05 6.45879
653 5.97024e-05 0.000140298 20.8447 1.36789e-05 3.88155e-05 6.37972
654 5.86655e-05 0.000138536 20.5963 1.33577e-05 3.82249e-05 6.29646
655 5.83569e-05 0.000137399 20.3833 1.35274e-05 3.80608e-05 6.30895
656 6.04263e-05 0.000137838 20.5172 1.35297e-05 3.90545e-05 6.46675
657 5.98347e-05 0.000138623 20.524 1.36593e-05 3.87729e-05 6.38785
658 5.83e-05 0.000132431 19.683 1.35167e-05 3.85915e-05 6.36197
659 5.83953e-05 0.000136526 20.1703 1.35386e-05 3.85689e-05 6.3537
660 5.62912e-05 0.00013578 20.144 1.36792e-05 3.86034e-05 6.37637
661 5.8456e-05 0.00014061 20.8234 1.364e-05 3.78293e-05 6.23724
662 7.79334e-05 0.000136605 20.2804 1.33236e-05 3.87268e-05 6.33911
663 5.95255e-05 0.000138925 20.647 1.37217e-05 3.74664e-05 6.20007
664 6.11841e-05 0.000139491 20.6771 1.3354e-05 3.79966e-05 6.29229
665 5.84021e-05 0.000137812 20.389 1.40446e-05 3.85142e-05 6.31757
666 5.73542e-05 0.00013743 20.4143 1.3528e-05 3.79e-05 6.23663
667 5.71349e-05 0.000134909 20.0242 1.3356e-05 3.79407e-05 6.28624
668 5.80188e-05 0.000138985 20.6125 1.34546e-05 3.8263e-05 6.29802
669 5.76897e-05 0.000137158 20.4385 1.32858e-05 3.75884e-05 6.17452
670 5.74535e-05 0.000139284 20.6443 1.34601e-05 3.79256e-05 6.25379
671 5.88607e-05 0.000139387 20.7486 1.33001e-05 3.892e-05 6.41068
672 5.73916e-05 0.000137523 20.4474 1.34974e-05 3.88645e-05 6.41132
673 5.93125e-05 0.000140883 20.8833 1.32763e-05 3.80205e-05 6.22485
674 5.83137e-05 0.000134126 19.8878 1.35753e-05 3.70844e-05 6.09217
675 5.81023e-05 0.000136654 20.2166 1.27088e-05 3.77003e-05 6.20874
676 5.89169e-05 0.000139695 20.6565 1.28848e-05 3.75543e-05 6.16247
677 5.65187e-05 0.000135218 20.0587 1.33062e-05 3.83417e-05 6.32646
678 5.79511e-05 0.000138198 20.4039 1.32555e-05 3.87263e-05 6.36813
679 5.94643e-05 0.000134029 19.8427 1.27254e-05 3.79101e-05 6.21631
680 5.73607e-05 0.000135069 19.9996 1.35333e-05 3.8026e-05 6.26675
681 5.95644e-05 0.000139446 20.7958 1.33469e-05 3.68769e-05 6.07612
682 5.74895e-05 0.000140112 20.811 1.29082e-05 3.81687e-05 6.25527
683 6.30568e-05 0.000136421 20.3801 1.33198e-05 3.75225e-05 6.18287
684 5.6048e-05 0.000134081 19.8159 1.29738e-05 3.76469e-05 6.16375
685 5.52913e-05 0.000133127 19.7006 1.27134e-05 3.74175e-05 6.17085
686 5.69942e-05 0.000139821 20.8241 1.30676e-05 3.85247e-05 6.34377
687 5.86051e-05 0.000138795 20.6496 1.33495e-05 3.79544e-05 6.27894
688 5.77378e-05 0.000137367 20.4249 1.35211e-05 3.84389e-05 6.35155
689 5.62595e-05 0.000138911 20.6053 1.33507e-05 3.82318e-05 6.30576
690 5.7226e-05 0.000137264 20.362 1.38489e-05 3.79936e-05 6.24967
691 5.81869e-05 0.000139263 20.7853 1.32242e-05 3.82953e-05 6.32518
692 5.74203e-05 0.00013793 20.4379 1.31919e-05 3.82826e-05 6.29035
693 6.14194e-05 0.000138851 20.6479 1.30022e-05 3.80405e-05 6.25289
694 5.72417e-05 0.000138582 20.6028 1.34731e-05 3.78768e-05 6.30578
695 6.24154e-05 0.000138047 20.469 1.29759e-05 3.86697e-05 6.36002
696 5.73466e-05 0.000140088 20.8339 1.34168e-05 3.84433e-05 6.35294
697 5.6351e-05 0.000138033 20.5209 1.38441e-05 3.86834e-05 6.40267
698 5.91668e-05 0.000140627 20.9167 1.42539e-05 3.79358e-05 6.29277
699 5.66881e-05 0.00013669 20.2866 1.28571e-05 3.81256e-05 6.2629
700 5.70209e-05 0.00013678 20.3857 1.32483e-05 3.86738e-05 6.39979
701 6.68002e-05 0.000139552 20.86 1.33229e-05 3.80218e-05 6.28443
702 5.87116e-05 0.000140482 20.9522 1.31293e-05 3.78844e-05 6.25081
703 6.17282e-05 0.000140983 20.9829 1.33031e-05 3.77512e-05 6.18202
704 5.81675e-05 0.000136977 20.2577 1.3295e-05 3.77752e-05 6.14057
705 5.99371e-05 0.000137429 20.4314 1.36779e-05 3.78325e-05 6.28939
706 5.80729e-05 0.000137997 20.443 1.31176e-05 3.77315e-05 6.22456
707 5.88901e-05 0.000143053 21.3054 1.40526e-05 3.7877e-05 6.30466
708 5.74276e-05 0.000139911 20.8468 1.33518e-05 3.78998e-05 6.26029
709 6.06199e-05 0.000142724 21.2228 1.31331e-05 3.82194e-05 6.32821
710 5.82028e-05 0.000143279 21.36 1.37114e-05 3.88809e-05 6.50113
711 5.74299e-05 0.000136556 20.1921 1.2766e-05 3.8409e-05 6.34389
712 6.04654e-05 0.000137523 20.4375 1.30992e-05 3.80966e-05 6.25742
713 5.89286e-05 0.000138403 20.5543 1.36056e-05 3.65949e-05 6.02626
714 6.03358e-05 0.000139116 20.6824 1.2982e-05 3.73414e-05 6.12697
715 5.63029e-05 0.000138007 20.5132 1.2784e-05 3.77073e-05 6.1952
716 5.7606e-05 0.000137083 20.2882 1.32175e-05 3.81905e-05 6.26209
717 5.79216e-05 0.000138488 20.548 1.26872e-05 3.82043e-05 6.29358
718 5.83385e-05 0.000135872 20.1491 1.27283e-05 3.73883e-05 6.13576
719 5.59292e-05 0.000133992 19.8054 1.30589e-05 3.79386e-05 6.23731
720 5.63578e-05 0.00014056 20.9238 1.29698e-05 3.90443e-05 6.43613
721 5.73079e-05 0.000137601 20.3946 1.29717e-05 3.81101e-05 6.22221
722 5.91708e-05 0.000140789 20.9692 1.31244e-05 3.83801e-05 6.31407
723 5.68714e-05 0.000136352 20.2238 1.26397e-05 3.831e-05 6.2895
724 5.80935e-05 0.000137666 20.4056 1.3374e-05 3.70229e-05 6.0704
725 5.65519e-05 0.000140888 20.9955 1.27775e-05 3.80158e-05 6.229
726 6.30194e-05 0.000140146 20.8886 1.31121e-05 3.76266e-05 6.21504
727 5.79678e-05 0.000138909 20.6121 1.22998e-05 3.81485e-05 6.25956
728 5.84389e-05 0.000139356 20.6734 1.23708e-05 3.79026e-05 6.23139
729 5.72594e-05 0.000137394 20.4159 1.2626e-05 3.80657e-05 6.2378
730 5.78639e-05 0.000141235 21.0975 1.38148e-05 3.73226e-05 6.22137
731 5.83754e-05 0.000139432 20.7261 1.27653e-05 3.81794e-05 6.2657
732 5.79346e-05 0.000139004 20.6019 1.26454e-05 3.88513e-05 6.4186
733 5.7856e-05 0.000140197 20.8152 1.31262e-05 3.77495e-05 6.20192
734 5.66278e-05 0.000135057 20.0367 1.29099e-05 3.74261e-05 6.1556
735 5.69006e-05 0.000139494 20.773 1.28695e-05 3.86124e-05 6.3968
736 5.99879e-05 0.000137813 20.5216 1.28344e-05 3.82641e-05 6.33982
737 5.66249e-05 0.000138898 20.6331 1.24641e-05 3.86738e-05 6.38738
738 5.97401e-05 0.000137593 20.313 1.27503e-05 3.82641e-05 6.305
739 5.95739e-05 0.000139913 20.7647 1.29988e-05 3.79824e-05 6.25851
740 6.03329e-05 0.000143344 21.3374 1.2595e-05 3.84804e-05 6.35575
741 5.94775e-05 0.000137724 20.3818 1.30539e-05 3.8422e-05 6.33287
742 5.65114e-05 0.000136695 20.3007 1.26727e-05 3.78354e-05 6.24402
743 5.82678e-05 0.000139479 20.6551 1.26375e-05 3.88547e-05 6.42994
744 5.76588e-05 0.00014099 21.0171 1.30587e-05 3.81585e-05 6.3082
745 5.78893e-05 0.000140783 20.9057 1.32864e-05 3.82301e-05 6.28841
746 5.75951e-05 0.000142347 21.2337 1.3021e-05 3.87005e-05 6.40789
747 5.95288e-05 0.000139846 20.7874 1.26412e-05 3.7341e-05 6.16954
748 5.90893e-05 0.000138221 20.5207 1.28616e-05 3.74401e-05 6.15992
749 5.77689e-05 0.000141826 21.1318 1.31668e-05 3.75461e-05 6.2281
750 5.92683e-05 0.000136807 20.3067 1.33341e-05 3.77522e-05 6.23844
751 5.68999e-05 0.000140193 20.8797 1.27087e-05 3.7679e-05 6.2379
752 5.90888e-05 0.000138723 20.605 1.28785e-05 3.84757e-05 6.34624
753 5.79925e-05 0.000139917 20.8665 1.30294e-05 3.89881e-05 6.46041
754 5.89944e-05 0.000139237 20.6554 1.35131e-05 3.78765e-05 6.26993
755 5.9624e-05 0.00014188 21.1069 1.27167e-05 3.80445e-05 6.25426
756 5.61399e-05 0.000139363 20.6971 1.32996e-05 3.81837e-05 6.34267
757 5.90953e-05 0.000140957 20.9677 1.28797e-05 3.81243e-05 6.28985
758 6.10486e-05 0.000137182 20.3942 1.28178e-05 3.82546e-05 6.34557
759 5.76877e-05 0.000137106 20.3772 1.2324e-05 3.80107e-05 6.24536
760 5.60217e-05 0.000139695 20.8519 1.29022e-05 3.81716e-05 6.32615
761 6.35655e-05 0.000145322 21.7067 1.35385e-05 3.78539e-05 6.29457
762 5.84819e-05 0.000140519 20.8789 1.28933e-05 3.7933e-05 6.20052
763 5.81812e-05 0.000141058 20.9842 1.26741e-05 3.81636e-05 6.31818
764 5.86172e-05 0.000137598 20.5086 1.3177e-05 3.81506e-05 6.31741
765 5.61868e-05 0.0001373 20.4421 1.29605e-05 3.79719e-05 6.30324
766 6.01594e-05 0.000139342 20.7152 1.28824e-05 3.80908e-05 6.29987
767 5.88863e-05 0.000139119 20.7202 1.32388e-05 3.79865e-05 6.26412
768 5.75738e-05 0.000139456 20.7209 1.29989e-05 3.84311e-05 6.34491
769 5.84645e-05 0.000138781 20.6022 1.30119e-05 3.76816e-05 6.26832
770 6.52531e-05 0.000138876 20.5672 1.25825e-05 3.84412e-05 6.35377
771 5.84862e-05 0.000138747 20.5901 1.25498e-05 3.71585e-05 6.08804
772 5.97934e-05 0.000136818 20.2228 1.25808e-05 3.83006e-05 6.30269
773 5.78304e-05 0.000136797 20.3215 1.26316e-05 3.8297e-05 6.30414
774 5.96811e-05 0.000137872 20.361 1.29421e-05 3.68652e-05 6.06152
775 5.82845e-05 0.000139331 20.6937 1.30815e-05 3.74788e-05 6.17076
776 5.88089e-05 0.000141241 20.9741 1.30949e-05 3.86235e-05 6.4285
777 5.89533e-05 0.000140203 20.8462 1.31738e-05 3.72572e-05 6.1422
778 5.84416e-05 0.00014006 20.8146 1.26796e-05 3.79392e-05 6.23054
779 5.95755e-05 0.000140708 20.972 1.28178e-05 3.69213e-05 6.111
780 5.96748e-05 0.000138893 20.6196 1.2851e-05 3.81142e-05 6.25438
781 5.85911e-05 0.000141176 21.0439 1.27027e-05 3.76492e-05 6.19662
782 5.88338e-05 0.000139316 20.7513 1.30174e-05 3.90526e-05 6.46059
783 5.6157e-05 0.000137764 20.4948 1.24834e-05 3.78386e-05 6.20349
784 5.68222e-05 0.000136671 20.1999 1.24749e-05 3.77663e-05 6.1857
785 6.29484e-05 0.000139869 20.9193 1.28276e-05 3.74982e-05 6.19687
786 6.03703e-05 0.000142555 21.2452 1.23683e-05 3.8289e-05 6.29004
787 5.74684e-05 0.000139323 20.7256 1.223e-05 3.84446e-05 6.34147
788 5.74545e-05 0.000140634 20.9961 1.27923e-05 3.79693e-05 6.30366
789 5.90454e-05 0.000138197 20.6049 1.25439e-05 3.77308e-05 6.21844
790 5.79839e-05 0.00014084 20.9093 1.23948e-05 3.77441e-05 6.18146
791 5.55969e-05 0.000140357 20.9716 1.30847e-05 3.78575e-05 6.25983
792 5.73757e-05 0.000141074 20.967 1.2572e-05 3.76839e-05 6.18118
793 6.12228e-05 0.000142544 21.3399 1.26392e-05 3.70812e-05 6.1361
794 5.79231e-05 0.000142024 21.156 1.25602e-05 3.82392e-05 6.29359
795 5.75121e-05 0.000139445 20.7027 1.24078e-05 3.78388e-05 6.21446
796 5.77524e-05 0.000140046 20.894 1.25761e-05 3.87314e-05 6.39637
797 5.81678e-05 0.000138954 20.6701 1.2765e-05 3.80029e-05 6.25994
798 5.7187e-05 0.000141463 21.057 1.30984e-05 3.72642e-05 6.14574
799 5.68301e-05 0.000138307 20.4472 1.24747e-05 3.79929e-05 6.25772
800 5.65456e-05 0.000138585 20.6116 1.26071e-05 3.7491e-05 6.19289
801 5.83813e-05 0.000140341 20.8219 1.30081e-05 3.72635e-05 6.19425
802 5.65953e-05 0.000138139 20.4869 1.23034e-05 3.75676e-05 6.18031
803 5.83751e-05 0.000139702 20.8951 1.2621e-05 3.7655e-05 6.24224
804 5.87675e-05 0.000142258 21.2465 1.26996e-05 3.72511e-05 6.12276
805 5.99643e-05 0.000136339 20.1782 1.26323e-05 3.74417e-05 6.14549
806 8.36953e-05 0.000138667 20.643 1.28683e-05 3.77125e-05 6.2163
807 5.84914e-05 0.000142071 21.1587 1.24824e-05 3.79707e-05 6.25446
808 5.86464e-05 0.00014087 20.9903 1.17922e-05 3.776e-05 6.18908
809 6.0004e-05 0.000140409 21.0065 1.27443e-05 3.76228e-05 6.21599
810 5.69609e-05 0.000136513 20.2761 1.28281e-05 3.75337e-05 6.17352
811 5.90263e-05 0.000143278 21.4319 1.29237e-05 3.79146e-05 6.30863
812 5.76912e-05 0.00013799 20.5153 1.25971e-05 3.74186e-05 6.1608
813 5.63703e-05 0.000140051 20.8781 1.25102e-05 3.83552e-05 6.3467
814 6.02235e-05 0.000143112 21.3019 1.24486e-05 3.74833e-05 6.19081
815 6.08723e-05 0.000141084 20.9968 1.29235e-05 3.70092e-05 6.09973
816 5.72998e-05 0.000137703 20.4918 1.24483e-05 3.72287e-05 6.18256
817 5.81222e-05 0.000142137 21.1878 1.27609e-05 3.75944e-05 6.19467
818 5.77468e-05 0.000141317 21.1069 1.31625e-05 3.7734e-05 6.29385
819 5.80315e-05 0.000140951 21.0306 1.28034e-05 3.75734e-05 6.18785
820 5.99031e-05 0.000139832 20.9365 1.27517e-05 3.83564e-05 6.37742
821 5.73628e-05 0.000142478 21.2382 1.31899e-05 3.82604e-05 6.3555
822 5.94369e-05 0.000138785 20.6344 1.26025e-05 3.80664e-05 6.32609
823 5.897e-05 0.000140014 20.8733 1.26842e-05 3.72145e-05 6.16103
824 5.76815e-05 0.000139605 20.7177 1.22478e-05 3.7833e-05 6.20498
825 6.08128e-05 0.000141213 21.0536 1.22431e-05 3.7554e-05 6.18307
826 5.70906e-05 0.000139503 20.8132 1.22444e-05 3.80875e-05 6.26528
827 5.69683e-05 0.000138426 20.5167 1.2476e-05 3.86023e-05 6.39022
828 5.86173e-05 0.000143196 21.357 1.25798e-05 3.68335e-05 6.07328
829 5.66864e-05 0.000143086 21.322 1.26543e-05 3.83292e-05 6.31395
830 6.1381e-05 0.000140117 20.9483 1.24955e-05 3.75772e-05 6.18545
831 5.84467e-05 0.00014321 21.4146 1.29215e-05 3.77706e-05 6.24451
832 5.72578e-05 0.000140618 20.9614 1.30916e-05 3.82055e-05 6.35392
833 5.879e-05 0.00014281 21.2824 1.26738e-05 3.78849e-05 6.30155
834 5.69516e-05 0.00014063 20.9242 1.25293e-05 3.77174e-05 6.19856
835 5.67929e-05 0.00014214 21.1623 1.30277e-05 3.85036e-05 6.35057
836 5.86532e-05 0.000141025 21.1308 1.33192e-05 3.69728e-05 6.18177
837 5.73641e-05 0.000139018 20.7752 1.26896e-05 3.73987e-05 6.2164
838 5.70434e-05 0.000139242 20.6803 1.24142e-05 3.75426e-05 6.18321
839 6.0802e-05 0.000142128 21.1559 1.24505e-05 3.67841e-05 6.05354
840 5.79742e-05 0.000141985 21.211 1.24936e-05 3.84183e-05 6.33717
841 5.71763e-05 0.000142265 21.2437 1.2351e-05 3.72621e-05 6.16353
842 5.8851e-05 0.000140729 20.964 1.23985e-05 3.728e-05 6.13893
843 5.76254e-05 0.000140947 21.0367 1.25361e-05 3.75647e-05 6.209
844 5.74933e-05 0.00013791 20.4698 1.20659e-05 3.77657e-05 6.17179
845 5.84358e-05 0.00013782 20.5942 1.26084e-05 3.7912e-05 6.26065
846 5.89311e-05 0.000138905 20.7144 1.26486e-05 3.66361e-05 6.02638
847 5.80922e-05 0.000140515 20.8823 1.26098e-05 3.79552e-05 6.27016
848 5.59061e-05 0.000138536 20.6133 1.25924e-05 3.82361e-05 6.2873
849 5.84595e-05 0.000142755 21.276 1.27723e-05 3.81736e-05 6.35768
850 5.72969e-05 0.000140861 20.9611 1.26905e-05 3.89615e-05 6.4709
851 5.64243e-05 0.000139188 20.7549 1.26985e-05 3.81624e-05 6.2966
852 5.82816e-05 0.000139952 20.8628 1.2558e-05 3.70549e-05 6.09664
853 5.82972e-05 0.000141815 21.1201 1.259e-05 3.76306e-05 6.18597
854 5.79517e-05 0.000141479 21.076 1.2638e-05 3.76956e-05 6.28651
855 5.66386e-05 0.000140315 20.8505 1.25986e-05 3.71347e-05 6.09765
856 6.00113e-05 0.000143803 21.484 1.27105e-05 3.84956e-05 6.37739
857 5.95352e-05 0.000141985 21.2308 1.27641e-05 3.80202e-05 6.28534
858 6.0085e-05 0.000141164 21.1589 1.22249e-05 3.72575e-05 6.15448
859 6.39976e-05 0.000141357 21.2609 1.32605e-05 3.74334e-05 6.26986
860 6.10678e-05 0.000139625 20.8199 1.28108e-05 3.84657e-05 6.38448
861 5.81956e-05 0.000142508 21.3282 1.29695e-05 3.74111e-05 6.22423
862 5.70976e-05 0.000140433 20.8961 1.25391e-05 3.77159e-05 6.22862
863 0.000104915 0.000143699 21.5319 1.25181e-05 3.78462e-05 6.24372
864 5.74303e-05 0.000141133 20.9943 1.21421e-05 3.75309e-05 6.19053
865 5.75648e-05 0.000141594 21.1479 1.25491e-05 3.73469e-05 6.18218
866 5.95644e-05 0.000140124 20.8776 1.22908e-05 3.73381e-05 6.12576
867 5.94804e-05 0.000138874 20.7745 1.23739e-05 3.74318e-05 6.18403
868 5.52924e-05 0.000139637 20.8329 1.21456e-05 3.74775e-05 6.16699
869 5.85542e-05 0.000142593 21.2784 1.23462e-05 3.74145e-05 6.1405
870 5.70044e-05 0.000138765 20.639 1.22346e-05 3.74867e-05 6.19518
871 5.82935e-05 0.000140693 20.8989 1.24341e-05 3.76951e-05 6.21617
872 5.61963e-05 0.000139479 20.7528 1.25044e-05 3.75498e-05 6.20387
873 5.74004e-05 0.000135928 20.2085 1.21862e-05 3.77173e-05 6.25244
874 5.66536e-05 0.0001392 20.7182 1.22956e-05 3.7444e-05 6.15902
875 5.79085e-05 0.000139673 20.7954 1.22951e-05 3.78258e-05 6.24839
876 6.03664e-05 0.00013829 20.6067 1.27213e-05 3.71841e-05 6.11264
877 5.85489e-05 0.00014028 20.9079 1.32388e-05 3.80337e-05 6.3333
878 5.98711e-05 0.000139233 20.6712 1.21258e-05 3.75969e-05 6.16713
879 5.60857e-05 0.000141218 21.1503 1.20609e-05 3.71973e-05 6.16343
880 5.61175e-05 0.000141957 21.2198 1.24547e-05 3.74263e-05 6.20142
881 5.97164e-05 0.000139825 20.8611 1.20855e-05 3.68768e-05 6.07415
882 5.66374e-05 0.00014258 21.2903 1.22564e-05 3.78539e-05 6.23741
883 5.61543e-05 0.000139581 20.7826 1.22557e-05 3.77855e-05 6.2267
884 5.9709e-05 0.000142741 21.3332 1.22601e-05 3.73848e-05 6.18166
885 5.68938e-05 0.00014248 21.2698 1.25991e-05 3.81162e-05 6.30159
886 5.70774e-05 0.000135623 20.1634 1.22196e-05 3.75644e-05 6.22594
887 5.87945e-05 0.000141384 21.0343 1.27593e-05 3.70055e-05 6.12472
888 5.71095e-05 0.000142657 21.2866 1.29819e-05 3.7816e-05 6.32923
889 5.69818e-05 0.000143227 21.424 1.23567e-05 3.76805e-05 6.23572
890 6.03031e-05 0.000143157 21.379 1.22463e-05 3.7082e-05 6.10379
891 6.0231e-05 0.000139779 20.868 1.26987e-05 3.74239e-05 6.21489
892 5.91235e-05 0.000139849 20.7321 1.25481e-05 3.76934e-05 6.21961
893 6.42167e-05 0.000143554 21.5056 1.23773e-05 3.61794e-05 5.97726
894 6.22675e-05 0.000141862 21.093 1.30749e-05 3.74909e-05 6.22399
895 5.95312e-05 0.000143235 21.3671 1.27347e-05 3.69034e-05 6.09854
896 6.28034e-05 0.00013889 20.9147 1.21209e-05 3.73042e-05 6.15034
897 5.49516e-05 0.000139991 20.9248 1.20406e-05 3.62413e-05 5.94705
898 5.70753e-05 0.000142249 21.2204 1.19606e-05 3.72944e-05 6.14982
899 5.85042e-05 0.000141615 21.0586 1.20231e-05 3.69094e-05 6.08178
900 6.36593e-05 0.000139736 20.8222 1.272e-05 3.75425e-05 6.20862
901 5.63902e-05 0.000143724 21.4761 1.23319e-05 3.69566e-05 6.12487
902 6.07341e-05 0.000143486 21.4776 1.29649e-05 3.67808e-05 6.15234
903 6.17296e-05 0.00014414 21.4685 1.27454e-05 3.79434e-05 6.29193
904 5.68073e-05 0.00014306 21.4006 1.26477e-05 3.77562e-05 6.28874
905 5.82712e-05 0.00014683 21.9895 1.21705e-05 3.72572e-05 6.15349
906 6.02122e-05 0.000141121 21.0338 1.23786e-05 3.72349e-05 6.15299
907 5.80202e-05 0.000144721 21.5975 1.29702e-05 3.80891e-05 6.35354
908 5.92732e-05 0.000143458 21.3784 1.25078e-05 3.85924e-05 6.40605
909 5.76837e-05 0.000139514 20.7168 1.23541e-05 3.7077e-05 6.12103
910 5.73251e-05 0.00014155 21.0607 1.14973e-05 3.73104e-05 6.09173
911 5.81751e-05 0.000142183 21.1752 1.23516e-05 3.87292e-05 6.42054
912 5.62418e-05 0.000139801 20.8421 1.21531e-05 3.71574e-05 6.13278
913 5.86601e-05 0.000141012 20.9142 1.23804e-05 3.79278e-05 6.27166
914 5.76206e-05 0.000141605 21.0749 1.20499e-05 3.70819e-05 6.10563
915 5.76226e-05 0.000142559 21.2827 1.21535e-05 3.71706e-05 6.11299
916 5.59021e-05 0.000140743 21.0263 1.2222e-05 3.77396e-05 6.23294
917 5.79422e-05 0.000139924 20.8304 1.17201e-05 3.7411e-05 6.17253
918 5.70274e-05 0.000141586 21.096 1.194e-05 3.74373e-05 6.181
919 5.76342e-05 0.000141703 21.2065 1.22453e-05 3.70567e-05 6.0946
920 5.72032e-05 0.000140624 20.9726 1.21324e-05 3.64436e-05 5.98325
921 5.93434e-05 0.000140445 20.9576 1.30462e-05 3.69345e-05 6.10362
922 5.81444e-05 0.000142562 21.3719 1.21677e-05 3.75432e-05 6.20394
923 6.0315e-05 0.000140045 20.9128 1.21824e-05 3.7994e-05 6.30944
924 5.86436e-05 0.00014415 21.584 1.25201e-05 3.68425e-05 6.09946
925 6.26709e-05 0.000141634 21.1394 1.29369e-05 3.65938e-05 6.04149
926 5.74839e-05 0.000144924 21.6617 1.21851e-05 3.80489e-05 6.30017
927 5.63257e-05 0.000139419 20.7848 1.153e-05 3.72496e-05 6.11646
928 5.67143e-05 0.000137936 20.5603 1.1665e-05 3.75052e-05 6.15213
929 5.87004e-05 0.000140816 21.0322 1.21019e-05 3.70621e-05 6.11848
930 5.79781e-05 0.000142645 21.2574 1.2221e-05 3.72629e-05 6.15212
931 5.69325e-05 0.000142384 21.2342 1.17427e-05 3.7955e-05 6.25225
932 5.72317e-05 0.00014243 21.2693 1.25339e-05 3.70827e-05 6.16446
933 5.84779e-05 0.000140426 20.879 1.22032e-05 3.73331e-05 6.19459
934 6.02065e-05 0.000141237 21.1689 1.26971e-05 3.78601e-05 6.27585
935 5.7991e-05 0.000143561 21.4281 1.20035e-05 3.69584e-05 6.12188
936 5.90164e-05 0.000141027 21.0533 1.22016e-05 3.71912e-05 6.13373
937 5.91625e-05 0.000144059 21.5363 1.24301e-05 3.77909e-05 6.27222
938 5.86146e-05 0.000141087 20.9948 1.18687e-05 3.74593e-05 6.17372
939 5.83683e-05 0.000141632 21.1048 1.21945e-05 3.73878e-05 6.17375
940 5.83708e-05 0.000145233 21.6916 1.20253e-05 3.74032e-05 6.1966
941 5.85883e-05 0.000144585 21.711 1.25138e-05 3.76978e-05 6.23456
942 5.65211e-05 0.000142717 21.3062 1.25904e-05 3.71702e-05 6.16928
943 5.79402e-05 0.000142275 21.1973 1.21921e-05 3.65585e-05 5.98674
944 5.53901e-05 0.000141352 21.1044 1.15894e-05 3.80263e-05 6.28746
945 5.94032e-05 0.000142384 21.2232 1.24084e-05 3.70841e-05 6.13474
946 6.0989e-05 0.000139864 20.7722 1.23174e-05 3.84881e-05 6.39276
947 5.75923e-05 0.000142045 21.1671 1.18953e-05 3.80429e-05 6.27647
948 5.67868e-05 0.00014023 20.8889 1.17751e-05 3.77528e-05 6.22166
949 5.77352e-05 0.000142076 21.1477 1.2058e-05 3.73823e-05 6.17705
950 5.8083e-05 0.000142978 21.3349 1.21886e-05 3.79781e-05 6.28956
951 5.79812e-05 0.000141636 21.1274 1.2116e-05 3.71498e-05 6.15155
952 5.69044e-05 0.00013914 20.7385 1.18002e-05 3.79905e-05 6.25182
953 5.83516e-05 0.000140781 21.0304 1.20064e-05 3.68003e-05 6.07734
954 5.86994e-05 0.000145622 21.8619 1.21867e-05 3.74529e-05 6.21378
955 5.83576e-05 0.000141955 21.228 1.22373e-05 3.71744e-05 6.17896
956 5.86574e-05 0.000140147 20.807 1.21939e-05 3.76473e-05 6.22206
957 5.8543e-05 0.000144284 21.5978 1.24182e-05 3.81342e-05 6.31811
958 5.9382e-05 0.000140206 20.8942 1.20961e-05 3.76369e-05 6.26442
959 5.77927e-05 0.000142451 21.2343 1.21404e-05 3.74438e-05 6.19822
960 5.84576e-05 0.000139246 20.9326 1.19261e-05 3.69524e-05 6.11805
961 5.69084e-05 0.000138964 20.6979 1.17073e-05 3.7418e-05 6.14792
962 5.79416e-05 0.000140902 21.0491 1.20617e-05 3.73966e-05 6.22809
963 5.65973e-05 0.000140568 20.9831 1.1843e-05 3.75711e-05 6.19511
964 5.76764e-05 0.00014335 21.4438 1.22236e-05 3.75934e-05 6.20709
965 5.70035e-05 0.000141888 21.2236 1.22117e-05 3.70464e-05 6.14796
966 5.53989e-05 0.000140108 20.9193 1.2428e-05 3.73728e-05 6.20795
967 5.85852e-05 0.000140433 21.0017 1.17433e-05 3.70945e-05 6.14811
968 5.72185e-05 0.000144516 21.6464 1.24992e-05 3.655e-05 6.08538
969 6.00043e-05 0.000142462 21.2793 1.24378e-05 3.67788e-05 6.09504
970 5.77323e-05 0.000143003 21.3913 1.18615e-05 3.75297e-05 6.19978
971 5.86016e-05 0.000143403 21.3647 1.16248e-05 3.74334e-05 6.1896
972 6.25019e-05 0.000144044 21.5292 1.20979e-05 3.66082e-05 6.02607
973 5.83661e-05 0.000143785 21.5707 1.20195e-05 3.73144e-05 6.13262
974 5.69734e-05 0.000141119 21.0306 1.1777e-05 3.70598e-05 6.08677
975 5.55656e-05 0.000138612 20.6902 1.18944e-05 3.82482e-05 6.32869
976 5.88065e-05 0.000141185 21.1037 1.24131e-05 3.75066e-05 6.18181
977 6.10963e-05 0.000146429 21.8979 1.21814e-05 3.78906e-05 6.32004
978 5.96572e-05 0.00014369 21.5399 1.22152e-05 3.79601e-05 6.27346
979 5.72044e-05 0.00014213 21.1751 1.17739e-05 3.66426e-05 6.03226
980 5.7515e-05 0.000139796 20.8288 1.22006e-05 3.71943e-05 6.15501
981 5.89386e-05 0.000141664 21.2344 1.21624e-05 3.80912e-05 6.2899
982 5.76017e-05 0.000141979 21.1972 1.18779e-05 3.74695e-05 6.20118
983 5.89645e-05 0.000145324 21.7632 1.26737e-05 3.71435e-05 6.20734
984 6.19712e-05 0.000144541 21.6114 1.24227e-05 3.80431e-05 6.3424
985 6.51609e-05 0.000142895 21.4442 1.26857e-05 3.65992e-05 6.08269
986 6.07778e-05 0.000142711 21.2936 1.26307e-05 3.66383e-05 6.10006
987 5.75862e-05 0.000137717 20.4823 1.21675e-05 3.83348e-05 6.3607
988 5.88982e-05 0.00014341 21.4451 1.23246e-05 3.72019e-05 6.16368
989 5.8637e-05 0.000140795 21.1034 1.20133e-05 3.64338e-05 6.04713
990 5.74868e-05 0.00014439 21.5596 1.19707e-05 3.73539e-05 6.13573
991 5.57262e-05 0.00013931 20.8116 1.16851e-05 3.67469e-05 6.03121
992 5.81079e-05 0.000140872 21.1239 1.17075e-05 3.75775e-05 6.18283
993 5.74333e-05 0.000139453 20.7185 1.21896e-05 3.78948e-05 6.24714
994 5.95016e-05 0.000143935 21.4241 1.19417e-05 3.68591e-05 6.08641
995 5.61684e-05 0.000140368 20.869 1.15574e-05 3.76932e-05 6.17852
996 5.65469e-05 0.000144218 21.5861 1.14214e-05 3.7132e-05 6.06714
997 5.73514e-05 0.000140166 20.9024 1.14324e-05 3.81395e-05 6.28707
998 5.84879e-05 0.000140637 21.0393 1.21573e-05 3.74183e-05 6.20717
999 5.71517e-05 0.000141149 21.0886 1.23615e-05 3.65379e-05 6.01288
1000 5.9028e-05 0.000144431 21.5664 1.25318e-05 3.63499e-05 6.02355
