# ../optics --mode=conv_modified_vs_classical --conv-start=10 --conv-end=1000 --values-start=0.5 --values-end=1 --repetitions=1000 --xsigma=5 --output-file=comparison_1000_32_1000_xsigma5.txt --multiplier=32 ldata.txt
10 8.00306e-05 7.20982e-05 14.0553 5.9866e-05 4.42365e-05 8.88929
11 7.50167e-05 7.64998e-05 14.0152 5.10997e-05 3.87841e-05 7.59317
12 7.1084e-05 5.98661e-05 11.5291 5.15733e-05 3.64666e-05 7.26902
13 6.01163e-05 6.22808e-05 11.8891 4.66389e-05 3.47529e-05 6.93864
14 6.06263e-05 5.89487e-05 11.1362 4.58481e-05 3.42139e-05 6.84609
15 5.74432e-05 5.69207e-05 10.3886 4.25624e-05 3.18016e-05 6.18693
16 5.24766e-05 5.49705e-05 10.0876 4.00267e-05 2.972e-05 5.84309
17 4.89849e-05 5.43927e-05 10.0035 3.7122e-05 2.92717e-05 5.68812
18 4.88104e-05 5.14895e-05 9.52364 3.94742e-05 2.87692e-05 5.76969
19 5.03913e-05 5.30298e-05 9.84943 3.76771e-05 2.83736e-05 5.60654
20 4.53568e-05 4.78477e-05 8.82446 3.65782e-05 2.66689e-05 5.24953
21 4.27787e-05 4.71265e-05 8.58041 3.46915e-05 2.57121e-05 5.08925
22 4.09688e-05 4.58071e-05 8.35318 3.27896e-05 2.54348e-05 4.88069
23 3.94342e-05 4.79815e-05 8.59855 3.18825e-05 2.58566e-05 4.96736
24 4.14328e-05 4.85499e-05 8.69679 3.37295e-05 2.47756e-05 4.85898
25 4.06305e-05 4.6137e-05 8.47139 3.21203e-05 2.47952e-05 4.82552
26 3.89648e-05 4.56319e-05 8.27178 3.22087e-05 2.45067e-05 4.73921
27 3.88411e-05 4.65023e-05 8.47199 3.13874e-05 2.3515e-05 4.61724
28 3.74633e-05 4.54572e-05 8.09183 2.98105e-05 2.3072e-05 4.33639
29 3.66599e-05 4.23496e-05 7.7184 2.89224e-05 2.25643e-05 4.31091
30 3.60957e-05 4.25167e-05 7.77487 2.82254e-05 2.10018e-05 4.12823
31 3.58579e-05 4.10016e-05 7.60043 2.97135e-05 2.13182e-05 4.17388
32 3.38822e-05 4.49325e-05 8.17441 2.78587e-05 2.27234e-05 4.33779
33 3.43133e-05 3.82021e-05 7.19075 2.74066e-05 2.04689e-05 4.0907
34 3.49649e-05 4.13233e-05 7.52439 2.80205e-05 2.03677e-05 4.05848
35 3.1448e-05 3.97077e-05 7.31285 2.55587e-05 2.01375e-05 3.88172
36 3.23361e-05 3.96799e-05 7.28207 2.67211e-05 1.9831e-05 3.92274
37 3.18793e-05 4.17617e-05 7.33647 2.57965e-05 2.10174e-05 3.90229
38 3.31611e-05 3.9324e-05 7.27896 2.68272e-05 1.93924e-05 3.77469
39 3.1772e-05 3.8907e-05 7.0992 2.47502e-05 1.90631e-05 3.64671
40 2.96816e-05 3.94338e-05 7.08186 2.43435e-05 1.99461e-05 3.68803
41 2.85145e-05 3.74759e-05 6.77573 2.39037e-05 1.83827e-05 3.50205
42 2.96838e-05 3.49346e-05 6.32791 2.44337e-05 1.84401e-05 3.54576
43 2.79023e-05 3.91849e-05 6.93955 2.37824e-05 1.90216e-05 3.65527
44 2.96023e-05 3.88376e-05 6.93243 2.40206e-05 1.83551e-05 3.50976
45 2.7793e-05 3.54228e-05 6.41145 2.31004e-05 1.74826e-05 3.3813
46 2.68596e-05 3.4602e-05 6.19764 2.1922e-05 1.75295e-05 3.28953
47 2.81562e-05 3.65113e-05 6.60186 2.26139e-05 1.80046e-05 3.43821
48 2.74102e-05 3.71986e-05 6.73568 2.19155e-05 1.75162e-05 3.30241
49 2.6166e-05 3.4405e-05 6.20134 2.12851e-05 1.76516e-05 3.34405
50 2.69878e-05 3.60344e-05 6.4468 2.20599e-05 1.77764e-05 3.34882
51 2.55771e-05 3.74201e-05 6.61368 2.07911e-05 1.76357e-05 3.23554
52 2.59641e-05 3.56888e-05 6.39151 2.10649e-05 1.75559e-05 3.30368
53 2.66476e-05 3.52884e-05 6.34015 2.15861e-05 1.72125e-05 3.24471
54 2.57112e-05 3.44734e-05 6.17107 2.11632e-05 1.66275e-05 3.11407
55 2.41048e-05 3.45517e-05 6.12972 1.98787e-05 1.6251e-05 2.98787
56 2.56246e-05 3.4705e-05 6.23816 2.11874e-05 1.63003e-05 3.16044
57 2.57905e-05 3.54863e-05 6.2526 2.1021e-05 1.70445e-05 3.18084
58 2.50472e-05 3.44507e-05 6.16087 2.04758e-05 1.6297e-05 3.10121
59 2.44146e-05 3.45041e-05 6.1822 1.98924e-05 1.66343e-05 3.09082
60 2.4117e-05 3.3686e-05 6.02435 1.92543e-05 1.59899e-05 2.91215
61 2.45163e-05 3.35149e-05 5.94744 1.99399e-05 1.56902e-05 2.9837
62 2.34844e-05 3.31021e-05 5.99501 1.91693e-05 1.54558e-05 2.92527
63 2.4445e-05 3.21436e-05 5.67791 2.03705e-05 1.57957e-05 2.90866
64 2.35531e-05 3.18988e-05 5.57466 1.91894e-05 1.56649e-05 2.82077
65 2.37975e-05 3.24647e-05 5.70752 1.94905e-05 1.59641e-05 2.92933
66 2.35628e-05 3.2395e-05 5.77634 1.94158e-05 1.56412e-05 2.88387
67 2.3127e-05 3.25125e-05 5.85731 1.90286e-05 1.52206e-05 2.86672
68 2.29202e-05 3.17778e-05 5.6529 1.8796e-05 1.50331e-05 2.8331
69 2.20008e-05 3.24642e-05 5.65539 1.76859e-05 1.51688e-05 2.71999
70 2.19027e-05 3.15306e-05 5.53971 1.85348e-05 1.51772e-05 2.74281
71 2.33545e-05 3.35777e-05 5.88872 1.90478e-05 1.55799e-05 2.85372
72 2.30506e-05 3.15892e-05 5.61707 1.87609e-05 1.48162e-05 2.72284
73 2.17802e-05 3.39548e-05 5.9432 1.78757e-05 1.57313e-05 2.82157
74 2.23843e-05 3.17869e-05 5.65937 1.83929e-05 1.46233e-05 2.70461
75 2.1833e-05 3.01782e-05 5.3805 1.77457e-05 1.40811e-05 2.59301
76 2.14238e-05 3.09831e-05 5.44164 1.77472e-05 1.45425e-05 2.63647
77 2.17846e-05 2.84935e-05 5.10298 1.77502e-05 1.37545e-05 2.54938
78 2.1048e-05 3.05882e-05 5.49517 1.70354e-05 1.45228e-05 2.6682
79 2.20282e-05 3.0742e-05 5.43552 1.76662e-05 1.36813e-05 2.52023
80 2.15807e-05 3.18788e-05 5.62135 1.74294e-05 1.39659e-05 2.59258
81 2.25114e-05 3.10703e-05 5.53903 1.74424e-05 1.40959e-05 2.64091
82 2.09765e-05 2.97581e-05 5.28515 1.65923e-05 1.38797e-05 2.48315
83 2.03384e-05 2.86384e-05 5.07369 1.69142e-05 1.39194e-05 2.548
84 2.14296e-05 2.93387e-05 5.09619 1.76119e-05 1.35582e-05 2.48112
85 2.05358e-05 2.99666e-05 5.34176 1.64454e-05 1.3616e-05 2.42788
86 2.08513e-05 2.99618e-05 5.28893 1.69822e-05 1.37008e-05 2.534
87 2.07443e-05 3.00882e-05 5.35343 1.65447e-05 1.38711e-05 2.49384
88 2.01164e-05 3.01992e-05 5.4094 1.64991e-05 1.38501e-05 2.53467
89 2.04952e-05 2.94911e-05 5.17238 1.63188e-05 1.36678e-05 2.46672
90 2.09862e-05 3.00471e-05 5.32503 1.68155e-05 1.39169e-05 2.48975
91 2.09844e-05 3.10688e-05 5.4176 1.67737e-05 1.41482e-05 2.48559
92 1.93912e-05 2.82987e-05 5.03193 1.5944e-05 1.30757e-05 2.4359
93 2.04742e-05 3.06806e-05 5.42788 1.66343e-05 1.37324e-05 2.48395
94 2.00213e-05 2.82859e-05 5.02756 1.65334e-05 1.29775e-05 2.41117
95 1.9757e-05 3.03312e-05 5.27751 1.58001e-05 1.27873e-05 2.29253
96 1.95106e-05 3.05316e-05 5.34004 1.58723e-05 1.3201e-05 2.37865
97 2.03209e-05 2.85249e-05 4.8915 1.622e-05 1.38948e-05 2.40144
98 2.03511e-05 2.86407e-05 5.00632 1.64173e-05 1.34629e-05 2.42194
99 1.97988e-05 2.97953e-05 5.2764 1.58129e-05 1.34874e-05 2.45021
100 1.89464e-05 2.84836e-05 5.00244 1.53748e-05 1.28799e-05 2.30621
101 1.92607e-05 3.00465e-05 5.26305 1.59737e-05 1.34748e-05 2.45095
102 1.91905e-05 2.86754e-05 5.02915 1.54768e-05 1.33022e-05 2.44641
103 1.95754e-05 2.83782e-05 4.97805 1.56756e-05 1.30101e-05 2.36515
104 1.89257e-05 3.07931e-05 5.36846 1.53529e-05 1.32932e-05 2.38153
105 1.80557e-05 2.69614e-05 4.7932 1.47201e-05 1.17933e-05 2.16593
106 1.93644e-05 2.95858e-05 5.10021 1.55844e-05 1.34363e-05 2.34543
107 1.86147e-05 2.5939e-05 4.57669 1.46822e-05 1.24955e-05 2.23546
108 1.85797e-05 2.84365e-05 4.98078 1.4895e-05 1.30165e-05 2.34283
109 1.88437e-05 2.63874e-05 4.62074 1.52366e-05 1.20354e-05 2.18259
110 1.81085e-05 2.79574e-05 4.92568 1.46733e-05 1.22797e-05 2.20666
111 1.77707e-05 2.76083e-05 4.76752 1.43338e-05 1.28546e-05 2.2701
112 1.9176e-05 2.85536e-05 5.05202 1.50758e-05 1.22597e-05 2.19091
113 1.88044e-05 2.57696e-05 4.49859 1.49918e-05 1.19304e-05 2.14961
114 1.76764e-05 2.73034e-05 4.6418 1.40258e-05 1.24501e-05 2.16345
115 1.81321e-05 2.69345e-05 4.67988 1.45764e-05 1.21531e-05 2.12528
116 1.86475e-05 2.86123e-05 4.97044 1.49726e-05 1.24005e-05 2.19762
117 1.78858e-05 2.7799e-05 4.88283 1.39186e-05 1.21198e-05 2.14581
118 1.77977e-05 2.70268e-05 4.69812 1.43463e-05 1.23257e-05 2.14878
119 1.7853e-05 2.87718e-05 5.0013 1.51233e-05 1.26818e-05 2.27028
120 1.74538e-05 2.71575e-05 4.73593 1.43909e-05 1.24133e-05 2.17451
121 1.82184e-05 2.85833e-05 5.02058 1.4945e-05 1.25258e-05 2.2741
122 1.82121e-05 2.66344e-05 4.76827 1.49994e-05 1.19954e-05 2.21311
123 1.80956e-05 2.81972e-05 4.86344 1.42952e-05 1.24124e-05 2.14889
124 1.72947e-05 2.80934e-05 4.85765 1.37146e-05 1.21643e-05 2.1397
125 1.69503e-05 2.65873e-05 4.69336 1.39782e-05 1.21775e-05 2.20459
126 1.70174e-05 2.71421e-05 4.73416 1.36281e-05 1.198e-05 2.14656
127 1.81552e-05 2.538e-05 4.45773 1.45731e-05 1.18769e-05 2.129
128 1.74479e-05 2.84032e-05 4.93134 1.38642e-05 1.26905e-05 2.20437
129 1.77429e-05 2.7706e-05 4.8195 1.44523e-05 1.26315e-05 2.24271
130 1.71749e-05 2.57834e-05 4.47089 1.41698e-05 1.19706e-05 2.07852
131 1.71367e-05 2.74457e-05 4.79297 1.35538e-05 1.18596e-05 2.07788
132 1.6996e-05 2.67791e-05 4.64745 1.32135e-05 1.18041e-05 2.04841
133 1.67274e-05 2.8101e-05 4.97396 1.32725e-05 1.18036e-05 2.11235
134 1.67632e-05 2.78996e-05 4.83007 1.36952e-05 1.18806e-05 2.08877
135 1.65295e-05 2.68185e-05 4.68331 1.32752e-05 1.0994e-05 1.95344
136 1.70772e-05 2.7766e-05 4.76568 1.36135e-05 1.2181e-05 2.05213
137 1.67572e-05 2.66861e-05 4.63366 1.34899e-05 1.13799e-05 1.96677
138 1.66119e-05 2.74286e-05 4.73822 1.31148e-05 1.19406e-05 2.0537
139 1.67848e-05 2.62934e-05 4.51676 1.33304e-05 1.17343e-05 2.03004
140 1.64691e-05 2.53219e-05 4.4353 1.28477e-05 1.0774e-05 1.90777
141 1.7977e-05 2.81981e-05 4.88106 1.38705e-05 1.18162e-05 2.03473
142 1.62815e-05 2.58081e-05 4.51652 1.27907e-05 1.15554e-05 2.00323
143 1.65541e-05 2.5224e-05 4.45662 1.28457e-05 1.12105e-05 1.95295
144 1.68875e-05 2.63276e-05 4.56001 1.3597e-05 1.14353e-05 1.9599
145 1.5927e-05 2.60732e-05 4.48632 1.28291e-05 1.15685e-05 1.9649
146 1.62954e-05 2.70255e-05 4.64277 1.29624e-05 1.16297e-05 2.02636
147 1.63979e-05 2.5927e-05 4.45925 1.30156e-05 1.10656e-05 1.89532
148 1.62404e-05 2.73855e-05 4.73604 1.28815e-05 1.17521e-05 2.05047
149 1.67466e-05 2.56677e-05 4.46413 1.33196e-05 1.10905e-05 1.88304
150 1.67519e-05 2.58857e-05 4.49083 1.32748e-05 1.11871e-05 1.90721
151 1.53715e-05 2.66228e-05 4.53267 1.20817e-05 1.12179e-05 1.8956
152 1.62315e-05 2.60048e-05 4.49807 1.26758e-05 1.16056e-05 2.03289
153 1.65301e-05 2.60587e-05 4.46748 1.29787e-05 1.13328e-05 1.9356
154 1.65599e-05 2.48314e-05 4.28615 1.28572e-05 1.08363e-05 1.82769
155 1.56152e-05 2.40024e-05 4.18364 1.26837e-05 1.0544e-05 1.83182
156 1.55564e-05 2.58892e-05 4.48874 1.21557e-05 1.11793e-05 1.89382
157 1.60661e-05 2.67363e-05 4.58989 1.2803e-05 1.14197e-05 1.99417
158 1.63462e-05 2.59745e-05 4.50346 1.24764e-05 1.11024e-05 1.86909
159 1.58679e-05 2.62128e-05 4.56003 1.25045e-05 1.11427e-05 1.88801
160 1.54489e-05 2.6489e-05 4.55777 1.20472e-05 1.12891e-05 1.93635
161 1.55597e-05 2.74439e-05 4.67904 1.24249e-05 1.14994e-05 1.97632
162 1.55166e-05 2.56817e-05 4.40371 1.24792e-05 1.0976e-05 1.85129
163 1.55628e-05 2.60571e-05 4.46673 1.25731e-05 1.14885e-05 1.96636
164 1.48505e-05 2.60307e-05 4.47078 1.19406e-05 1.15456e-05 1.98625
165 1.55111e-05 2.48278e-05 4.23915 1.2097e-05 1.10379e-05 1.86239
166 1.52946e-05 2.59821e-05 4.44815 1.22994e-05 1.11706e-05 1.93809
167 1.48478e-05 2.65122e-05 4.52153 1.17832e-05 1.15282e-05 1.89874
168 1.50199e-05 2.59664e-05 4.45288 1.22076e-05 1.14592e-05 1.97457
169 1.52661e-05 2.61352e-05 4.46489 1.2114e-05 1.09562e-05 1.85146
170 1.53325e-05 2.36701e-05 4.04669 1.21257e-05 1.06699e-05 1.8283
171 1.56686e-05 2.56542e-05 4.46768 1.20444e-05 1.11143e-05 1.91906
172 1.51991e-05 2.68859e-05 4.60983 1.21266e-05 1.15065e-05 1.95335
173 1.50197e-05 2.60098e-05 4.40283 1.19487e-05 1.12257e-05 1.86236
174 1.45283e-05 2.63403e-05 4.50432 1.19657e-05 1.0884e-05 1.87259
175 1.53869e-05 2.45767e-05 4.18485 1.21585e-05 1.0526e-05 1.80193
176 1.54313e-05 2.53742e-05 4.37573 1.21536e-05 1.09034e-05 1.88112
177 1.51393e-05 2.44663e-05 4.21627 1.18767e-05 1.06976e-05 1.81815
178 1.50114e-05 2.62919e-05 4.50372 1.19894e-05 1.08235e-05 1.83563
179 1.50018e-05 2.42273e-05 4.13936 1.19083e-05 1.03696e-05 1.75772
180 1.5209e-05 2.55509e-05 4.39846 1.18864e-05 1.07412e-05 1.80096
181 1.49129e-05 2.428e-05 4.19762 1.14336e-05 1.04456e-05 1.79959
182 1.50993e-05 2.51731e-05 4.32631 1.18256e-05 1.07135e-05 1.81442
183 1.54075e-05 2.49969e-05 4.25094 1.19451e-05 1.06444e-05 1.75878
184 1.46214e-05 2.56172e-05 4.37401 1.18219e-05 1.07515e-05 1.78065
185 1.54216e-05 2.73625e-05 4.65563 1.1896e-05 1.10307e-05 1.84089
186 1.47922e-05 2.61246e-05 4.48388 1.15049e-05 1.09974e-05 1.83157
187 1.46034e-05 2.47698e-05 4.28167 1.15889e-05 1.05737e-05 1.83321
188 1.50488e-05 2.62214e-05 4.47363 1.17499e-05 1.05196e-05 1.757
189 1.47754e-05 2.48129e-05 4.20314 1.14128e-05 1.10298e-05 1.82595
190 1.42771e-05 2.53284e-05 4.32452 1.16571e-05 1.04266e-05 1.77938
191 1.46063e-05 2.51455e-05 4.31762 1.14403e-05 1.08585e-05 1.8586
192 1.46415e-05 2.47858e-05 4.2238 1.15813e-05 1.07644e-05 1.78732
193 1.44016e-05 2.47817e-05 4.25808 1.1456e-05 1.03733e-05 1.74737
194 1.39772e-05 2.51179e-05 4.26706 1.08862e-05 1.08251e-05 1.78981
195 1.45979e-05 2.55362e-05 4.34433 1.15933e-05 1.11542e-05 1.89583
196 1.45036e-05 2.54935e-05 4.38117 1.11096e-05 1.09127e-05 1.83262
197 1.47802e-05 2.45788e-05 4.24043 1.13675e-05 1.0208e-05 1.7176
198 1.50053e-05 2.38408e-05 4.07333 1.1622e-05 1.00888e-05 1.67393
199 1.43295e-05 2.48173e-05 4.20079 1.1119e-05 1.08027e-05 1.80866
200 1.49334e-05 2.40598e-05 4.15798 1.15517e-05 9.93341e-06 1.67908
201 1.4876e-05 2.60272e-05 4.45746 1.13632e-05 1.05192e-05 1.74913
202 1.44671e-05 2.55805e-05 4.32276 1.13277e-05 1.04227e-05 1.74081
203 1.37003e-05 2.49566e-05 4.26627 1.05118e-05 1.04476e-05 1.70596
204 1.43713e-05 2.45045e-05 4.14235 1.10516e-05 1.0202e-05 1.67464
205 1.41494e-05 2.45954e-05 4.15076 1.11373e-05 1.04919e-05 1.73997
206 1.44174e-05 2.45632e-05 4.1723 1.12114e-05 1.04102e-05 1.71001
207 1.38632e-05 2.43515e-05 4.16404 1.07236e-05 1.04494e-05 1.72292
208 1.432e-05 2.45875e-05 4.14038 1.1183e-05 1.04279e-05 1.67903
209 1.43851e-05 2.43306e-05 4.15758 1.1149e-05 1.0403e-05 1.73622
210 1.42769e-05 2.47528e-05 4.20263 1.14144e-05 1.04747e-05 1.75519
211 1.41585e-05 2.40482e-05 4.08494 1.10889e-05 1.04358e-05 1.71308
212 1.41981e-05 2.49534e-05 4.2359 1.11926e-05 1.04756e-05 1.697
213 1.44462e-05 2.35594e-05 4.03217 1.1474e-05 1.0171e-05 1.70529
214 1.37605e-05 2.40574e-05 4.09175 1.10492e-05 1.01074e-05 1.70817
215 1.36433e-05 2.43385e-05 4.15892 1.05534e-05 1.06067e-05 1.7738
216 1.323e-05 2.42213e-05 4.12263 1.05995e-05 1.04248e-05 1.71955
217 1.36803e-05 2.49214e-05 4.21795 1.07544e-05 1.00598e-05 1.61764
218 1.36643e-05 2.37755e-05 4.08229 1.05431e-05 1.04915e-05 1.77247
219 1.39426e-05 2.46612e-05 4.15879 1.10039e-05 1.04941e-05 1.72126
220 1.42915e-05 2.37613e-05 4.00991 1.08229e-05 1.03993e-05 1.6555
221 1.36667e-05 2.42471e-05 4.12113 1.0701e-05 1.00609e-05 1.64656
222 1.42626e-05 2.42386e-05 4.14642 1.1329e-05 1.02023e-05 1.70157
223 1.32803e-05 2.38193e-05 3.98967 1.04213e-05 1.02945e-05 1.64976
224 1.32796e-05 2.44527e-05 4.16073 1.03886e-05 1.06244e-05 1.75949
225 1.40773e-05 2.47513e-05 4.2403 1.10544e-05 1.01892e-05 1.68467
226 1.38345e-05 2.47091e-05 4.16875 1.07305e-05 1.02992e-05 1.66394
227 1.35786e-05 2.21664e-05 3.7534 1.03527e-05 1.00305e-05 1.67972
228 1.4234e-05 2.56887e-05 4.33514 1.09625e-05 1.0565e-05 1.69596
229 1.37623e-05 2.43554e-05 4.14197 1.06198e-05 9.82493e-06 1.60596
230 1.38076e-05 2.33622e-05 3.9609 1.04837e-05 9.85977e-06 1.61494
231 1.35156e-05 2.39629e-05 4.07799 1.05074e-05 1.02104e-05 1.68769
232 1.32946e-05 2.44647e-05 4.15984 1.02634e-05 1.00638e-05 1.65312
233 1.44647e-05 2.40488e-05 4.1023 1.09945e-05 1.01881e-05 1.67744
234 1.38762e-05 2.39765e-05 4.09571 1.06941e-05 9.87017e-06 1.65954
235 1.31883e-05 2.38097e-05 3.99065 1.03879e-05 1.02159e-05 1.68749
236 1.41093e-05 2.27716e-05 3.8831 1.05249e-05 9.74515e-06 1.55294
237 1.33908e-05 2.5169e-05 4.20871 1.00984e-05 1.07763e-05 1.69575
238 1.32704e-05 2.39184e-05 4.06708 1.05582e-05 9.88132e-06 1.67147
239 1.36887e-05 2.33331e-05 3.92046 1.06057e-05 1.00544e-05 1.61629
240 1.38344e-05 2.35587e-05 3.90754 1.0677e-05 1.00291e-05 1.60724
241 1.33914e-05 2.5053e-05 4.19261 1.0341e-05 1.01373e-05 1.63783
242 1.33159e-05 2.34295e-05 3.97266 1.02674e-05 1.00579e-05 1.6392
243 1.33501e-05 2.44569e-05 4.09571 1.01486e-05 1.02415e-05 1.65213
244 1.36201e-05 2.48058e-05 4.19253 1.0468e-05 1.04171e-05 1.72816
245 1.33256e-05 2.50191e-05 4.19373 1.03834e-05 1.05251e-05 1.71667
246 1.36629e-05 2.4015e-05 4.07723 1.06447e-05 9.92279e-06 1.60125
247 1.31575e-05 2.42503e-05 4.05037 9.76917e-06 1.0303e-05 1.62406
248 1.3073e-05 2.42098e-05 4.04058 9.81464e-06 1.02507e-05 1.63302
249 1.36285e-05 2.25292e-05 3.79182 1.04805e-05 9.49907e-06 1.51812
250 1.25565e-05 2.46808e-05 4.14438 9.73156e-06 1.0124e-05 1.61132
251 1.32421e-05 2.39348e-05 4.03942 1.0115e-05 1.02134e-05 1.62428
252 1.35751e-05 2.36143e-05 3.96255 1.02889e-05 9.77704e-06 1.54198
253 1.29885e-05 2.49202e-05 4.19784 1.03141e-05 1.02534e-05 1.69149
254 1.32454e-05 2.33747e-05 3.90764 1.00482e-05 9.87293e-06 1.54015
255 1.36195e-05 2.43792e-05 4.15531 1.03742e-05 1.01307e-05 1.63134
256 1.35898e-05 2.39844e-05 4.02776 1.04259e-05 9.70739e-06 1.57844
257 1.35038e-05 2.31411e-05 3.86812 1.01495e-05 9.9565e-06 1.58302
258 1.24866e-05 2.33028e-05 3.89179 9.75394e-06 9.81104e-06 1.57628
259 1.29598e-05 2.32354e-05 3.88386 9.99423e-06 9.80336e-06 1.55993
260 1.32478e-05 2.42784e-05 4.03929 1.00495e-05 9.57335e-06 1.52427
261 1.30382e-05 2.38042e-05 3.96249 1.01289e-05 1.01246e-05 1.62854
262 1.31831e-05 2.3603e-05 3.99039 9.90581e-06 1.01891e-05 1.63018
263 1.33551e-05 2.37855e-05 3.96282 1.02395e-05 9.82801e-06 1.54961
264 1.30522e-05 2.3364e-05 3.92105 1.01628e-05 9.43312e-06 1.50923
265 1.28471e-05 2.36276e-05 3.97116 9.89052e-06 9.63045e-06 1.53917
266 1.33155e-05 2.39012e-05 4.01812 1.051e-05 1.00698e-05 1.66787
267 1.28661e-05 2.34743e-05 3.95031 9.86197e-06 9.98643e-06 1.62636
268 1.27541e-05 2.29596e-05 3.83813 9.52083e-06 1.00246e-05 1.5824
269 1.30489e-05 2.38774e-05 4.03391 1.0194e-05 9.6716e-06 1.54944
270 1.23635e-05 2.34661e-05 3.88046 9.5041e-06 9.79432e-06 1.54158
271 1.2655e-05 2.32544e-05 3.88674 9.79969e-06 9.65312e-06 1.55651
272 1.31592e-05 2.45256e-05 4.14597 1.02227e-05 9.66474e-06 1.53645
273 1.28394e-05 2.29602e-05 3.88261 1.00135e-05 9.47443e-06 1.542
274 1.22246e-05 2.24709e-05 3.82495 9.16206e-06 9.5583e-06 1.55567
275 1.33369e-05 2.44712e-05 4.09179 1.06315e-05 9.96986e-06 1.60776
276 1.27803e-05 2.30508e-05 3.89236 9.72159e-06 9.79265e-06 1.60126
277 1.31675e-05 2.36423e-05 3.95955 9.76589e-06 9.61058e-06 1.53265
278 1.30035e-05 2.32363e-05 3.92239 1.01422e-05 9.66965e-06 1.5629
279 1.25512e-05 2.42176e-05 4.02591 9.72951e-06 1.01473e-05 1.58877
280 1.27081e-05 2.54324e-05 4.26291 9.42442e-06 9.95457e-06 1.57173
281 1.27652e-05 2.35066e-05 3.89776 9.61499e-06 9.89159e-06 1.58234
282 1.31152e-05 2.49488e-05 4.12761 9.9811e-06 1.00963e-05 1.55218
283 1.27702e-05 2.18784e-05 3.66407 9.47549e-06 9.34512e-06 1.4803
284 1.28859e-05 2.28932e-05 3.83516 9.97061e-06 9.58709e-06 1.50567
285 1.24186e-05 2.34587e-05 3.92069 9.68263e-06 9.48785e-06 1.51085
286 1.26118e-05 2.37011e-05 3.95245 9.61151e-06 9.85846e-06 1.55602
287 1.29854e-05 2.36138e-05 3.97357 9.82673e-06 9.91032e-06 1.58239
288 1.22715e-05 2.39429e-05 3.95433 9.38213e-06 9.77016e-06 1.50373
289 1.27867e-05 2.26231e-05 3.76338 9.72532e-06 9.74208e-06 1.54748
290 1.26929e-05 2.30522e-05 3.85981 9.50688e-06 9.54632e-06 1.49235
291 1.2317e-05 2.40479e-05 3.97054 9.83897e-06 9.53902e-06 1.50553
292 1.23108e-05 2.36993e-05 3.92601 9.35909e-06 9.75945e-06 1.53818
293 1.23933e-05 2.36796e-05 3.94756 9.59556e-06 9.74809e-06 1.54406
294 1.30271e-05 2.51654e-05 4.17739 9.88111e-06 9.76378e-06 1.54384
295 1.26374e-05 2.14694e-05 3.5869 9.63386e-06 9.17435e-06 1.47484
296 1.22233e-05 2.56648e-05 4.26585 9.34945e-06 9.86222e-06 1.51839
297 1.23327e-05 2.25631e-05 3.74141 9.32548e-06 9.52113e-06 1.48693
298 1.24674e-05 2.29985e-05 3.84376 9.36238e-06 9.34552e-06 1.48837
299 1.22406e-05 2.36615e-05 3.92127 9.2184e-06 9.78026e-06 1.48419
300 1.26426e-05 2.21972e-05 3.6727 9.36029e-06 9.65375e-06 1.50974
301 1.25894e-05 2.30598e-05 3.82303 9.72423e-06 9.34709e-06 1.45389
302 1.24346e-05 2.33706e-05 3.87685 9.55312e-06 9.90119e-06 1.54289
303 1.26213e-05 2.21784e-05 3.68898 9.67621e-06 9.28773e-06 1.46073
304 1.25674e-05 2.302e-05 3.80948 9.51829e-06 9.4462e-06 1.44888
305 1.22093e-05 2.27553e-05 3.75866 9.45226e-06 9.40354e-06 1.4767
306 1.25552e-05 2.31572e-05 3.8328 9.63341e-06 9.55098e-06 1.44407
307 1.21423e-05 2.32561e-05 3.87221 9.61416e-06 9.33868e-06 1.48083
308 1.29623e-05 2.30508e-05 3.79497 9.63135e-06 9.5298e-06 1.45543
309 1.22292e-05 2.38995e-05 3.95001 9.64081e-06 9.77917e-06 1.54202
310 1.22358e-05 2.42138e-05 4.11325 9.37029e-06 9.79769e-06 1.5568
311 1.20356e-05 2.23034e-05 3.69273 9.0275e-06 9.52592e-06 1.48704
312 1.23684e-05 2.42174e-05 4.03069 9.16905e-06 9.4438e-06 1.44517
313 1.24511e-05 2.33396e-05 3.8948 9.25244e-06 9.47214e-06 1.46753
314 1.19706e-05 2.23781e-05 3.74672 9.26005e-06 9.49633e-06 1.51673
315 1.23878e-05 2.20703e-05 3.70952 9.29529e-06 8.93667e-06 1.42925
316 1.23288e-05 2.33348e-05 3.87958 9.34053e-06 9.56657e-06 1.48664
317 1.18696e-05 2.33723e-05 3.85285 8.98533e-06 9.63679e-06 1.48634
318 1.19854e-05 2.28604e-05 3.77143 8.88242e-06 9.35721e-06 1.44766
319 1.18314e-05 2.37156e-05 3.8928 9.12553e-06 9.73512e-06 1.49411
320 1.2086e-05 2.32858e-05 3.84319 9.27064e-06 9.93167e-06 1.56085
321 1.22672e-05 2.31257e-05 3.78861 9.36438e-06 9.42191e-06 1.44255
322 1.21342e-05 2.3303e-05 3.81802 9.46563e-06 9.69032e-06 1.51114
323 1.22013e-05 2.20669e-05 3.66485 9.16393e-06 9.34695e-06 1.43636
324 1.21835e-05 2.45196e-05 4.05966 9.46911e-06 9.76737e-06 1.52409
325 1.18853e-05 2.25621e-05 3.66988 8.97305e-06 9.48683e-06 1.45629
326 1.20386e-05 2.29484e-05 3.7976 9.10115e-06 9.34248e-06 1.4442
327 1.19259e-05 2.3497e-05 3.90909 8.97208e-06 9.40278e-06 1.45485
328 1.1837e-05 2.28068e-05 3.7988 9.15057e-06 9.48878e-06 1.49726
329 1.13415e-05 2.27377e-05 3.76431 8.79704e-06 9.40519e-06 1.47115
330 1.23745e-05 2.34959e-05 3.94075 9.35358e-06 9.51398e-06 1.44895
331 1.1929e-05 2.3398e-05 3.88727 9.09763e-06 9.52976e-06 1.45812
332 1.20582e-05 2.38402e-05 3.92292 9.47353e-06 9.67627e-06 1.46608
333 1.21211e-05 2.26314e-05 3.77178 9.30211e-06 9.07372e-06 1.42414
334 1.20126e-05 2.23752e-05 3.65746 9.08914e-06 9.64676e-06 1.48448
335 1.21095e-05 2.45116e-05 4.09304 9.13903e-06 9.55357e-06 1.46487
336 1.18105e-05 2.37912e-05 3.97092 8.93022e-06 9.59516e-06 1.47048
337 1.22947e-05 2.33216e-05 3.88499 9.1607e-06 9.31026e-06 1.40433
338 1.16937e-05 2.28487e-05 3.78328 8.98098e-06 9.28227e-06 1.41835
339 1.15204e-05 2.31296e-05 3.84117 8.98384e-06 9.49914e-06 1.49334
340 1.21337e-05 2.36853e-05 3.88439 9.27554e-06 9.52798e-06 1.47553
341 1.18566e-05 2.32711e-05 3.83501 8.87922e-06 9.18047e-06 1.41411
342 1.19452e-05 2.24267e-05 3.62712 8.92538e-06 9.53742e-06 1.42735
343 1.1707e-05 2.24994e-05 3.69665 8.97381e-06 9.04404e-06 1.39101
344 1.14034e-05 2.31072e-05 3.83025 8.49112e-06 9.6462e-06 1.48017
345 1.20356e-05 2.1215e-05 3.49561 8.98059e-06 9.30828e-06 1.43325
346 1.17514e-05 2.30467e-05 3.83475 8.85439e-06 9.4007e-06 1.44369
347 1.17938e-05 2.32314e-05 3.79768 8.87099e-06 9.44532e-06 1.46419
348 1.20559e-05 2.3215e-05 3.85936 9.08693e-06 9.37141e-06 1.44891
349 1.22928e-05 2.27974e-05 3.74881 9.03421e-06 9.45667e-06 1.44402
350 1.1651e-05 2.29248e-05 3.7812 8.455e-06 9.69458e-06 1.46444
351 1.15189e-05 2.32676e-05 3.83027 8.70997e-06 9.2252e-06 1.39964
352 1.15713e-05 2.34535e-05 3.80257 8.8719e-06 9.44628e-06 1.45028
353 1.12013e-05 2.25923e-05 3.71829 8.47484e-06 9.18109e-06 1.39598
354 1.14442e-05 2.26014e-05 3.71055 8.71789e-06 9.30735e-06 1.41977
355 1.14587e-05 2.24794e-05 3.67033 8.60338e-06 9.31656e-06 1.4257
356 1.14847e-05 2.30316e-05 3.74264 8.73968e-06 9.32794e-06 1.38495
357 1.17424e-05 2.33094e-05 3.80746 8.98038e-06 9.31686e-06 1.42135
358 1.18539e-05 2.35314e-05 3.86707 8.99245e-06 9.6238e-06 1.46519
359 1.15012e-05 2.25796e-05 3.66818 8.81007e-06 9.28837e-06 1.38495
360 1.13349e-05 2.32347e-05 3.84992 8.61379e-06 9.20286e-06 1.42382
361 1.16565e-05 2.38383e-05 3.91481 8.74127e-06 9.38593e-06 1.41495
362 1.17295e-05 2.28618e-05 3.77392 8.84382e-06 9.48158e-06 1.45737
363 1.20503e-05 2.41624e-05 4.01885 9.02746e-06 9.34135e-06 1.40388
364 1.15594e-05 2.33586e-05 3.77243 8.53843e-06 9.57866e-06 1.40387
365 1.16932e-05 2.32297e-05 3.81702 8.89526e-06 9.66077e-06 1.48537
366 1.15397e-05 2.28513e-05 3.75089 8.77218e-06 9.27084e-06 1.41388
367 1.18749e-05 2.36158e-05 3.8414 8.95121e-06 9.43459e-06 1.40317
368 1.161e-05 2.39325e-05 3.93044 9.16399e-06 9.36221e-06 1.40696
369 1.17804e-05 2.31354e-05 3.77464 8.90109e-06 9.53321e-06 1.45484
370 1.11199e-05 2.25183e-05 3.64124 8.50139e-06 9.23902e-06 1.39853
371 1.15619e-05 2.34683e-05 3.85556 8.85417e-06 9.2816e-06 1.41172
372 1.1917e-05 2.30376e-05 3.78984 8.9209e-06 9.03095e-06 1.34163
373 1.17959e-05 2.20357e-05 3.59778 8.83461e-06 9.51016e-06 1.42505
374 1.15339e-05 2.21249e-05 3.63677 8.60219e-06 9.50169e-06 1.42617
375 1.13441e-05 2.28241e-05 3.70513 8.50312e-06 9.23606e-06 1.3888
376 1.17005e-05 2.26764e-05 3.75026 8.50433e-06 9.26085e-06 1.4044
377 1.16519e-05 2.36377e-05 3.86517 8.8068e-06 9.57551e-06 1.42005
378 1.07033e-05 2.37785e-05 3.91144 8.274e-06 9.40924e-06 1.4249
379 1.11402e-05 2.34365e-05 3.87576 8.77451e-06 9.13007e-06 1.41359
380 1.12622e-05 2.33461e-05 3.81438 8.17875e-06 9.21295e-06 1.35252
381 1.16015e-05 2.32803e-05 3.82366 8.69936e-06 9.60291e-06 1.46179
382 1.13421e-05 2.34102e-05 3.85378 8.39126e-06 9.10837e-06 1.40236
383 1.15093e-05 2.35329e-05 3.85044 8.67845e-06 9.37531e-06 1.41225
384 1.13384e-05 2.18326e-05 3.5094 8.5832e-06 9.22567e-06 1.37441
385 1.14951e-05 2.29561e-05 3.78331 8.43506e-06 9.01658e-06 1.37233
386 1.15655e-05 2.26133e-05 3.70888 8.78577e-06 9.22035e-06 1.41343
387 1.11584e-05 2.2245e-05 3.59258 8.34116e-06 9.1866e-06 1.36386
388 1.12522e-05 2.29313e-05 3.74446 8.37643e-06 9.31613e-06 1.41916
389 1.13637e-05 2.26536e-05 3.68963 8.38967e-06 9.26023e-06 1.36663
390 1.07795e-05 2.3267e-05 3.80816 8.20318e-06 9.37475e-06 1.42813
391 1.07484e-05 2.30834e-05 3.7573 8.22325e-06 9.33816e-06 1.40345
392 1.11798e-05 2.30565e-05 3.79111 8.50115e-06 9.34508e-06 1.38828
393 1.14451e-05 2.23906e-05 3.6435 8.44641e-06 9.33025e-06 1.41062
394 1.13106e-05 2.39735e-05 3.90391 8.26961e-06 9.30744e-06 1.35553
395 1.09674e-05 2.26021e-05 3.67973 8.42791e-06 8.95809e-06 1.35889
396 1.13323e-05 2.2267e-05 3.66874 8.48154e-06 9.2003e-06 1.38443
397 1.12503e-05 2.26717e-05 3.68039 8.69411e-06 9.37253e-06 1.40066
398 1.13429e-05 2.15253e-05 3.51009 8.39796e-06 9.07627e-06 1.3709
399 1.13067e-05 2.31149e-05 3.80014 8.15174e-06 9.22974e-06 1.38106
400 1.09156e-05 2.37551e-05 3.92296 8.23113e-06 9.36428e-06 1.41889
401 1.07654e-05 2.32829e-05 3.80426 8.1716e-06 9.3766e-06 1.38648
402 1.12683e-05 2.21243e-05 3.57647 8.24901e-06 9.12874e-06 1.36187
403 1.15991e-05 2.18634e-05 3.52783 8.6324e-06 8.90445e-06 1.31756
404 1.14141e-05 2.28995e-05 3.71098 8.52272e-06 9.3963e-06 1.39326
405 1.12548e-05 2.29491e-05 3.74683 8.32415e-06 9.33516e-06 1.41829
406 1.12912e-05 2.37954e-05 3.91351 8.2612e-06 9.58982e-06 1.41985
407 1.08981e-05 2.18569e-05 3.53753 8.20777e-06 9.05511e-06 1.37613
408 1.07233e-05 2.40442e-05 3.9127 8.17872e-06 9.18917e-06 1.38885
409 1.10975e-05 2.21105e-05 3.58081 8.17623e-06 9.04613e-06 1.3514
410 1.07433e-05 2.30676e-05 3.79353 8.05299e-06 9.22618e-06 1.387
411 1.13403e-05 2.23456e-05 3.67532 8.35063e-06 8.96066e-06 1.34593
412 1.12648e-05 2.33024e-05 3.79816 8.40521e-06 9.5436e-06 1.40948
413 1.09064e-05 2.16666e-05 3.4814 8.01465e-06 8.96321e-06 1.32362
414 1.12674e-05 2.23373e-05 3.6764 8.34338e-06 9.21682e-06 1.35597
415 1.11362e-05 2.17642e-05 3.51677 8.26738e-06 8.91113e-06 1.33657
416 1.09935e-05 2.24716e-05 3.66107 8.01001e-06 9.07891e-06 1.33941
417 1.10038e-05 2.29566e-05 3.72516 8.11308e-06 9.12833e-06 1.34945
418 1.10966e-05 2.21124e-05 3.57147 8.13446e-06 9.09525e-06 1.35057
419 1.10661e-05 2.21006e-05 3.59943 8.19604e-06 9.20345e-06 1.38282
420 1.11556e-05 2.31395e-05 3.74345 8.40901e-06 9.20559e-06 1.3761
421 1.12045e-05 2.26904e-05 3.68313 8.47229e-06 8.91883e-06 1.3105
422 1.10812e-05 2.26744e-05 3.71937 8.2988e-06 9.04569e-06 1.33594
423 1.11011e-05 2.23895e-05 3.60473 8.18095e-06 9.31853e-06 1.37456
424 1.11471e-05 2.25791e-05 3.61228 8.39661e-06 8.97185e-06 1.34537
425 1.08475e-05 2.23733e-05 3.61489 7.97879e-06 9.05779e-06 1.32632
426 1.07534e-05 2.23169e-05 3.58584 8.17559e-06 8.87076e-06 1.31526
427 1.10455e-05 2.34971e-05 3.76481 8.21351e-06 9.37736e-06 1.39797
428 1.09964e-05 2.27017e-05 3.65621 7.97297e-06 9.42844e-06 1.37569
429 1.09312e-05 2.22498e-05 3.61787 8.28496e-06 9.23899e-06 1.36078
430 1.08733e-05 2.24971e-05 3.67032 7.85248e-06 9.03219e-06 1.33443
431 1.10611e-05 2.22076e-05 3.55748 8.21063e-06 9.20886e-06 1.36087
432 1.04227e-05 2.23095e-05 3.65511 7.64746e-06 9.06277e-06 1.37321
433 1.06649e-05 2.32007e-05 3.74968 7.89477e-06 9.29356e-06 1.37687
434 1.11817e-05 2.34019e-05 3.74711 8.25539e-06 9.52968e-06 1.37503
435 1.05905e-05 2.32841e-05 3.76797 8.09997e-06 9.27666e-06 1.36764
436 1.08174e-05 2.24904e-05 3.59795 8.08172e-06 9.09864e-06 1.32447
437 1.11677e-05 2.26562e-05 3.65813 8.08857e-06 8.88553e-06 1.28646
438 1.15355e-05 2.25499e-05 3.64928 8.41009e-06 9.01889e-06 1.33822
439 1.05831e-05 2.33941e-05 3.74511 7.8823e-06 9.34432e-06 1.35979
440 1.07783e-05 2.2989e-05 3.70855 8.11811e-06 9.32349e-06 1.35668
441 1.06341e-05 2.32461e-05 3.77754 7.94232e-06 9.38907e-06 1.37948
442 1.12227e-05 2.32974e-05 3.77977 8.16833e-06 9.28705e-06 1.37217
443 1.10724e-05 2.31932e-05 3.75158 8.27919e-06 9.41177e-06 1.38128
444 1.08821e-05 2.38161e-05 3.80797 8.23684e-06 9.48338e-06 1.39337
445 1.0468e-05 2.3233e-05 3.76903 7.71615e-06 9.42452e-06 1.40107
446 1.06786e-05 2.25141e-05 3.60816 7.73336e-06 9.36922e-06 1.36117
447 1.10662e-05 2.31179e-05 3.73841 8.27222e-06 9.16946e-06 1.32341
448 1.10302e-05 2.30278e-05 3.75557 8.08425e-06 9.10325e-06 1.33844
449 1.08658e-05 2.28076e-05 3.64796 7.83712e-06 9.2687e-06 1.37464
450 1.02587e-05 2.18956e-05 3.53661 7.64087e-06 8.61487e-06 1.27348
451 1.10205e-05 2.28115e-05 3.68836 8.31517e-06 9.03717e-06 1.34954
452 1.07471e-05 2.25173e-05 3.68286 7.9805e-06 9.09236e-06 1.34054
453 1.09763e-05 2.14254e-05 3.49367 8.06881e-06 8.74437e-06 1.29961
454 1.07481e-05 2.29442e-05 3.73976 7.84785e-06 9.08606e-06 1.34301
455 1.09068e-05 2.21587e-05 3.57142 8.02614e-06 9.11109e-06 1.33986
456 1.04132e-05 2.22213e-05 3.59775 7.86223e-06 9.14802e-06 1.35962
457 1.11839e-05 2.25141e-05 3.65124 8.27834e-06 9.07997e-06 1.31882
458 1.07532e-05 2.32063e-05 3.73865 8.12064e-06 9.27757e-06 1.38414
459 1.08036e-05 2.18466e-05 3.54398 7.76901e-06 9.07997e-06 1.34333
460 1.05306e-05 2.28342e-05 3.68818 7.85028e-06 8.96725e-06 1.30166
461 1.05969e-05 2.21291e-05 3.58152 7.9542e-06 9.14266e-06 1.35266
462 1.09185e-05 2.24176e-05 3.6641 7.98843e-06 8.9316e-06 1.33306
463 1.01999e-05 2.15716e-05 3.49773 7.40475e-06 8.96274e-06 1.33567
464 1.07254e-05 2.33851e-05 3.76732 7.79588e-06 9.62199e-06 1.41062
465 1.05647e-05 2.21751e-05 3.57547 7.79063e-06 9.07931e-06 1.32747
466 1.0833e-05 2.20245e-05 3.55598 7.97738e-06 9.262e-06 1.37689
467 1.07459e-05 2.28129e-05 3.67185 7.79084e-06 9.33933e-06 1.35437
468 1.08169e-05 2.12008e-05 3.36014 7.8129e-06 8.86879e-06 1.26402
469 1.11799e-05 2.34812e-05 3.78156 8.37154e-06 8.9963e-06 1.32038
470 1.05655e-05 2.16432e-05 3.50072 7.85485e-06 8.96309e-06 1.31794
471 1.04659e-05 2.28214e-05 3.74201 7.69075e-06 8.98366e-06 1.3074
472 1.12625e-05 2.37312e-05 3.83951 8.21991e-06 9.19028e-06 1.32473
473 1.07371e-05 2.28296e-05 3.71121 8.08883e-06 9.04007e-06 1.31365
474 1.07004e-05 2.18755e-05 3.51144 8.02279e-06 8.98222e-06 1.30687
475 1.09979e-05 2.20493e-05 3.55077 8.21176e-06 8.99019e-06 1.32959
476 1.07279e-05 2.34149e-05 3.75893 8.04983e-06 9.23958e-06 1.35152
477 1.07347e-05 2.10926e-05 3.37939 7.72535e-06 8.7823e-06 1.28918
478 1.07895e-05 2.23106e-05 3.61208 7.88601e-06 9.0863e-06 1.33223
479 1.09447e-05 2.29235e-05 3.68869 8.11568e-06 9.0432e-06 1.31235
480 1.04748e-05 2.25818e-05 3.60758 7.69507e-06 9.25371e-06 1.33319
481 1.09524e-05 2.20859e-05 3.54017 7.86106e-06 8.95658e-06 1.29331
482 1.06297e-05 2.23096e-05 3.57102 7.80062e-06 9.05498e-06 1.32725
483 1.03085e-05 2.26967e-05 3.672 7.60411e-06 9.05594e-06 1.30814
484 1.08366e-05 2.26675e-05 3.64119 8.08628e-06 8.81207e-06 1.28751
485 1.06097e-05 2.31361e-05 3.72415 7.77228e-06 9.40917e-06 1.3669
486 1.05613e-05 2.18726e-05 3.48941 7.71441e-06 8.90507e-06 1.2897
487 1.05142e-05 2.19765e-05 3.50573 7.45802e-06 9.02876e-06 1.30099
488 1.0279e-05 2.22738e-05 3.59147 7.52744e-06 8.93631e-06 1.30471
489 1.04587e-05 2.21218e-05 3.52909 7.50944e-06 9.14826e-06 1.34585
490 1.07007e-05 2.28188e-05 3.71961 7.74429e-06 8.87348e-06 1.28634
491 1.06513e-05 2.18938e-05 3.5409 7.89967e-06 9.03147e-06 1.32672
492 1.07525e-05 2.22362e-05 3.59426 7.81807e-06 8.96307e-06 1.30865
493 1.03845e-05 2.2161e-05 3.5689 7.55158e-06 8.84744e-06 1.26094
494 1.10249e-05 2.18604e-05 3.45995 7.86596e-06 9.03532e-06 1.2949
495 1.07525e-05 2.24877e-05 3.64841 7.54248e-06 8.8756e-06 1.26469
496 1.04893e-05 2.25692e-05 3.58731 7.50396e-06 9.21142e-06 1.31645
497 1.09588e-05 2.28823e-05 3.68392 7.84227e-06 9.15815e-06 1.33684
498 1.04007e-05 2.21875e-05 3.60854 7.48331e-06 8.85848e-06 1.28379
499 1.0639e-05 2.11674e-05 3.38985 7.69351e-06 9.00983e-06 1.29125
500 1.08765e-05 2.17806e-05 3.52594 7.76349e-06 8.86984e-06 1.2783
501 1.07883e-05 2.19525e-05 3.50723 7.85516e-06 8.59569e-06 1.20772
502 1.02067e-05 2.23627e-05 3.55951 7.33113e-06 9.034e-06 1.30694
503 1.08666e-05 2.25537e-05 3.60637 7.59877e-06 9.00276e-06 1.27278
504 1.02026e-05 2.30749e-05 3.70483 7.80817e-06 9.05339e-06 1.3216
505 1.00186e-05 2.2594e-05 3.60529 7.49021e-06 8.87624e-06 1.27239
506 1.02897e-05 2.28444e-05 3.705 7.49243e-06 8.98433e-06 1.29988
507 1.03344e-05 2.30789e-05 3.69938 7.78018e-06 9.236e-06 1.32243
508 1.04368e-05 2.27301e-05 3.66519 7.65797e-06 8.96961e-06 1.294
509 1.02193e-05 2.32816e-05 3.7188 7.81558e-06 9.35707e-06 1.34905
510 1.02359e-05 2.26002e-05 3.66598 7.30991e-06 9.00207e-06 1.30669
511 1.03805e-05 2.31773e-05 3.73627 7.57173e-06 9.04458e-06 1.28106
512 1.0295e-05 2.21159e-05 3.57201 7.66126e-06 8.92739e-06 1.30447
513 1.10859e-05 2.14419e-05 3.39319 7.96596e-06 9.11934e-06 1.31795
514 1.00919e-05 2.25892e-05 3.62933 7.29981e-06 9.26002e-06 1.34544
515 1.03517e-05 2.24192e-05 3.6241 7.72819e-06 8.83525e-06 1.28267
516 1.08838e-05 2.18558e-05 3.46909 8.01132e-06 9.05918e-06 1.29615
517 1.02998e-05 2.31922e-05 3.70182 7.51228e-06 9.39601e-06 1.35212
518 1.04964e-05 2.24404e-05 3.5853 7.50583e-06 9.13347e-06 1.32214
519 1.04321e-05 2.28335e-05 3.66121 7.63674e-06 9.15281e-06 1.29107
520 1.02946e-05 2.22968e-05 3.60734 7.63261e-06 8.83888e-06 1.27233
521 1.03219e-05 2.13579e-05 3.41183 7.27372e-06 8.86365e-06 1.28327
522 1.05897e-05 2.18719e-05 3.48577 7.63782e-06 8.95653e-06 1.25913
523 1.04057e-05 2.19108e-05 3.56075 7.73572e-06 8.56014e-06 1.24765
524 9.99898e-06 2.20837e-05 3.53482 7.25192e-06 8.88759e-06 1.27512
525 1.00006e-05 2.28231e-05 3.62438 7.60575e-06 9.1774e-06 1.32519
526 1.08546e-05 2.26279e-05 3.601 7.86741e-06 8.95661e-06 1.23665
527 1.04139e-05 2.21557e-05 3.53559 7.61202e-06 9.01526e-06 1.30433
528 1.04936e-05 2.19405e-05 3.49687 7.74474e-06 8.98376e-06 1.28296
529 1.00154e-05 2.19623e-05 3.49991 7.40165e-06 9.28113e-06 1.34337
530 1.03265e-05 2.22004e-05 3.55149 7.75581e-06 8.69238e-06 1.2543
531 1.03066e-05 2.24441e-05 3.59073 7.57269e-06 9.05485e-06 1.30248
532 1.03126e-05 2.1687e-05 3.47005 7.47204e-06 8.93899e-06 1.29771
533 1.00852e-05 2.18253e-05 3.4554 7.34918e-06 8.85597e-06 1.27344
534 1.02367e-05 2.26726e-05 3.64359 7.43883e-06 9.12748e-06 1.32137
535 1.04548e-05 2.1503e-05 3.37438 7.54799e-06 9.17531e-06 1.28875
536 1.00667e-05 2.20735e-05 3.54283 7.25305e-06 8.86315e-06 1.26862
537 1.01729e-05 2.22121e-05 3.56236 7.37765e-06 9.02047e-06 1.28736
538 1.02186e-05 2.19872e-05 3.54086 7.5712e-06 9.0603e-06 1.33132
539 1.03011e-05 2.25665e-05 3.61622 7.57154e-06 9.1088e-06 1.31814
540 9.99504e-06 2.23894e-05 3.58775 7.42269e-06 9.03103e-06 1.33507
541 1.01893e-05 2.25918e-05 3.60592 7.35534e-06 8.79759e-06 1.24519
542 1.03338e-05 2.22075e-05 3.53703 7.3449e-06 8.95079e-06 1.25978
543 1.03028e-05 2.15729e-05 3.38742 7.53423e-06 8.91371e-06 1.26615
544 1.06447e-05 2.31892e-05 3.71184 7.74923e-06 9.09607e-06 1.29668
545 1.02394e-05 2.28549e-05 3.65113 7.17478e-06 8.91979e-06 1.24269
546 1.05138e-05 2.24542e-05 3.54193 7.72646e-06 8.98372e-06 1.24578
547 1.04774e-05 2.13448e-05 3.3884 7.65443e-06 8.87962e-06 1.27329
548 9.96518e-06 2.26686e-05 3.65309 7.14993e-06 9.07347e-06 1.31686
549 9.94981e-06 2.29875e-05 3.67729 7.25945e-06 9.07353e-06 1.29071
550 1.04178e-05 2.10541e-05 3.32085 7.36172e-06 8.44803e-06 1.18983
551 1.01706e-05 2.38193e-05 3.83856 7.46403e-06 9.16119e-06 1.30737
552 1.0132e-05 2.11455e-05 3.39479 7.40799e-06 8.47507e-06 1.23285
553 9.86619e-06 2.25307e-05 3.57982 7.41043e-06 9.01843e-06 1.29074
554 1.02178e-05 2.24685e-05 3.53921 7.40624e-06 9.03573e-06 1.28332
555 1.01752e-05 2.20737e-05 3.45814 7.40862e-06 8.95768e-06 1.25383
556 1.03691e-05 2.22329e-05 3.54782 7.41722e-06 9.17782e-06 1.31653
557 1.0473e-05 2.1968e-05 3.50076 7.67461e-06 8.96024e-06 1.28039
558 1.00192e-05 2.23766e-05 3.54325 7.15811e-06 9.09211e-06 1.26738
559 1.0317e-05 2.27918e-05 3.64823 7.51166e-06 8.69188e-06 1.21006
560 9.69124e-06 2.20255e-05 3.52329 6.95631e-06 8.87753e-06 1.2669
561 1.00729e-05 2.35429e-05 3.7429 7.57617e-06 9.15036e-06 1.31074
562 1.00371e-05 2.22941e-05 3.54676 7.14379e-06 8.94583e-06 1.28125
563 1.02928e-05 2.3147e-05 3.73651 7.54848e-06 9.27915e-06 1.34623
564 9.88542e-06 2.25078e-05 3.60473 7.5064e-06 8.78174e-06 1.25435
565 9.70293e-06 2.21363e-05 3.56956 7.1033e-06 8.76929e-06 1.24489
566 1.03414e-05 2.22098e-05 3.51889 7.41899e-06 9.0966e-06 1.2955
567 9.80963e-06 2.26151e-05 3.57791 7.21246e-06 9.06651e-06 1.27239
568 9.71158e-06 2.30126e-05 3.65528 7.08361e-06 9.16987e-06 1.2839
569 9.84688e-06 2.2131e-05 3.52504 7.14229e-06 8.50188e-06 1.20432
570 9.88545e-06 2.34554e-05 3.74841 7.36086e-06 9.37762e-06 1.3457
571 1.03669e-05 2.25733e-05 3.61742 7.49233e-06 9.03126e-06 1.27868
572 1.00862e-05 2.21461e-05 3.55661 7.16737e-06 8.76759e-06 1.22473
573 9.86421e-06 2.23745e-05 3.54363 7.18218e-06 9.01943e-06 1.29252
574 9.95914e-06 2.28462e-05 3.65846 7.24144e-06 8.93989e-06 1.26984
575 9.9855e-06 2.18173e-05 3.41821 7.3791e-06 9.03862e-06 1.28134
576 1.01153e-05 2.17167e-05 3.44451 7.34665e-06 8.7928e-06 1.22538
577 1.01714e-05 2.26694e-05 3.63496 7.16919e-06 8.93995e-06 1.24289
578 9.68049e-06 2.3375e-05 3.74275 7.1051e-06 9.02508e-06 1.28804
579 1.02203e-05 2.14152e-05 3.39965 7.28475e-06 8.96001e-06 1.28109
580 1.006e-05 2.15214e-05 3.38103 7.27579e-06 8.81066e-06 1.26113
581 9.97341e-06 2.16219e-05 3.42698 7.08005e-06 8.71536e-06 1.25263
582 1.03248e-05 2.27484e-05 3.58836 7.41132e-06 9.02486e-06 1.23888
583 9.90348e-06 2.25565e-05 3.58333 7.22493e-06 9.02343e-06 1.29614
584 9.5913e-06 2.34075e-05 3.72847 7.06918e-06 9.04405e-06 1.2648
585 9.94273e-06 2.24045e-05 3.52892 7.18361e-06 8.97418e-06 1.25281
586 9.95284e-06 2.18113e-05 3.44511 7.10969e-06 9.05461e-06 1.27317
587 1.00933e-05 2.15598e-05 3.42241 7.30061e-06 8.6317e-06 1.2077
588 1.00046e-05 2.21253e-05 3.52034 7.12977e-06 9.08234e-06 1.28921
589 9.75689e-06 2.12059e-05 3.36941 6.97282e-06 8.55339e-06 1.19531
590 1.02179e-05 2.20334e-05 3.48976 7.28225e-06 8.93373e-06 1.25474
591 1.00387e-05 2.24536e-05 3.57201 7.35655e-06 8.67088e-06 1.21309
592 9.63589e-06 2.21497e-05 3.53328 7.15497e-06 9.04965e-06 1.28732
593 9.82648e-06 2.23074e-05 3.58362 7.01401e-06 8.8915e-06 1.26925
594 9.90342e-06 2.11393e-05 3.37437 7.06829e-06 8.64405e-06 1.24224
595 9.53271e-06 2.21458e-05 3.51881 6.8284e-06 9.07613e-06 1.28877
596 9.9023e-06 2.16506e-05 3.44214 7.08506e-06 8.54213e-06 1.20376
597 1.01092e-05 2.24727e-05 3.59009 7.29253e-06 8.8841e-06 1.2544
598 1.03468e-05 2.20716e-05 3.48376 7.44824e-06 8.90984e-06 1.22034
599 1.00983e-05 2.17323e-05 3.47035 7.22863e-06 8.73586e-06 1.26408
600 9.5774e-06 2.20725e-05 3.48661 6.98532e-06 8.64904e-06 1.22058
601 9.65635e-06 2.2829e-05 3.6474 6.99692e-06 9.06148e-06 1.30281
602 1.0052e-05 2.23542e-05 3.55496 7.06762e-06 9.05025e-06 1.24702
603 9.82644e-06 2.21331e-05 3.4682 7.10199e-06 8.97869e-06 1.22764
604 9.86721e-06 2.18412e-05 3.4331 6.9933e-06 9.00123e-06 1.28304
605 1.01251e-05 2.13918e-05 3.39686 7.21872e-06 8.77681e-06 1.24322
606 9.90743e-06 2.10496e-05 3.30034 7.13007e-06 8.84412e-06 1.25211
607 9.98637e-06 2.26302e-05 3.62787 7.20165e-06 8.83337e-06 1.2615
608 9.50787e-06 2.29107e-05 3.64505 6.95516e-06 9.10795e-06 1.28388
609 9.75662e-06 2.28872e-05 3.64624 7.01235e-06 8.83128e-06 1.22086
610 9.87833e-06 2.16392e-05 3.43043 7.30326e-06 8.69336e-06 1.24805
611 9.79886e-06 2.12445e-05 3.32854 7.0619e-06 8.57812e-06 1.20321
612 1.00901e-05 2.21224e-05 3.48939 7.26744e-06 9.03908e-06 1.28717
613 9.79344e-06 2.33425e-05 3.7272 7.10383e-06 9.11213e-06 1.28425
614 1.00756e-05 2.16508e-05 3.39763 7.21607e-06 8.86142e-06 1.21978
615 9.77492e-06 2.16022e-05 3.38129 7.07288e-06 8.82374e-06 1.22171
616 9.67282e-06 2.23262e-05 3.51551 7.13192e-06 8.92797e-06 1.2387
617 9.77562e-06 2.14493e-05 3.3463 7.00621e-06 8.88409e-06 1.24939
618 1.03124e-05 2.2583e-05 3.57406 7.56338e-06 8.74445e-06 1.1975
619 9.70756e-06 2.27551e-05 3.59039 7.18946e-06 8.73621e-06 1.22529
620 9.69571e-06 2.30241e-05 3.66676 6.97576e-06 8.93869e-06 1.23853
621 9.72277e-06 2.31927e-05 3.66939 7.04323e-06 8.96889e-06 1.26068
622 9.5923e-06 2.3661e-05 3.73689 7.05383e-06 9.28111e-06 1.28223
623 9.79233e-06 2.26895e-05 3.56628 7.04286e-06 9.0674e-06 1.254
624 1.00724e-05 2.17901e-05 3.37992 7.06528e-06 8.82937e-06 1.20812
625 1.00349e-05 2.21299e-05 3.48962 7.31007e-06 8.84104e-06 1.23395
626 9.86511e-06 2.2987e-05 3.62068 7.15894e-06 9.04768e-06 1.24562
627 9.68938e-06 2.18276e-05 3.46087 6.84651e-06 8.95487e-06 1.26222
628 9.82058e-06 2.18071e-05 3.41503 7.01464e-06 9.05105e-06 1.26066
629 9.80218e-06 2.32165e-05 3.66897 7.18947e-06 9.11888e-06 1.27443
630 9.99637e-06 2.23453e-05 3.57007 7.25633e-06 9.01383e-06 1.27815
631 9.86716e-06 2.16436e-05 3.43839 7.06551e-06 8.85107e-06 1.24796
632 9.75526e-06 2.22163e-05 3.49669 7.01842e-06 9.1616e-06 1.29516
633 9.61005e-06 2.2176e-05 3.54448 6.86698e-06 8.81799e-06 1.23278
634 9.38949e-06 2.31004e-05 3.61765 6.58043e-06 9.02166e-06 1.24395
635 1.0009e-05 2.17635e-05 3.41781 7.12633e-06 9.04638e-06 1.23745
636 9.69674e-06 2.16871e-05 3.41598 7.04218e-06 8.76189e-06 1.21359
637 9.68684e-06 2.32435e-05 3.66844 6.93895e-06 9.07678e-06 1.24475
638 9.41363e-06 2.32441e-05 3.71845 6.83638e-06 8.94443e-06 1.27548
639 9.52046e-06 2.19984e-05 3.45046 6.93452e-06 8.88761e-06 1.25374
640 9.78041e-06 2.10717e-05 3.27137 6.82901e-06 8.61526e-06 1.19066
641 9.80491e-06 2.21907e-05 3.5192 6.88613e-06 8.83901e-06 1.20534
642 9.77773e-06 2.21194e-05 3.50032 7.02649e-06 8.79487e-06 1.21148
643 9.59994e-06 2.27836e-05 3.60066 6.87828e-06 9.07095e-06 1.26012
644 9.6795e-06 2.22019e-05 3.55661 6.88835e-06 8.79271e-06 1.23951
645 9.35582e-06 2.28599e-05 3.61631 6.9206e-06 9.22819e-06 1.28412
646 9.72958e-06 2.19387e-05 3.4761 6.90372e-06 8.76068e-06 1.23796
647 9.48987e-06 2.26822e-05 3.57742 6.9513e-06 9.09849e-06 1.27327
648 9.73187e-06 2.26841e-05 3.59504 6.95654e-06 8.92782e-06 1.23938
649 9.86967e-06 2.2085e-05 3.45445 7.26569e-06 8.73258e-06 1.20707
650 9.79787e-06 2.27038e-05 3.54189 7.10667e-06 8.95968e-06 1.22099
651 9.53049e-06 2.25832e-05 3.57016 6.87423e-06 8.91211e-06 1.22954
652 9.27711e-06 2.29082e-05 3.63326 6.52039e-06 8.95476e-06 1.24869
653 9.7763e-06 2.14715e-05 3.36381 6.92524e-06 8.70514e-06 1.20014
654 9.59418e-06 2.23084e-05 3.50979 7.13813e-06 8.87759e-06 1.22775
655 9.47545e-06 2.31575e-05 3.67101 6.76994e-06 8.94797e-06 1.23711
656 9.23402e-06 2.25465e-05 3.57684 6.84302e-06 8.77352e-06 1.24374
657 9.36506e-06 2.2168e-05 3.48053 6.69564e-06 9.11514e-06 1.2778
658 9.37608e-06 2.3421e-05 3.69103 6.82648e-06 9.10403e-06 1.2433
659 9.75546e-06 2.12081e-05 3.34592 6.78785e-06 8.91296e-06 1.2369
660 9.99204e-06 2.13302e-05 3.30959 7.13324e-06 8.66572e-06 1.18874
661 9.41907e-06 2.12717e-05 3.36637 6.5386e-06 8.72881e-06 1.2243
662 9.41926e-06 2.25268e-05 3.56025 6.71831e-06 8.93812e-06 1.25146
663 9.26311e-06 2.19417e-05 3.47106 6.62013e-06 8.91694e-06 1.25237
664 9.87609e-06 2.16881e-05 3.43139 7.10396e-06 8.7361e-06 1.21749
665 9.59656e-06 2.17817e-05 3.4538 6.75063e-06 9.01167e-06 1.26044
666 9.73792e-06 2.23054e-05 3.5271 6.83604e-06 8.9628e-06 1.2295
667 9.74657e-06 2.19319e-05 3.50301 6.79984e-06 8.98886e-06 1.2598
668 9.55527e-06 2.13716e-05 3.35442 6.85438e-06 8.74226e-06 1.20187
669 9.94881e-06 2.26753e-05 3.58803 6.97844e-06 8.93436e-06 1.23353
670 9.12494e-06 2.16677e-05 3.41849 6.58832e-06 8.82476e-06 1.23839
671 9.56645e-06 2.2605e-05 3.57515 6.89243e-06 8.72657e-06 1.20396
672 9.44708e-06 2.23451e-05 3.48865 6.70175e-06 8.95737e-06 1.2316
673 9.76529e-06 2.21594e-05 3.44635 6.79353e-06 8.81884e-06 1.20051
674 9.46447e-06 2.19624e-05 3.46736 6.63097e-06 8.87078e-06 1.22809
675 9.36798e-06 2.33847e-05 3.68853 6.6878e-06 9.18822e-06 1.26239
676 9.40005e-06 2.26474e-05 3.55676 6.87465e-06 8.84609e-06 1.22065
677 9.85195e-06 2.1737e-05 3.42903 6.86696e-06 8.81891e-06 1.21988
678 9.31995e-06 2.24902e-05 3.52864 6.80933e-06 8.87959e-06 1.20433
679 9.74895e-06 2.20146e-05 3.43104 6.88478e-06 9.05557e-06 1.25097
680 9.22871e-06 2.23837e-05 3.52429 6.57238e-06 8.89168e-06 1.24024
681 9.153e-06 2.1666e-05 3.39343 6.48022e-06 8.76676e-06 1.21572
682 9.08612e-06 2.31983e-05 3.67422 6.64903e-06 8.9234e-06 1.24048
683 9.3105e-06 2.16785e-05 3.42913 6.61785e-06 8.53616e-06 1.19208
684 9.46212e-06 2.23722e-05 3.54652 6.84974e-06 8.73114e-06 1.20365
685 9.50281e-06 2.19466e-05 3.45766 6.90995e-06 8.85625e-06 1.22229
686 9.99323e-06 2.17642e-05 3.37465 7.18476e-06 8.62254e-06 1.17209
687 9.73411e-06 2.15956e-05 3.37696 6.94815e-06 8.73297e-06 1.1972
688 9.46348e-06 2.14184e-05 3.32677 6.67561e-06 8.54442e-06 1.17991
689 9.34477e-06 2.19279e-05 3.44034 6.54037e-06 8.9905e-06 1.25411
690 9.33429e-06 2.20516e-05 3.47971 6.41998e-06 9.15212e-06 1.26193
691 9.36846e-06 2.1427e-05 3.33369 6.62382e-06 8.87819e-06 1.20387
692 9.52671e-06 2.17968e-05 3.41109 6.63946e-06 8.96092e-06 1.21952
693 8.9644e-06 2.27397e-05 3.58077 6.34758e-06 9.05959e-06 1.26377
694 9.30453e-06 2.31525e-05 3.65895 6.76136e-06 8.82365e-06 1.19092
695 9.51377e-06 2.22803e-05 3.44136 6.84533e-06 9.06798e-06 1.23657
696 9.1808e-06 2.18806e-05 3.47703 6.56716e-06 8.80122e-06 1.23313
697 9.47696e-06 2.13453e-05 3.33153 6.81102e-06 8.77505e-06 1.21532
698 9.47353e-06 2.2167e-05 3.48141 6.43463e-06 8.88313e-06 1.20708
699 9.6352e-06 2.26998e-05 3.52813 7.13153e-06 9.06254e-06 1.2165
700 9.28438e-06 2.27258e-05 3.576 6.69925e-06 8.77586e-06 1.21701
701 9.42432e-06 2.24964e-05 3.53151 6.87733e-06 9.0346e-06 1.25747
702 9.35368e-06 2.17368e-05 3.37913 6.7305e-06 8.67715e-06 1.18879
703 9.53487e-06 2.26942e-05 3.5449 6.8729e-06 8.7793e-06 1.19899
704 9.16367e-06 2.22237e-05 3.4909 6.71177e-06 8.49359e-06 1.17335
705 9.55413e-06 2.1827e-05 3.41951 6.75635e-06 8.70622e-06 1.21082
706 9.24529e-06 2.26551e-05 3.58936 6.67897e-06 8.69343e-06 1.22667
707 9.17104e-06 2.21893e-05 3.46858 6.48932e-06 8.86784e-06 1.2057
708 9.49403e-06 2.17057e-05 3.33154 6.70074e-06 8.90073e-06 1.18247
709 9.49863e-06 2.19589e-05 3.40684 6.74977e-06 8.99666e-06 1.23104
710 9.51975e-06 2.17525e-05 3.41997 6.80782e-06 8.73065e-06 1.19917
711 9.57329e-06 2.21495e-05 3.48038 6.98693e-06 8.85672e-06 1.23233
712 9.47655e-06 2.27322e-05 3.59384 6.82721e-06 8.70148e-06 1.19859
713 9.30938e-06 2.1453e-05 3.34102 6.54539e-06 8.5677e-06 1.17295
714 9.33851e-06 2.17337e-05 3.42404 6.57723e-06 8.6221e-06 1.18271
715 9.36024e-06 2.22733e-05 3.48434 6.70518e-06 8.89126e-06 1.19615
716 9.68236e-06 2.23365e-05 3.51242 6.84272e-06 8.86295e-06 1.22172
717 9.45316e-06 2.18597e-05 3.42094 6.59821e-06 8.98062e-06 1.22951
718 9.33791e-06 2.13387e-05 3.34303 6.60267e-06 8.53585e-06 1.15495
719 9.25251e-06 2.19485e-05 3.44656 6.70974e-06 8.56269e-06 1.17153
720 9.24788e-06 2.22632e-05 3.51865 6.67521e-06 8.84408e-06 1.24376
721 9.41556e-06 2.19595e-05 3.47977 6.43275e-06 8.94501e-06 1.22806
722 9.50394e-06 2.28271e-05 3.56367 6.78745e-06 9.02528e-06 1.24772
723 9.32597e-06 2.16245e-05 3.39176 6.64901e-06 8.58512e-06 1.16186
724 9.40814e-06 2.30978e-05 3.65749 6.78239e-06 8.86967e-06 1.24344
725 9.22877e-06 2.25859e-05 3.50325 6.56911e-06 9.11319e-06 1.24399
726 9.27147e-06 2.26715e-05 3.54339 6.7169e-06 8.69006e-06 1.18941
727 9.27388e-06 2.17273e-05 3.39139 6.67717e-06 8.83772e-06 1.23286
728 9.19939e-06 2.27263e-05 3.5837 6.75741e-06 8.88209e-06 1.23385
729 9.23771e-06 2.15991e-05 3.36722 6.72886e-06 8.90443e-06 1.22973
730 9.04417e-06 2.22582e-05 3.4711 6.48128e-06 8.68205e-06 1.18548
731 9.25138e-06 2.16819e-05 3.3757 6.54841e-06 8.50217e-06 1.16045
732 9.25355e-06 2.23952e-05 3.50066 6.53602e-06 8.87848e-06 1.20373
733 9.38581e-06 2.154e-05 3.35685 6.35239e-06 8.68363e-06 1.16929
734 9.37558e-06 2.24956e-05 3.52669 6.82683e-06 9.00882e-06 1.23758
735 9.1755e-06 2.21489e-05 3.48628 6.5015e-06 8.76799e-06 1.21077
736 9.10629e-06 2.27053e-05 3.53842 6.44599e-06 8.87962e-06 1.18689
737 9.45455e-06 2.19872e-05 3.44016 6.78605e-06 8.66884e-06 1.18258
738 9.06651e-06 2.20544e-05 3.45309 6.43818e-06 8.75617e-06 1.22127
739 9.13441e-06 2.30257e-05 3.63591 6.52936e-06 8.80838e-06 1.1968
740 8.95761e-06 2.34771e-05 3.72503 6.49973e-06 9.06597e-06 1.2581
741 9.34155e-06 2.18902e-05 3.44622 6.69031e-06 8.81103e-06 1.21256
742 9.45293e-06 2.23438e-05 3.48803 6.72098e-06 8.93723e-06 1.2036
743 9.43866e-06 2.18778e-05 3.40507 6.6479e-06 8.7782e-06 1.18455
744 9.29511e-06 2.2377e-05 3.46677 6.59883e-06 8.86188e-06 1.19093
745 9.35338e-06 2.19934e-05 3.40575 6.67459e-06 8.75891e-06 1.20376
746 9.43854e-06 2.28954e-05 3.59203 6.82433e-06 8.9775e-06 1.25084
747 9.14959e-06 2.25516e-05 3.53842 6.45149e-06 8.97014e-06 1.22668
748 9.01719e-06 2.27037e-05 3.59411 6.46555e-06 8.91145e-06 1.22306
749 9.39335e-06 2.22679e-05 3.46322 6.72362e-06 8.63208e-06 1.1695
750 9.29052e-06 2.22892e-05 3.46639 6.57695e-06 8.93683e-06 1.20068
751 9.13076e-06 2.31117e-05 3.64087 6.50154e-06 8.9858e-06 1.24159
752 9.18133e-06 2.21552e-05 3.45552 6.49294e-06 8.77763e-06 1.20394
753 9.13033e-06 2.23875e-05 3.50003 6.49893e-06 8.87131e-06 1.213
754 9.33083e-06 2.288e-05 3.58705 6.57742e-06 8.84082e-06 1.19227
755 9.19562e-06 2.28957e-05 3.55994 6.70643e-06 8.87631e-06 1.19626
756 9.19273e-06 2.34872e-05 3.69845 6.49668e-06 9.10624e-06 1.2356
757 9.45929e-06 2.29512e-05 3.59176 6.58954e-06 8.92776e-06 1.21137
758 9.35005e-06 2.20006e-05 3.40722 6.63612e-06 8.76149e-06 1.20478
759 8.87557e-06 2.20811e-05 3.46268 6.16236e-06 8.63094e-06 1.18512
760 9.47109e-06 2.17366e-05 3.37599 6.65988e-06 8.79425e-06 1.20682
761 9.74006e-06 2.20427e-05 3.41939 6.84628e-06 8.80008e-06 1.19235
762 9.12538e-06 2.26043e-05 3.54687 6.53344e-06 8.92845e-06 1.20116
763 9.04301e-06 2.14921e-05 3.30519 6.37696e-06 8.80904e-06 1.21068
764 9.02075e-06 2.22534e-05 3.44927 6.21847e-06 8.93241e-06 1.20929
765 9.36729e-06 2.25091e-05 3.51316 6.54694e-06 9.02256e-06 1.24102
766 9.37387e-06 2.27587e-05 3.52463 6.57218e-06 9.09602e-06 1.23099
767 9.1479e-06 2.14826e-05 3.36122 6.30107e-06 8.82591e-06 1.19001
768 8.99643e-06 2.16555e-05 3.37941 6.38454e-06 8.71733e-06 1.20132
769 9.24217e-06 2.29963e-05 3.58827 6.51504e-06 9.05219e-06 1.23843
770 9.19791e-06 2.15199e-05 3.34911 6.54477e-06 8.5807e-06 1.17169
771 9.26704e-06 2.24584e-05 3.49829 6.62088e-06 8.76066e-06 1.17929
772 9.358e-06 2.17019e-05 3.38279 6.46498e-06 8.7098e-06 1.17999
773 9.33313e-06 2.26194e-05 3.54897 6.74689e-06 8.92816e-06 1.20702
774 9.23714e-06 2.21059e-05 3.46119 6.47822e-06 8.74164e-06 1.19294
775 9.43662e-06 2.24824e-05 3.49249 6.51641e-06 8.82178e-06 1.18693
776 9.2403e-06 2.23367e-05 3.51197 6.42946e-06 8.74572e-06 1.19496
777 9.2809e-06 2.20089e-05 3.44841 6.56303e-06 8.82612e-06 1.21368
778 8.81977e-06 2.24037e-05 3.52406 6.37515e-06 8.97727e-06 1.2321
779 9.15974e-06 2.18352e-05 3.40838 6.37292e-06 8.66031e-06 1.17599
780 8.87607e-06 2.27413e-05 3.58239 6.55515e-06 8.88541e-06 1.21846
781 9.17202e-06 2.24104e-05 3.4808 6.5705e-06 8.90105e-06 1.19397
782 9.08867e-06 2.21499e-05 3.45821 6.24626e-06 8.97407e-06 1.2144
783 9.22976e-06 2.1677e-05 3.35044 6.51184e-06 8.7035e-06 1.17439
784 9.02385e-06 2.25709e-05 3.52127 6.33759e-06 8.86239e-06 1.21191
785 9.45494e-06 2.22229e-05 3.46333 6.5874e-06 9.06882e-06 1.23691
786 8.93588e-06 2.23048e-05 3.47769 6.36337e-06 8.95381e-06 1.22001
787 8.97938e-06 2.15518e-05 3.37617 6.24144e-06 8.73643e-06 1.17269
788 9.23709e-06 2.24503e-05 3.49957 6.44638e-06 8.78726e-06 1.18573
789 9.07001e-06 2.19908e-05 3.42321 6.42636e-06 8.77978e-06 1.18296
790 9.35189e-06 2.05305e-05 3.21127 6.35531e-06 8.44964e-06 1.15523
791 9.47636e-06 2.23076e-05 3.45935 6.6056e-06 8.86755e-06 1.20553
792 9.20705e-06 2.25085e-05 3.50899 6.54842e-06 8.95888e-06 1.20764
793 9.10913e-06 2.17787e-05 3.4036 6.27461e-06 8.83713e-06 1.20002
794 8.77436e-06 2.22866e-05 3.47206 6.2065e-06 8.95351e-06 1.23375
795 8.87475e-06 2.18632e-05 3.39836 6.23418e-06 8.95189e-06 1.23576
796 8.86577e-06 2.22377e-05 3.47105 6.18441e-06 8.81828e-06 1.20213
797 9.42838e-06 2.19976e-05 3.44051 6.4845e-06 8.70213e-06 1.18524
798 9.20387e-06 2.28285e-05 3.5291 6.54945e-06 9.03795e-06 1.18476
799 9.16625e-06 2.19511e-05 3.41959 6.42847e-06 8.94705e-06 1.22312
800 9.01138e-06 2.25913e-05 3.53139 6.54183e-06 8.88459e-06 1.22021
801 9.13856e-06 2.16275e-05 3.36756 6.38822e-06 8.60252e-06 1.15212
802 8.85599e-06 2.13354e-05 3.3327 6.25996e-06 8.59736e-06 1.18457
803 9.24898e-06 2.15502e-05 3.36113 6.51241e-06 8.56799e-06 1.15148
804 8.89646e-06 2.18368e-05 3.38023 6.16069e-06 8.90099e-06 1.2054
805 9.01338e-06 2.13802e-05 3.33474 6.30033e-06 8.52004e-06 1.14824
806 9.1233e-06 2.16591e-05 3.38713 6.29498e-06 8.51631e-06 1.15502
807 9.10548e-06 2.258e-05 3.51833 6.33524e-06 9.0853e-06 1.24235
808 9.21944e-06 2.17548e-05 3.39761 6.58282e-06 8.67727e-06 1.15245
809 9.03241e-06 2.18416e-05 3.39015 6.35728e-06 8.63161e-06 1.16009
810 9.31635e-06 2.22878e-05 3.47079 6.73649e-06 8.76243e-06 1.18786
811 9.30466e-06 2.16974e-05 3.37313 6.30505e-06 8.80306e-06 1.17876
812 9.13267e-06 2.1471e-05 3.32591 6.43029e-06 8.75477e-06 1.17978
813 9.19677e-06 2.24068e-05 3.47902 6.35028e-06 8.80739e-06 1.18404
814 9.24835e-06 2.2255e-05 3.43526 6.57979e-06 8.72181e-06 1.18268
815 9.18939e-06 2.26213e-05 3.53189 6.54737e-06 8.67966e-06 1.16912
816 8.67584e-06 2.22726e-05 3.47643 6.16833e-06 8.76985e-06 1.19306
817 8.9961e-06 2.18564e-05 3.39826 6.20334e-06 8.82947e-06 1.20641
818 8.92104e-06 2.31096e-05 3.58968 6.39654e-06 8.73479e-06 1.17563
819 9.01136e-06 2.19858e-05 3.43294 6.20994e-06 8.84021e-06 1.19268
820 9.02749e-06 2.1778e-05 3.4082 6.17437e-06 8.61594e-06 1.1637
821 8.91331e-06 2.23776e-05 3.49273 6.25203e-06 8.74549e-06 1.18099
822 9.20421e-06 2.21579e-05 3.43167 6.39167e-06 8.97438e-06 1.20741
823 9.07728e-06 2.27158e-05 3.55205 6.25315e-06 8.79907e-06 1.19073
824 9.40015e-06 2.22196e-05 3.43367 6.55524e-06 8.6644e-06 1.15838
825 8.94168e-06 2.23451e-05 3.44731 6.3794e-06 9.0995e-06 1.22797
826 9.14499e-06 2.05181e-05 3.14096 6.21038e-06 8.47795e-06 1.13849
827 8.87062e-06 2.33258e-05 3.6397 6.42525e-06 8.86757e-06 1.19319
828 8.98544e-06 2.1648e-05 3.38785 6.12304e-06 8.62033e-06 1.18089
829 8.78386e-06 2.20761e-05 3.43361 6.02943e-06 8.65738e-06 1.18027
830 9.16788e-06 2.08726e-05 3.23856 6.32193e-06 8.665e-06 1.16253
831 8.80808e-06 2.18007e-05 3.37653 6.10619e-06 8.86503e-06 1.21194
832 9.29237e-06 2.2168e-05 3.45825 6.54408e-06 8.81571e-06 1.19021
833 8.92718e-06 2.26775e-05 3.54822 6.1933e-06 9.05674e-06 1.23092
834 9.47912e-06 2.12966e-05 3.34411 6.43942e-06 8.44377e-06 1.11946
835 9.0236e-06 2.29234e-05 3.53978 6.23658e-06 8.94757e-06 1.20306
836 9.08543e-06 2.21059e-05 3.40899 6.49178e-06 8.71378e-06 1.15717
837 9.10871e-06 2.26887e-05 3.51735 6.26685e-06 8.82832e-06 1.1733
838 9.17919e-06 2.24852e-05 3.47156 6.33688e-06 8.97791e-06 1.20976
839 8.77605e-06 2.27904e-05 3.53564 6.23008e-06 8.85929e-06 1.18376
840 9.15162e-06 2.16234e-05 3.34661 6.35206e-06 8.55046e-06 1.15317
841 9.11566e-06 2.28935e-05 3.56236 6.53378e-06 9.087e-06 1.21457
842 8.94472e-06 2.22436e-05 3.47454 6.21198e-06 8.76154e-06 1.17962
843 8.74516e-06 2.25147e-05 3.4992 6.2003e-06 8.96285e-06 1.20236
844 8.82745e-06 2.24085e-05 3.46381 6.15365e-06 9.14197e-06 1.22974
845 9.14299e-06 2.21164e-05 3.43359 6.36977e-06 8.84586e-06 1.19405
846 9.17295e-06 2.27168e-05 3.55261 6.43973e-06 8.84792e-06 1.19208
847 9.22382e-06 2.10355e-05 3.23453 6.34252e-06 8.53588e-06 1.1328
848 8.84618e-06 2.22669e-05 3.44365 6.21518e-06 8.91168e-06 1.20545
849 8.71181e-06 2.29335e-05 3.60376 6.16452e-06 8.88482e-06 1.20234
850 8.93865e-06 2.2113e-05 3.46868 6.15102e-06 8.90276e-06 1.21457
851 9.23345e-06 2.2071e-05 3.41436 6.47235e-06 8.8179e-06 1.17272
852 9.07581e-06 2.19238e-05 3.39027 6.28074e-06 8.77388e-06 1.17078
853 8.80038e-06 2.34493e-05 3.63108 6.41829e-06 9.01133e-06 1.20541
854 8.90704e-06 2.24035e-05 3.4862 6.16107e-06 8.80993e-06 1.18503
855 8.73116e-06 2.24914e-05 3.51213 6.11221e-06 8.76921e-06 1.19103
856 8.79318e-06 2.19065e-05 3.41431 6.0206e-06 8.76343e-06 1.18897
857 8.54159e-06 2.28986e-05 3.57343 6.01231e-06 8.84141e-06 1.19746
858 8.96199e-06 2.2928e-05 3.55471 6.23939e-06 9.15013e-06 1.21854
859 8.91472e-06 2.22027e-05 3.45532 6.20356e-06 8.7959e-06 1.19164
860 8.76471e-06 2.30027e-05 3.5545 6.24878e-06 8.93169e-06 1.19248
861 8.80733e-06 2.27969e-05 3.52526 6.17509e-06 9.04635e-06 1.18529
862 8.93068e-06 2.22219e-05 3.43239 6.37514e-06 8.75547e-06 1.15552
863 8.81747e-06 2.21024e-05 3.42903 6.09165e-06 8.69207e-06 1.14947
864 8.68326e-06 2.23132e-05 3.46391 6.00553e-06 8.83957e-06 1.19796
865 9.1089e-06 2.18358e-05 3.36829 6.20593e-06 8.62355e-06 1.15103
866 9.10838e-06 2.16579e-05 3.34777 6.1496e-06 8.59357e-06 1.14379
867 8.77477e-06 2.24402e-05 3.48357 6.16275e-06 8.96257e-06 1.21161
868 8.78651e-06 2.21988e-05 3.42627 6.19504e-06 8.79355e-06 1.15787
869 9.03963e-06 2.19948e-05 3.35914 6.24775e-06 8.84921e-06 1.17531
870 8.87004e-06 2.20585e-05 3.41238 6.25526e-06 8.72377e-06 1.16404
871 9.18474e-06 2.22507e-05 3.45796 6.34313e-06 8.74902e-06 1.16328
872 8.61092e-06 2.21346e-05 3.43296 6.05959e-06 8.71023e-06 1.16995
873 8.90036e-06 2.19282e-05 3.39808 6.16501e-06 8.89651e-06 1.19624
874 8.93869e-06 2.28812e-05 3.58674 6.39424e-06 8.95318e-06 1.22129
875 8.59117e-06 2.27084e-05 3.53652 6.18808e-06 8.85246e-06 1.19751
876 9.13905e-06 2.17201e-05 3.37156 6.37439e-06 8.65811e-06 1.1712
877 8.87888e-06 2.1946e-05 3.36908 6.17503e-06 8.67391e-06 1.13511
878 9.01916e-06 2.21619e-05 3.4246 6.22811e-06 8.8563e-06 1.17263
879 8.96746e-06 2.23831e-05 3.47278 6.27141e-06 8.68555e-06 1.159
880 8.93566e-06 2.27636e-05 3.54487 6.22611e-06 8.9359e-06 1.20193
881 8.75666e-06 2.23194e-05 3.43408 6.1443e-06 8.92175e-06 1.19139
882 8.92337e-06 2.17233e-05 3.35745 6.31946e-06 8.81046e-06 1.17537
883 8.88259e-06 2.21174e-05 3.45186 6.1737e-06 8.90062e-06 1.20842
884 9.02091e-06 2.15148e-05 3.29081 6.23078e-06 8.59461e-06 1.14075
885 8.96861e-06 2.12291e-05 3.22977 6.36901e-06 8.65272e-06 1.14358
886 9.12547e-06 2.212e-05 3.43094 6.27231e-06 8.78682e-06 1.18234
887 8.89973e-06 2.30573e-05 3.58502 6.33902e-06 8.80992e-06 1.18226
888 8.708e-06 2.33062e-05 3.64491 6.08357e-06 9.07037e-06 1.21972
889 8.96738e-06 2.28961e-05 3.56628 6.20005e-06 8.9747e-06 1.19978
890 9.19146e-06 2.16525e-05 3.33971 6.33119e-06 8.79531e-06 1.15946
891 8.58185e-06 2.3256e-05 3.60468 6.07008e-06 9.08263e-06 1.21641
892 8.54467e-06 2.20194e-05 3.42352 5.85144e-06 8.73604e-06 1.17342
893 8.85453e-06 2.27721e-05 3.53467 6.32909e-06 8.74733e-06 1.16468
894 8.98555e-06 2.29399e-05 3.56546 6.17503e-06 8.86628e-06 1.19845
895 8.84265e-06 2.25858e-05 3.50056 6.26419e-06 8.99955e-06 1.20772
896 8.90389e-06 2.24894e-05 3.48423 6.32407e-06 8.80695e-06 1.16356
897 8.96219e-06 2.21773e-05 3.42542 6.38717e-06 8.88261e-06 1.18513
898 8.90841e-06 2.19758e-05 3.40471 6.07899e-06 8.93769e-06 1.20823
899 8.71244e-06 2.25736e-05 3.48486 6.05973e-06 8.84305e-06 1.17093
900 8.88211e-06 2.18e-05 3.4015 6.10472e-06 8.59547e-06 1.15321
901 8.72576e-06 2.14106e-05 3.29073 5.95988e-06 8.81815e-06 1.17663
902 9.22357e-06 2.16627e-05 3.3215 6.3065e-06 8.78423e-06 1.1672
903 8.99501e-06 2.22704e-05 3.44015 6.15682e-06 8.78532e-06 1.16385
904 8.98421e-06 2.22907e-05 3.44047 6.35777e-06 8.69023e-06 1.13487
905 8.66784e-06 2.2277e-05 3.46452 5.94461e-06 8.7683e-06 1.1858
906 8.33199e-06 2.25081e-05 3.49105 5.80426e-06 8.80894e-06 1.18834
907 8.99128e-06 2.16893e-05 3.36385 6.27822e-06 8.70718e-06 1.1513
908 8.66531e-06 2.16363e-05 3.33797 6.16611e-06 8.75771e-06 1.19011
909 8.88674e-06 2.23061e-05 3.4345 6.09505e-06 8.94428e-06 1.19559
910 8.49224e-06 2.1778e-05 3.37156 5.76791e-06 8.75111e-06 1.17882
911 8.81133e-06 2.24157e-05 3.48093 6.16885e-06 8.7047e-06 1.16438
912 8.54669e-06 2.25442e-05 3.50286 5.9272e-06 8.76115e-06 1.18488
913 8.96935e-06 2.28563e-05 3.53726 6.29568e-06 8.96411e-06 1.19901
914 8.31231e-06 2.20923e-05 3.4276 5.79688e-06 8.62597e-06 1.15841
915 8.96189e-06 2.14656e-05 3.28753 6.22236e-06 8.83062e-06 1.15984
916 8.77456e-06 2.21792e-05 3.42736 6.05231e-06 8.73146e-06 1.16881
917 8.94484e-06 2.28667e-05 3.54579 6.1952e-06 8.99525e-06 1.199
918 8.83269e-06 2.2117e-05 3.4226 6.04189e-06 8.74694e-06 1.15887
919 8.87489e-06 2.21363e-05 3.41797 6.07922e-06 8.75611e-06 1.16528
920 8.93463e-06 2.18617e-05 3.35059 6.22154e-06 8.81442e-06 1.16178
921 8.70036e-06 2.22288e-05 3.42828 5.98022e-06 8.97781e-06 1.19584
922 8.73339e-06 2.19571e-05 3.41616 6.09666e-06 8.53781e-06 1.12136
923 8.76038e-06 2.21141e-05 3.40567 6.11932e-06 8.74773e-06 1.15313
924 8.80014e-06 2.1969e-05 3.39774 5.99285e-06 8.66447e-06 1.16197
925 8.9821e-06 2.06317e-05 3.1696 6.1156e-06 8.31397e-06 1.11467
926 8.69813e-06 2.2757e-05 3.51497 6.10893e-06 8.85786e-06 1.18194
927 8.79205e-06 2.22022e-05 3.45361 6.21574e-06 8.78696e-06 1.175
928 8.81254e-06 2.16587e-05 3.34884 6.07881e-06 8.71209e-06 1.1745
929 8.8582e-06 2.24213e-05 3.45261 6.24641e-06 8.7863e-06 1.15344
930 8.64501e-06 2.27325e-05 3.52393 6.03093e-06 9.11763e-06 1.22442
931 8.42601e-06 2.20397e-05 3.40786 5.82144e-06 8.61772e-06 1.1456
932 8.64501e-06 2.24942e-05 3.46022 6.08263e-06 8.84757e-06 1.18597
933 8.8575e-06 2.24194e-05 3.46371 6.20613e-06 8.80919e-06 1.16806
934 8.93958e-06 2.21162e-05 3.36865 6.24772e-06 8.90265e-06 1.17079
935 8.92762e-06 2.23332e-05 3.44535 6.20432e-06 8.80684e-06 1.16009
936 8.50946e-06 2.24788e-05 3.48529 5.94619e-06 8.76387e-06 1.17502
937 8.84766e-06 2.22439e-05 3.40647 5.92371e-06 9.0734e-06 1.18827
938 8.66981e-06 2.2712e-05 3.54773 6.04343e-06 8.58854e-06 1.14343
939 8.53091e-06 2.13582e-05 3.25769 5.94928e-06 8.76872e-06 1.16644
940 8.62401e-06 2.21792e-05 3.43752 5.86899e-06 8.89436e-06 1.18522
941 8.62228e-06 2.28826e-05 3.5337 6.13904e-06 8.98711e-06 1.19551
942 9.00992e-06 2.29536e-05 3.55364 6.37779e-06 8.90621e-06 1.18027
943 8.91345e-06 2.26439e-05 3.50389 6.2777e-06 8.87464e-06 1.18985
944 8.79514e-06 2.16912e-05 3.34142 6.08542e-06 8.81875e-06 1.18269
945 9.02502e-06 2.15974e-05 3.31261 6.11623e-06 8.80028e-06 1.17003
946 8.7572e-06 2.16276e-05 3.32644 6.07228e-06 8.49173e-06 1.13049
947 8.80791e-06 2.27681e-05 3.5185 6.12984e-06 9.05474e-06 1.20153
948 8.54319e-06 2.16087e-05 3.34223 6.08887e-06 8.32315e-06 1.09932
949 8.73006e-06 2.21427e-05 3.39341 5.94025e-06 8.94954e-06 1.18831
950 8.6027e-06 2.20904e-05 3.38364 5.91419e-06 9.00151e-06 1.21191
951 8.2699e-06 2.18111e-05 3.37307 5.70919e-06 8.78026e-06 1.18767
952 8.58853e-06 2.25188e-05 3.4913 5.98806e-06 8.98187e-06 1.19556
953 8.7216e-06 2.22483e-05 3.42645 5.97551e-06 8.89585e-06 1.17939
954 8.70347e-06 2.22386e-05 3.45623 6.20272e-06 8.59171e-06 1.14306
955 8.59974e-06 2.24298e-05 3.44338 5.96001e-06 8.69226e-06 1.135
956 8.72023e-06 2.29575e-05 3.51686 6.06703e-06 8.97886e-06 1.18565
957 8.69046e-06 2.2051e-05 3.38803 6.13506e-06 8.77559e-06 1.16625
958 8.69052e-06 2.30912e-05 3.57138 6.13074e-06 9.01246e-06 1.20419
959 8.6378e-06 2.08937e-05 3.18102 5.89099e-06 8.6751e-06 1.14796
960 8.69883e-06 2.20231e-05 3.38472 6.01204e-06 8.71052e-06 1.14954
961 8.8086e-06 2.23024e-05 3.46624 6.14934e-06 8.71412e-06 1.15063
962 8.57079e-06 2.29402e-05 3.55793 5.91695e-06 8.91751e-06 1.18077
963 8.86714e-06 2.25234e-05 3.46486 6.09038e-06 8.816e-06 1.15958
964 8.51183e-06 2.17833e-05 3.35771 6.0161e-06 8.53153e-06 1.12919
965 8.75494e-06 2.23954e-05 3.43352 6.04878e-06 8.8158e-06 1.16193
966 8.476e-06 2.15062e-05 3.29535 5.68368e-06 8.82573e-06 1.186
967 8.42007e-06 2.20901e-05 3.3739 5.84237e-06 8.67899e-06 1.13239
968 8.6393e-06 2.22174e-05 3.44136 5.86842e-06 8.83542e-06 1.18217
969 8.34394e-06 2.26727e-05 3.52243 5.84297e-06 9.17579e-06 1.24508
970 9.15243e-06 2.11122e-05 3.21369 6.21199e-06 8.54891e-06 1.11492
971 8.50631e-06 2.28226e-05 3.53806 5.98318e-06 8.76089e-06 1.1583
972 9.00365e-06 2.19971e-05 3.37709 6.24658e-06 8.63465e-06 1.11112
973 8.83069e-06 2.25665e-05 3.43611 6.11316e-06 8.92032e-06 1.15148
974 9.01079e-06 2.20646e-05 3.38511 6.24615e-06 8.88046e-06 1.16193
975 8.65052e-06 2.14201e-05 3.28625 5.97749e-06 8.88216e-06 1.18955
976 8.68081e-06 2.24619e-05 3.45774 6.01609e-06 8.86264e-06 1.14964
977 8.52421e-06 2.25219e-05 3.47081 5.99732e-06 8.7929e-06 1.16356
978 8.48186e-06 2.2034e-05 3.3969 5.83427e-06 8.75694e-06 1.18507
979 8.77816e-06 2.26453e-05 3.48044 6.28286e-06 8.62232e-06 1.1236
980 8.70973e-06 2.1563e-05 3.29779 6.12535e-06 8.68062e-06 1.14011
981 8.67001e-06 2.23842e-05 3.48477 6.07961e-06 8.61377e-06 1.13693
982 8.4735e-06 2.35215e-05 3.64284 5.98027e-06 9.10342e-06 1.22058
983 8.42712e-06 2.19288e-05 3.3644 5.62841e-06 8.89161e-06 1.18496
984 8.66671e-06 2.22889e-05 3.43765 5.99525e-06 8.85998e-06 1.17511
985 8.53684e-06 2.32451e-05 3.61991 5.9126e-06 8.96687e-06 1.19716
986 8.84034e-06 2.16913e-05 3.30714 6.0649e-06 8.69116e-06 1.14725
987 9.00598e-06 2.19526e-05 3.3511 6.15491e-06 8.59031e-06 1.09662
988 8.59853e-06 2.19896e-05 3.36856 5.93188e-06 8.61666e-06 1.13655
989 8.59479e-06 2.25256e-05 3.43334 6.10838e-06 8.72677e-06 1.16032
990 8.4913e-06 2.2488e-05 3.46308 6.05147e-06 9.01762e-06 1.18954
991 8.55123e-06 2.30924e-05 3.53886 5.89012e-06 9.08296e-06 1.17131
992 8.78891e-06 2.26348e-05 3.45965 6.10953e-06 8.8862e-06 1.16167
993 8.44359e-06 2.21722e-05 3.40897 5.77999e-06 8.69531e-06 1.13638
994 8.70924e-06 2.22122e-05 3.41412 6.00596e-06 8.91537e-06 1.20174
995 8.54615e-06 2.19287e-05 3.34497 5.75459e-06 8.90013e-06 1.17216
996 8.83468e-06 2.23332e-05 3.41995 6.12591e-06 8.78696e-06 1.15906
997 8.41201e-06 2.22155e-05 3.44581 5.81019e-06 8.7736e-06 1.16612
998 8.58452e-06 2.24434e-05 3.46281 5.89117e-06 8.87069e-06 1.16874
999 8.71737e-06 2.20429e-05 3.38133 5.96523e-06 8.71588e-06 1.12795
1000 8.32807e-06 2.26467e-05 3.44998 5.87344e-06 8.92882e-06 1.17092
