10 0.000122014 7.38999e-05 16.5826 8.24173e-05 4.43199e-05 10.5074
11 0.000120704 6.74206e-05 15.0239 8.76992e-05 4.69241e-05 10.6071
12 9.82078e-05 5.85521e-05 12.279 7.28488e-05 3.69263e-05 8.73419
13 9.95002e-05 6.02025e-05 13.2662 7.31472e-05 3.73781e-05 8.79152
14 9.6857e-05 6.25146e-05 13.1839 6.72444e-05 3.67328e-05 8.71875
15 8.41695e-05 5.6857e-05 12.1164 6.61335e-05 3.45343e-05 8.21845
16 8.67051e-05 5.57158e-05 11.635 6.07095e-05 3.44074e-05 8.14836
17 7.62939e-05 5.1289e-05 10.5538 5.74139e-05 3.16973e-05 7.26341
18 8.2614e-05 5.48949e-05 11.5369 5.89426e-05 3.2838e-05 7.80497
19 7.6451e-05 5.42486e-05 11.4991 5.65774e-05 3.06593e-05 7.46724
20 7.22169e-05 4.81607e-05 9.99067 5.64356e-05 2.95206e-05 6.96947
21 7.59573e-05 5.16575e-05 10.721 5.57884e-05 3.07491e-05 7.27931
22 7.16603e-05 5.00471e-05 9.96775 5.20679e-05 3.00201e-05 7.04019
23 7.40903e-05 5.04451e-05 10.1666 5.25182e-05 2.99557e-05 7.18781
24 6.99013e-05 4.86177e-05 9.91237 5.24145e-05 2.83166e-05 6.80727
25 7.06766e-05 4.79575e-05 9.68595 5.03579e-05 2.78916e-05 6.49314
26 6.94745e-05 4.69839e-05 9.61844 4.9678e-05 2.69913e-05 6.38537
27 6.65285e-05 4.51198e-05 8.89585 4.80075e-05 2.69202e-05 6.31738
28 6.5732e-05 4.22078e-05 8.7268 5.07277e-05 2.50785e-05 6.07368
29 6.50906e-05 4.09271e-05 8.80008 4.70878e-05 2.47582e-05 6.03256
30 6.27165e-05 3.98029e-05 8.30313 4.5709e-05 2.39878e-05 5.82949
31 6.08486e-05 4.3434e-05 8.62013 4.55231e-05 2.46878e-05 5.75057
32 6.17809e-05 4.33881e-05 8.70314 4.92298e-05 2.41572e-05 5.90786
33 6.00539e-05 4.23313e-05 8.5379 4.40473e-05 2.52105e-05 5.97159
34 5.86063e-05 4.35313e-05 8.92929 4.26422e-05 2.44302e-05 5.76546
35 5.803e-05 4.1265e-05 8.46124 4.48791e-05 2.39133e-05 5.7868
36 5.79836e-05 4.00133e-05 8.28695 4.44059e-05 2.36293e-05 5.58582
37 5.85976e-05 3.57287e-05 7.57672 4.07904e-05 2.2199e-05 5.27838
38 5.79443e-05 3.91462e-05 8.10036 4.25081e-05 2.21317e-05 5.31905
39 5.43521e-05 4.02033e-05 7.9168 4.33e-05 2.29654e-05 5.51909
40 5.70532e-05 4.0129e-05 8.10117 4.39506e-05 2.26611e-05 5.50975
41 5.3612e-05 3.85471e-05 7.73375 4.18114e-05 2.27789e-05 5.51143
42 5.59914e-05 4.0163e-05 8.18395 3.94965e-05 2.22913e-05 5.25451
43 5.43464e-05 3.2949e-05 7.08425 4.01277e-05 2.00986e-05 4.89631
44 5.01211e-05 3.9444e-05 7.86031 3.94906e-05 2.2383e-05 5.32752
45 5.49826e-05 3.70943e-05 7.41011 4.1492e-05 2.15086e-05 5.25939
46 5.13711e-05 3.71231e-05 7.50879 3.96919e-05 2.16212e-05 5.24159
47 5.20449e-05 3.56876e-05 7.45798 3.82404e-05 2.07071e-05 4.94181
48 5.24646e-05 3.71058e-05 7.67161 3.66049e-05 1.97206e-05 4.65942
49 5.25681e-05 3.5969e-05 7.4732 3.93481e-05 2.12054e-05 5.09477
50 4.85526e-05 3.64992e-05 7.21349 3.72898e-05 2.12375e-05 5.00741
51 4.993e-05 3.7526e-05 7.56792 3.76001e-05 2.14502e-05 5.13688
52 4.86795e-05 3.441e-05 6.95216 3.74875e-05 2.02053e-05 4.92271
53 5.04169e-05 3.31092e-05 6.8476 3.63755e-05 2.00949e-05 4.82935
54 4.69589e-05 3.48827e-05 6.90671 3.95242e-05 2.01463e-05 5.05846
55 4.82496e-05 3.21806e-05 6.48473 3.55619e-05 1.89869e-05 4.63731
56 4.54638e-05 3.36492e-05 6.65614 3.75311e-05 2.03394e-05 4.99402
57 4.90971e-05 3.39797e-05 6.94638 3.70844e-05 1.88793e-05 4.52106
58 4.74792e-05 3.57505e-05 7.19512 3.84537e-05 2.0461e-05 4.99903
59 4.6241e-05 3.40149e-05 6.76551 3.47728e-05 1.89899e-05 4.59754
60 4.65954e-05 3.13457e-05 6.38091 3.65697e-05 1.87299e-05 4.57408
61 4.7855e-05 3.31861e-05 6.83806 3.66223e-05 1.89868e-05 4.61039
62 4.54733e-05 3.25862e-05 6.45287 3.40942e-05 1.92332e-05 4.61653
63 4.36597e-05 3.40889e-05 6.64959 3.59787e-05 2.0133e-05 4.865
64 4.6566e-05 3.40005e-05 6.67869 3.46626e-05 1.95436e-05 4.82121
65 4.67403e-05 3.25145e-05 6.31205 3.3776e-05 1.88086e-05 4.55973
66 4.74387e-05 3.30122e-05 6.96797 3.55182e-05 1.80319e-05 4.56821
67 4.47464e-05 3.05032e-05 6.23887 3.51828e-05 1.84042e-05 4.5749
68 4.52655e-05 3.00853e-05 6.07993 3.60636e-05 1.81033e-05 4.49766
69 4.58469e-05 2.9304e-05 5.92148 3.45823e-05 1.80429e-05 4.33751
70 4.32553e-05 3.3338e-05 6.50438 3.48453e-05 1.89053e-05 4.60382
71 4.29446e-05 2.9715e-05 6.07165 3.46655e-05 1.79969e-05 4.47664
72 4.35991e-05 2.99387e-05 6.20594 3.32733e-05 1.77779e-05 4.32095
73 4.50858e-05 2.90354e-05 6.07236 3.32536e-05 1.75073e-05 4.33128
74 4.50378e-05 2.9653e-05 6.0095 3.21265e-05 1.83449e-05 4.38205
75 4.15745e-05 3.15609e-05 6.35312 3.22405e-05 1.73333e-05 4.16397
76 4.18127e-05 2.90466e-05 5.90478 3.42171e-05 1.75036e-05 4.4308
77 4.64008e-05 3.14332e-05 6.33036 3.4635e-05 1.83936e-05 4.54454
78 4.14126e-05 2.8184e-05 5.78651 3.32763e-05 1.65462e-05 4.12696
79 4.06672e-05 3.0278e-05 5.9515 3.31767e-05 1.74879e-05 4.2945
80 4.2439e-05 2.90256e-05 5.8459 3.3741e-05 1.7548e-05 4.41261
81 4.40934e-05 2.9375e-05 6.02264 3.13503e-05 1.81317e-05 4.28604
82 3.97989e-05 2.61167e-05 5.32068 3.269e-05 1.70844e-05 4.20835
83 4.12729e-05 3.08917e-05 6.04855 3.27781e-05 1.75087e-05 4.36389
84 4.21472e-05 2.96151e-05 5.97552 3.34632e-05 1.74298e-05 4.28849
85 4.06638e-05 2.88979e-05 5.82337 3.22135e-05 1.72873e-05 4.20837
86 4.07204e-05 3.04104e-05 5.98369 3.15622e-05 1.7925e-05 4.29826
87 4.0813e-05 3.12882e-05 6.28955 3.35643e-05 1.76691e-05 4.42957
88 4.09726e-05 2.93524e-05 6.04514 3.2513e-05 1.80072e-05 4.36416
89 4.24111e-05 2.79416e-05 5.77328 3.13079e-05 1.69946e-05 4.22126
90 3.7668e-05 2.68058e-05 5.22072 3.34843e-05 1.6489e-05 4.17228
91 3.89848e-05 2.79915e-05 5.47758 2.84355e-05 1.65278e-05 4.01562
92 4.00258e-05 2.90024e-05 5.86514 3.15184e-05 1.7595e-05 4.29678
93 3.83488e-05 2.74216e-05 5.39049 3.22743e-05 1.71297e-05 4.25787
94 4.18352e-05 2.74947e-05 5.54691 3.23741e-05 1.66933e-05 4.15268
95 3.99101e-05 2.61026e-05 5.31532 3.02783e-05 1.65645e-05 3.98761
96 3.87761e-05 2.86994e-05 5.50786 3.22054e-05 1.71595e-05 4.25962
97 4.09204e-05 2.7024e-05 5.47007 2.94819e-05 1.60298e-05 3.79712
98 4.02493e-05 2.58972e-05 5.32158 3.11823e-05 1.59659e-05 4.03092
99 4.00743e-05 3.06415e-05 5.99555 3.0671e-05 1.70641e-05 4.21351
100 3.94276e-05 3.02223e-05 5.8556 3.12891e-05 1.77265e-05 4.29752
101 3.74995e-05 2.63558e-05 5.12156 3.00109e-05 1.65439e-05 3.9934
102 3.76129e-05 2.66514e-05 5.28177 3.10644e-05 1.64747e-05 4.1366
103 4.15307e-05 2.64138e-05 5.54163 3.04708e-05 1.60921e-05 3.94369
104 3.81459e-05 2.47241e-05 5.04863 2.96844e-05 1.70232e-05 4.08431
105 3.8718e-05 2.57812e-05 5.10814 2.93369e-05 1.62019e-05 3.93301
106 3.95243e-05 2.53267e-05 5.21955 3.05773e-05 1.6823e-05 4.15892
107 3.90122e-05 2.5433e-05 5.20222 3.04076e-05 1.62327e-05 3.99931
108 3.94467e-05 2.63138e-05 5.25424 2.98498e-05 1.72626e-05 4.19792
109 3.89492e-05 2.63446e-05 5.34459 3.0775e-05 1.69254e-05 4.14301
110 3.79128e-05 2.65022e-05 5.12983 2.99198e-05 1.65236e-05 4.04653
111 3.98404e-05 2.71589e-05 5.52403 2.91771e-05 1.65708e-05 4.00217
112 3.86666e-05 2.68696e-05 5.3586 3.03549e-05 1.70698e-05 4.16627
113 3.79296e-05 2.6393e-05 5.21687 3.06306e-05 1.63867e-05 3.99883
114 3.90141e-05 2.50236e-05 5.11936 2.92216e-05 1.57439e-05 3.89873
115 4.0573e-05 2.48363e-05 5.16956 3.03905e-05 1.61984e-05 4.00334
116 3.62914e-05 2.73135e-05 5.28145 2.96343e-05 1.69895e-05 4.12871
117 3.88754e-05 2.59114e-05 5.24726 3.08004e-05 1.63718e-05 4.15184
118 3.66808e-05 2.42421e-05 4.91268 3.071e-05 1.57284e-05 3.94838
119 3.8144e-05 2.50275e-05 5.04221 2.78223e-05 1.59478e-05 3.92693
120 3.80399e-05 2.68233e-05 5.32863 2.9167e-05 1.57776e-05 3.83499
121 3.78054e-05 2.6773e-05 5.19485 2.78301e-05 1.61335e-05 3.91233
122 3.66495e-05 2.55392e-05 5.08666 2.96982e-05 1.61555e-05 4.01288
123 3.66554e-05 2.61825e-05 5.18522 2.86312e-05 1.62436e-05 4.03123
124 3.55282e-05 2.80299e-05 5.39644 2.90993e-05 1.60553e-05 3.97905
125 3.93903e-05 2.67845e-05 5.18009 2.81352e-05 1.56459e-05 3.8091
126 3.83866e-05 2.76979e-05 5.43129 3.06761e-05 1.64971e-05 4.10234
127 3.7221e-05 2.71284e-05 5.3597 2.9249e-05 1.67429e-05 4.14185
128 3.67949e-05 2.67421e-05 5.12377 2.835e-05 1.68816e-05 4.08934
129 3.60213e-05 2.64024e-05 5.24675 2.88499e-05 1.66372e-05 4.10953
130 3.73546e-05 2.50346e-05 4.95634 2.9656e-05 1.57031e-05 3.92272
131 3.72133e-05 2.66314e-05 5.34242 2.86527e-05 1.51854e-05 3.80721
132 3.66666e-05 2.56695e-05 4.86488 2.80966e-05 1.6893e-05 4.06841
133 3.57818e-05 2.31752e-05 4.66256 3.01781e-05 1.59014e-05 4.00197
134 3.48223e-05 2.6232e-05 5.11047 2.92207e-05 1.51731e-05 3.81472
135 3.6053e-05 2.50932e-05 4.87647 2.82649e-05 1.62611e-05 4.02051
136 3.57278e-05 2.43771e-05 5.0079 2.82646e-05 1.47774e-05 3.74114
137 3.30089e-05 2.64964e-05 5.0937 3.00651e-05 1.61007e-05 4.02751
138 3.66796e-05 2.53581e-05 4.97277 2.79573e-05 1.54365e-05 3.81518
139 3.31952e-05 2.33155e-05 4.51524 2.78242e-05 1.60756e-05 3.96142
140 3.48016e-05 2.39982e-05 4.56655 2.80633e-05 1.57568e-05 3.92104
141 3.4762e-05 2.45632e-05 4.79409 2.73185e-05 1.6185e-05 3.92305
142 3.52222e-05 2.38452e-05 4.68185 2.87401e-05 1.59576e-05 3.98174
143 3.51971e-05 2.52426e-05 4.90649 2.93019e-05 1.5846e-05 3.99168
144 3.60785e-05 2.57584e-05 4.95838 2.88309e-05 1.56029e-05 3.89305
145 3.66655e-05 2.30812e-05 4.61242 2.80713e-05 1.51054e-05 3.75338
146 3.6477e-05 2.44827e-05 4.92452 2.87156e-05 1.53958e-05 3.85827
147 3.37135e-05 2.21294e-05 4.40913 2.76865e-05 1.48768e-05 3.71576
148 3.31448e-05 2.45196e-05 4.72513 2.91559e-05 1.55986e-05 3.93816
149 3.69864e-05 2.30121e-05 4.57345 2.78314e-05 1.51984e-05 3.74263
150 3.51569e-05 2.32423e-05 4.64415 2.73167e-05 1.50707e-05 3.7468
151 3.41434e-05 2.23779e-05 4.53514 2.84322e-05 1.50979e-05 3.84195
152 3.49149e-05 2.30859e-05 4.58516 2.7448e-05 1.48918e-05 3.72746
153 3.65405e-05 2.27719e-05 4.60132 2.67478e-05 1.42389e-05 3.53814
154 3.41167e-05 2.31936e-05 4.42817 2.8317e-05 1.56612e-05 3.92461
155 3.44984e-05 2.30381e-05 4.70137 2.72993e-05 1.49686e-05 3.73172
156 3.48746e-05 2.34972e-05 4.64827 2.72754e-05 1.52918e-05 3.77928
157 3.40484e-05 2.54355e-05 4.76397 2.76204e-05 1.61252e-05 3.98978
158 3.38652e-05 2.17494e-05 4.36855 2.84137e-05 1.50643e-05 3.77457
159 3.52752e-05 2.44398e-05 4.60744 2.71163e-05 1.47744e-05 3.64505
160 3.43228e-05 2.40839e-05 4.81235 2.75447e-05 1.51683e-05 3.78332
161 3.4132e-05 2.55126e-05 4.94545 2.70807e-05 1.56084e-05 3.83988
162 3.26392e-05 2.30705e-05 4.47364 2.74863e-05 1.50786e-05 3.76926
163 3.36479e-05 2.37354e-05 4.57329 2.81844e-05 1.55905e-05 3.87223
164 3.46392e-05 2.25448e-05 4.38996 2.70485e-05 1.51873e-05 3.74086
165 3.44818e-05 2.40187e-05 4.75282 2.68884e-05 1.47724e-05 3.69438
166 3.39489e-05 2.40684e-05 4.81282 2.7681e-05 1.50447e-05 3.78502
167 3.25552e-05 2.34552e-05 4.54468 2.5852e-05 1.45749e-05 3.5706
168 3.36167e-05 2.27731e-05 4.49947 2.82339e-05 1.56416e-05 3.94186
169 3.39751e-05 2.39529e-05 4.56566 2.75678e-05 1.5412e-05 3.85435
170 3.20776e-05 2.45413e-05 4.40481 2.81142e-05 1.59299e-05 3.94671
171 3.43014e-05 2.45084e-05 4.85836 2.70969e-05 1.5856e-05 3.86357
172 3.47039e-05 2.34645e-05 4.54502 2.64172e-05 1.50168e-05 3.68819
173 3.28609e-05 2.27328e-05 4.42143 2.73082e-05 1.52877e-05 3.75929
174 3.287e-05 2.36183e-05 4.46922 2.71611e-05 1.49818e-05 3.7804
175 3.40908e-05 2.34595e-05 4.60507 2.62377e-05 1.51592e-05 3.72042
176 3.42848e-05 2.20522e-05 4.22149 2.66558e-05 1.52301e-05 3.73106
177 3.47797e-05 2.35229e-05 4.56557 2.62533e-05 1.55713e-05 3.79388
178 3.48363e-05 2.20691e-05 4.36297 2.66885e-05 1.50025e-05 3.72487
179 3.36865e-05 2.25968e-05 4.41479 2.67096e-05 1.52913e-05 3.79382
180 3.33164e-05 2.24337e-05 4.41302 2.68428e-05 1.58233e-05 3.82968
181 3.26729e-05 2.28634e-05 4.38993 2.62654e-05 1.47987e-05 3.69563
182 3.41433e-05 2.2549e-05 4.52713 2.72795e-05 1.4592e-05 3.64972
183 3.46594e-05 2.45849e-05 4.74099 2.6488e-05 1.49521e-05 3.70525
184 3.48481e-05 2.37641e-05 4.5679 2.50527e-05 1.50624e-05 3.61108
185 3.40139e-05 2.50198e-05 4.85413 2.65728e-05 1.5432e-05 3.75187
186 3.30705e-05 2.26881e-05 4.33277 2.51402e-05 1.55862e-05 3.77864
187 3.45085e-05 2.34696e-05 4.68622 2.57378e-05 1.49558e-05 3.65115
188 3.24098e-05 2.2685e-05 4.38956 2.75725e-05 1.56794e-05 3.91439
189 3.29934e-05 2.07231e-05 4.04029 2.62831e-05 1.46571e-05 3.61974
190 3.1201e-05 2.27012e-05 4.1855 2.79054e-05 1.53103e-05 3.89166
191 3.2245e-05 2.14062e-05 4.27169 2.65631e-05 1.45067e-05 3.65035
192 3.21804e-05 2.34619e-05 4.33726 2.68419e-05 1.54046e-05 3.81855
193 3.20639e-05 2.10392e-05 3.98591 2.58151e-05 1.4655e-05 3.62557
194 3.52603e-05 2.49941e-05 5.01044 2.49596e-05 1.47755e-05 3.57219
195 3.31729e-05 2.34798e-05 4.47165 2.71578e-05 1.52293e-05 3.81461
196 3.27037e-05 2.37328e-05 4.46457 2.72081e-05 1.49799e-05 3.76141
197 3.37459e-05 2.17978e-05 4.25946 2.62287e-05 1.48665e-05 3.71201
198 3.23009e-05 2.22395e-05 4.14949 2.59366e-05 1.50426e-05 3.74963
199 3.11247e-05 2.14084e-05 4.02135 2.701e-05 1.47782e-05 3.72485
200 3.30056e-05 1.9842e-05 4.07521 2.59245e-05 1.43101e-05 3.61024
201 3.14425e-05 2.15199e-05 4.13402 2.6961e-05 1.48059e-05 3.73705
202 3.2562e-05 2.26681e-05 4.3029 2.59296e-05 1.54201e-05 3.74719
203 3.15699e-05 2.27071e-05 4.43466 2.76056e-05 1.56735e-05 3.86303
204 3.44235e-05 2.25444e-05 4.39906 2.65258e-05 1.49153e-05 3.70418
205 3.35286e-05 2.42915e-05 4.53422 2.60884e-05 1.53445e-05 3.79888
206 3.15239e-05 2.27315e-05 4.36821 2.66062e-05 1.51751e-05 3.77919
207 3.38651e-05 2.07449e-05 4.05079 2.52103e-05 1.40531e-05 3.47174
208 3.26314e-05 2.16486e-05 4.22966 2.62731e-05 1.4776e-05 3.68532
209 3.08859e-05 2.16268e-05 4.10028 2.6871e-05 1.58439e-05 3.93082
210 3.31736e-05 1.97412e-05 3.87306 2.56752e-05 1.40572e-05 3.52608
211 3.39626e-05 2.14456e-05 4.14875 2.56449e-05 1.44014e-05 3.59185
212 3.19092e-05 2.14652e-05 4.05732 2.77571e-05 1.49055e-05 3.79409
213 3.21316e-05 2.18839e-05 4.17565 2.6834e-05 1.42721e-05 3.62652
214 3.24902e-05 2.10732e-05 4.01984 2.50948e-05 1.49949e-05 3.62838
215 3.16898e-05 2.00498e-05 3.9804 2.63606e-05 1.42217e-05 3.62262
216 3.04981e-05 2.08517e-05 3.95094 2.74372e-05 1.41843e-05 3.65297
217 3.22201e-05 2.11338e-05 4.18126 2.77015e-05 1.44892e-05 3.67353
218 3.14329e-05 2.25268e-05 4.18527 2.65849e-05 1.48094e-05 3.74529
219 3.2924e-05 2.17914e-05 4.15964 2.53574e-05 1.36408e-05 3.43257
220 3.26487e-05 2.19096e-05 4.36971 2.66527e-05 1.48058e-05 3.73919
221 3.09564e-05 2.04956e-05 3.80965 2.67114e-05 1.45862e-05 3.65218
222 3.18314e-05 2.22062e-05 4.24695 2.64363e-05 1.50536e-05 3.72162
223 3.01345e-05 2.21966e-05 4.2513 2.86333e-05 1.51548e-05 3.88133
224 3.15443e-05 2.1102e-05 3.83936 2.59138e-05 1.44842e-05 3.61653
225 3.08689e-05 2.24578e-05 4.10789 2.56719e-05 1.51288e-05 3.743
226 3.20005e-05 2.47103e-05 4.58013 2.63282e-05 1.51241e-05 3.76979
227 3.31696e-05 2.02262e-05 3.87185 2.62026e-05 1.45589e-05 3.66106
228 3.34174e-05 2.09579e-05 4.0515 2.43776e-05 1.41636e-05 3.42236
229 3.26391e-05 2.16632e-05 4.1454 2.66164e-05 1.49464e-05 3.72873
230 3.13299e-05 2.12981e-05 4.07619 2.54793e-05 1.46068e-05 3.62032
231 3.31523e-05 2.17465e-05 4.02851 2.46655e-05 1.46407e-05 3.58037
232 3.2767e-05 2.17734e-05 4.1499 2.56587e-05 1.51459e-05 3.73801
233 3.2119e-05 1.96957e-05 3.9823 2.68104e-05 1.43646e-05 3.64761
234 3.08843e-05 2.05022e-05 3.91331 2.66831e-05 1.45932e-05 3.69149
235 3.16999e-05 1.96285e-05 3.72526 2.54319e-05 1.43159e-05 3.54855
236 3.27374e-05 2.05331e-05 4.00776 2.72558e-05 1.47563e-05 3.73549
237 3.07859e-05 2.13612e-05 4.06239 2.56985e-05 1.48315e-05 3.70945
238 3.15559e-05 2.24646e-05 4.28021 2.54975e-05 1.48157e-05 3.64316
239 3.17097e-05 2.23388e-05 4.18575 2.59454e-05 1.44586e-05 3.6279
240 3.12145e-05 2.13627e-05 3.95438 2.53089e-05 1.46619e-05 3.61423
241 3.04895e-05 2.13694e-05 4.09173 2.73889e-05 1.45914e-05 3.73222
242 3.04698e-05 1.94193e-05 3.67354 2.69656e-05 1.4044e-05 3.61218
243 3.30654e-05 2.18356e-05 4.12741 2.49935e-05 1.44169e-05 3.56525
244 3.14965e-05 2.12594e-05 4.04395 2.5881e-05 1.49699e-05 3.71419
245 3.16761e-05 2.1398e-05 4.07012 2.73329e-05 1.48523e-05 3.78687
246 3.2581e-05 2.09936e-05 4.15332 2.3654e-05 1.39398e-05 3.4071
247 3.12967e-05 2.07538e-05 3.97085 2.52499e-05 1.44528e-05 3.55041
248 3.08572e-05 2.05764e-05 3.78699 2.65612e-05 1.43616e-05 3.61646
249 3.04163e-05 2.0375e-05 3.77704 2.68669e-05 1.51189e-05 3.8184
250 3.20025e-05 2.09602e-05 3.95266 2.5731e-05 1.42889e-05 3.60371
251 3.10518e-05 1.9926e-05 3.73688 2.6186e-05 1.45843e-05 3.6674
252 3.13943e-05 1.95977e-05 3.80759 2.59436e-05 1.40312e-05 3.51976
253 3.08044e-05 1.96518e-05 3.75841 2.58835e-05 1.403e-05 3.57145
254 3.05141e-05 2.01099e-05 3.93711 2.5257e-05 1.41438e-05 3.50162
255 3.08214e-05 1.93104e-05 3.82249 2.60694e-05 1.39923e-05 3.5296
256 3.03865e-05 2.06324e-05 4.01202 2.68967e-05 1.41124e-05 3.6332
257 3.08111e-05 1.99348e-05 3.815 2.63396e-05 1.42349e-05 3.60056
258 3.13103e-05 2.05032e-05 3.93694 2.63244e-05 1.4328e-05 3.60486
259 3.25991e-05 1.95184e-05 3.83236 2.48596e-05 1.37367e-05 3.45832
260 2.90622e-05 2.04293e-05 3.80064 2.69382e-05 1.46091e-05 3.7134
261 2.94431e-05 2.14936e-05 4.08142 2.74908e-05 1.42577e-05 3.68622
262 3.20729e-05 2.09346e-05 4.07015 2.48377e-05 1.3488e-05 3.42937
263 3.12166e-05 2.08449e-05 3.8476 2.60048e-05 1.406e-05 3.56488
264 3.06875e-05 2.07591e-05 3.95704 2.61305e-05 1.45135e-05 3.66326
265 3.28555e-05 2.20509e-05 4.1754 2.45394e-05 1.49716e-05 3.64855
266 3.11697e-05 2.14706e-05 4.06406 2.68466e-05 1.43974e-05 3.67203
267 3.25421e-05 2.14972e-05 4.05353 2.39941e-05 1.40987e-05 3.47618
268 3.24944e-05 2.1041e-05 3.90497 2.48796e-05 1.46639e-05 3.60239
269 2.88656e-05 1.96267e-05 3.65402 2.61894e-05 1.44607e-05 3.65497
270 2.91695e-05 2.18667e-05 3.99142 2.66959e-05 1.47519e-05 3.71935
271 3.0177e-05 1.9954e-05 3.91228 2.54857e-05 1.39674e-05 3.50013
272 3.07317e-05 2.1098e-05 3.8728 2.60048e-05 1.4682e-05 3.6824
273 3.07584e-05 2.13508e-05 3.9203 2.57983e-05 1.45063e-05 3.64681
274 3.02539e-05 2.13735e-05 3.85462 2.55067e-05 1.48343e-05 3.71107
275 2.94503e-05 2.10616e-05 3.93711 2.67697e-05 1.4757e-05 3.75095
276 3.17649e-05 2.162e-05 3.99867 2.53254e-05 1.44117e-05 3.58601
277 2.95338e-05 2.08715e-05 3.81009 2.55371e-05 1.46371e-05 3.65741
278 3.05908e-05 2.06186e-05 3.83895 2.70244e-05 1.45787e-05 3.75418
279 3.05353e-05 1.89694e-05 3.57022 2.67282e-05 1.44429e-05 3.69111
280 2.91295e-05 2.11271e-05 3.8404 2.6246e-05 1.5046e-05 3.7713
281 2.98779e-05 1.96002e-05 3.60712 2.57317e-05 1.42733e-05 3.60766
282 2.88614e-05 1.9683e-05 3.61381 2.59287e-05 1.42249e-05 3.59701
283 2.95263e-05 1.88571e-05 3.59839 2.58389e-05 1.37971e-05 3.52897
284 2.93293e-05 2.07457e-05 3.67165 2.56902e-05 1.4135e-05 3.58086
285 2.95912e-05 2.03302e-05 3.74198 2.61196e-05 1.44221e-05 3.65646
286 2.95517e-05 2.18608e-05 3.89029 2.63825e-05 1.49185e-05 3.75597
287 3.04011e-05 2.03076e-05 3.86617 2.60269e-05 1.46166e-05 3.69125
288 2.87604e-05 2.03562e-05 3.80843 2.64917e-05 1.49356e-05 3.77375
289 3.14895e-05 1.99337e-05 3.85133 2.48184e-05 1.37193e-05 3.47513
290 2.94396e-05 1.96403e-05 3.68076 2.6248e-05 1.42178e-05 3.61749
291 3.09696e-05 2.02533e-05 3.75977 2.53409e-05 1.38104e-05 3.51003
292 2.95934e-05 2.00479e-05 3.77365 2.60139e-05 1.42424e-05 3.60635
293 3.14147e-05 2.13115e-05 3.82918 2.50441e-05 1.53983e-05 3.76792
294 2.93018e-05 2.05893e-05 3.70322 2.64673e-05 1.49445e-05 3.76941
295 3.09055e-05 2.09306e-05 3.96873 2.56856e-05 1.42984e-05 3.61596
296 2.93541e-05 2.01062e-05 3.82739 2.53395e-05 1.4174e-05 3.59682
297 3.07253e-05 2.01005e-05 3.84253 2.66939e-05 1.46679e-05 3.70412
298 3.0802e-05 2.06924e-05 3.77812 2.65985e-05 1.43467e-05 3.68877
299 3.09845e-05 1.89276e-05 3.68842 2.47028e-05 1.40975e-05 3.51749
300 3.04525e-05 1.97598e-05 3.75949 2.56725e-05 1.49636e-05 3.71377
