# ../optics --mode=conv_modified_vs_classical --conv-start=10 --conv-end=1000 --values-start=0.5 --values-end=1 --repetitions=1000 --xsigma=7 --output-file=comparison_1000_32_1000_xsigma7.txt --multiplier=32 ldata.txt
10 8.26243e-05 6.63426e-05 12.8421 5.90972e-05 4.08195e-05 8.26864
11 7.51168e-05 6.39438e-05 12.5348 5.43898e-05 3.74443e-05 7.78226
12 6.62203e-05 6.7157e-05 12.8427 4.95764e-05 3.75724e-05 7.48003
13 6.74876e-05 6.05243e-05 11.5713 4.71906e-05 3.58023e-05 7.13088
14 5.8738e-05 5.81621e-05 10.8196 4.32549e-05 3.2773e-05 6.47969
15 6.02808e-05 5.79064e-05 10.6946 4.37317e-05 3.24659e-05 6.45325
16 5.05019e-05 5.50485e-05 10.1704 3.97764e-05 3.07982e-05 6.05295
17 5.23607e-05 5.17222e-05 9.66471 4.05312e-05 2.88178e-05 5.77621
18 5.00412e-05 5.28941e-05 9.82831 3.76547e-05 2.88584e-05 5.66463
19 4.78381e-05 5.25416e-05 9.69886 3.78166e-05 2.68728e-05 5.39985
20 4.85077e-05 5.12436e-05 9.52437 3.67577e-05 2.71483e-05 5.31549
21 4.36256e-05 4.7963e-05 8.83407 3.44163e-05 2.57356e-05 5.03042
22 4.35225e-05 4.69333e-05 8.68442 3.44077e-05 2.5212e-05 4.91153
23 4.19578e-05 4.64297e-05 8.54845 3.15433e-05 2.45514e-05 4.8493
24 4.31684e-05 4.74337e-05 8.77504 3.29755e-05 2.50041e-05 4.92288
25 3.90233e-05 4.61837e-05 8.60858 3.21821e-05 2.4252e-05 4.89452
26 4.00658e-05 4.37721e-05 8.06531 3.11023e-05 2.26866e-05 4.42302
27 3.89781e-05 4.37003e-05 7.96996 3.1647e-05 2.27486e-05 4.46982
28 3.66112e-05 4.53961e-05 8.3775 2.95752e-05 2.39078e-05 4.65064
29 3.66102e-05 4.50648e-05 8.0978 2.83281e-05 2.29309e-05 4.45273
30 3.63018e-05 4.13814e-05 7.49748 3.06237e-05 2.16694e-05 4.34564
31 3.35805e-05 4.24332e-05 7.59778 2.74753e-05 2.21775e-05 4.18098
32 3.45341e-05 4.29625e-05 7.73048 2.70479e-05 2.19483e-05 4.16761
33 3.29342e-05 4.0777e-05 7.46214 2.71381e-05 2.15408e-05 4.20945
34 3.28478e-05 3.96101e-05 7.21668 2.67742e-05 2.02706e-05 3.90397
35 3.3058e-05 4.13683e-05 7.62941 2.6916e-05 2.13461e-05 4.21773
36 3.24979e-05 3.89814e-05 7.04137 2.60503e-05 1.95409e-05 3.70721
37 3.11649e-05 3.99977e-05 7.17217 2.58857e-05 1.98288e-05 3.72758
38 3.06957e-05 3.8921e-05 7.02334 2.50432e-05 2.02826e-05 3.90663
39 3.06862e-05 3.96695e-05 7.19597 2.48744e-05 1.88392e-05 3.61677
40 3.14255e-05 3.88595e-05 7.01817 2.51878e-05 1.93065e-05 3.75708
41 3.09096e-05 4.02718e-05 7.26629 2.47986e-05 2.01371e-05 3.84396
42 2.96718e-05 3.60735e-05 6.61713 2.41366e-05 1.82686e-05 3.51533
43 2.99229e-05 3.93892e-05 7.04482 2.34778e-05 1.90213e-05 3.60992
44 2.81348e-05 3.7366e-05 6.68152 2.27481e-05 1.85363e-05 3.53754
45 2.65493e-05 3.56236e-05 6.31193 2.22975e-05 1.78213e-05 3.38821
46 2.74877e-05 3.57821e-05 6.49761 2.26779e-05 1.76938e-05 3.44808
47 2.7038e-05 3.43971e-05 6.18447 2.23736e-05 1.77242e-05 3.28602
48 2.64038e-05 3.67596e-05 6.60481 2.21051e-05 1.82231e-05 3.4055
49 2.55384e-05 3.60706e-05 6.38059 2.12237e-05 1.79075e-05 3.34916
50 2.76346e-05 3.5595e-05 6.55833 2.2458e-05 1.69211e-05 3.32369
51 2.70845e-05 3.42204e-05 6.21022 2.18448e-05 1.7018e-05 3.21691
52 2.69664e-05 3.48356e-05 6.31227 2.23854e-05 1.67256e-05 3.22825
53 2.67171e-05 3.53652e-05 6.29431 2.20113e-05 1.75873e-05 3.25322
54 2.6253e-05 3.29104e-05 6.0165 2.17995e-05 1.60623e-05 3.07919
55 2.51537e-05 3.5066e-05 6.34425 2.10899e-05 1.70395e-05 3.24027
56 2.51489e-05 3.28148e-05 5.85712 2.06491e-05 1.6173e-05 2.99271
57 2.5022e-05 3.45447e-05 6.0851 2.00798e-05 1.67131e-05 3.04192
58 2.52415e-05 3.59255e-05 6.38892 1.99642e-05 1.65854e-05 3.0698
59 2.32283e-05 3.41554e-05 6.10053 1.96063e-05 1.6719e-05 3.12698
60 2.59593e-05 3.23629e-05 5.81151 2.08832e-05 1.57455e-05 3.02641
61 2.43693e-05 3.38095e-05 6.10811 2.00454e-05 1.65298e-05 3.09133
62 2.3886e-05 3.22207e-05 5.81533 1.9634e-05 1.50904e-05 2.88163
63 2.37012e-05 3.35228e-05 5.95853 1.92781e-05 1.58783e-05 2.92705
64 2.29996e-05 3.13239e-05 5.53686 1.95512e-05 1.57664e-05 2.94657
65 2.38511e-05 3.22759e-05 5.8258 2.0037e-05 1.5312e-05 2.899
66 2.36656e-05 3.27503e-05 5.79215 1.9081e-05 1.64607e-05 3.00348
67 2.33186e-05 3.30437e-05 5.84409 1.82888e-05 1.56335e-05 2.86838
68 2.32843e-05 3.07219e-05 5.44715 1.92079e-05 1.50927e-05 2.78899
69 2.21775e-05 3.02759e-05 5.44681 1.84389e-05 1.55179e-05 2.89655
70 2.25292e-05 3.08901e-05 5.48308 1.88684e-05 1.53334e-05 2.8956
71 2.1926e-05 3.29666e-05 5.81614 1.79169e-05 1.55016e-05 2.84023
72 2.20071e-05 3.02195e-05 5.42381 1.77452e-05 1.41837e-05 2.65667
73 2.2771e-05 3.12016e-05 5.48943 1.82589e-05 1.50864e-05 2.69265
74 2.17869e-05 3.14706e-05 5.48258 1.79268e-05 1.49398e-05 2.70217
75 2.17525e-05 3.22696e-05 5.80969 1.7271e-05 1.42462e-05 2.67375
76 2.17278e-05 2.95301e-05 5.21682 1.83642e-05 1.42152e-05 2.63812
77 2.27218e-05 2.95014e-05 5.29792 1.88215e-05 1.4402e-05 2.73368
78 2.17455e-05 3.03093e-05 5.4225 1.73437e-05 1.45273e-05 2.68
79 2.12841e-05 3.07712e-05 5.37665 1.72145e-05 1.40713e-05 2.59105
80 2.21535e-05 3.20629e-05 5.70089 1.74637e-05 1.42834e-05 2.62852
81 2.11414e-05 2.94057e-05 5.24357 1.74878e-05 1.38844e-05 2.54784
82 2.14217e-05 3.0543e-05 5.32395 1.70591e-05 1.38475e-05 2.50253
83 2.08518e-05 2.89094e-05 5.13878 1.71443e-05 1.33728e-05 2.41796
84 2.07492e-05 2.92888e-05 5.2186 1.69394e-05 1.39783e-05 2.55654
85 2.10495e-05 2.94437e-05 5.24093 1.67356e-05 1.33113e-05 2.4458
86 2.05495e-05 3.01463e-05 5.34567 1.66147e-05 1.43448e-05 2.64324
87 1.95047e-05 3.01783e-05 5.35981 1.63172e-05 1.39731e-05 2.55539
88 2.05525e-05 2.94632e-05 5.29877 1.63767e-05 1.34793e-05 2.51357
89 1.98163e-05 2.85318e-05 5.06512 1.64914e-05 1.37377e-05 2.53617
90 1.97687e-05 3.05094e-05 5.35374 1.63248e-05 1.41928e-05 2.55736
91 2.024e-05 2.81324e-05 5.0627 1.65035e-05 1.28824e-05 2.39845
92 2.12285e-05 2.82853e-05 5.07248 1.70756e-05 1.29854e-05 2.42515
93 2.01523e-05 2.92729e-05 5.16464 1.62596e-05 1.32387e-05 2.41335
94 1.95977e-05 3.00276e-05 5.29681 1.56855e-05 1.33897e-05 2.42913
95 2.09495e-05 3.21875e-05 5.6547 1.64536e-05 1.40457e-05 2.54067
96 1.95403e-05 3.05605e-05 5.36445 1.5979e-05 1.42019e-05 2.57473
97 1.99467e-05 2.985e-05 5.16319 1.58924e-05 1.35384e-05 2.36544
98 1.91603e-05 2.78912e-05 5.00929 1.56334e-05 1.29512e-05 2.39877
99 1.95362e-05 2.91638e-05 5.12191 1.56291e-05 1.35025e-05 2.43996
100 1.88319e-05 2.93907e-05 5.13212 1.53853e-05 1.26476e-05 2.28753
101 1.93997e-05 2.78729e-05 4.96797 1.54402e-05 1.26903e-05 2.36385
102 1.86281e-05 2.78165e-05 4.84972 1.49442e-05 1.26673e-05 2.27627
103 1.97141e-05 2.85238e-05 4.94585 1.57664e-05 1.27094e-05 2.27524
104 1.98e-05 2.80337e-05 4.97565 1.58433e-05 1.30042e-05 2.33131
105 1.93338e-05 2.85619e-05 4.99709 1.52564e-05 1.31082e-05 2.38419
106 1.8569e-05 2.74618e-05 4.79436 1.52391e-05 1.26745e-05 2.23873
107 1.88071e-05 2.65674e-05 4.63978 1.55104e-05 1.26777e-05 2.29882
108 1.89928e-05 2.79959e-05 4.91255 1.4706e-05 1.28416e-05 2.28342
109 1.82673e-05 2.72647e-05 4.79828 1.5216e-05 1.26171e-05 2.2208
110 1.88435e-05 2.82246e-05 4.95976 1.47516e-05 1.27391e-05 2.22771
111 1.76529e-05 2.70789e-05 4.69522 1.41659e-05 1.24612e-05 2.20334
112 1.81753e-05 2.91327e-05 5.10251 1.42211e-05 1.31979e-05 2.31957
113 1.78655e-05 2.89742e-05 5.05581 1.44906e-05 1.28785e-05 2.24171
114 1.81748e-05 2.86156e-05 5.00803 1.42012e-05 1.238e-05 2.17621
115 1.70118e-05 2.73405e-05 4.78404 1.41666e-05 1.2308e-05 2.22149
116 1.81395e-05 2.6708e-05 4.69961 1.49739e-05 1.22454e-05 2.21606
117 1.77459e-05 2.82355e-05 4.95609 1.42976e-05 1.23366e-05 2.17617
118 1.80291e-05 2.72481e-05 4.76889 1.45382e-05 1.22248e-05 2.18646
119 1.78811e-05 2.71712e-05 4.70782 1.4186e-05 1.25227e-05 2.25443
120 1.70467e-05 2.6688e-05 4.71373 1.399e-05 1.21742e-05 2.1982
121 1.70464e-05 2.74548e-05 4.72592 1.3995e-05 1.21037e-05 2.11944
122 1.8099e-05 2.81621e-05 4.86325 1.44204e-05 1.2305e-05 2.1371
123 1.76604e-05 2.665e-05 4.72318 1.41747e-05 1.17483e-05 2.05364
124 1.77501e-05 2.6325e-05 4.5027 1.4355e-05 1.21681e-05 2.12785
125 1.80832e-05 3.05674e-05 5.30251 1.4458e-05 1.25832e-05 2.23282
126 1.74793e-05 2.85005e-05 4.97779 1.3571e-05 1.22137e-05 2.12507
127 1.7347e-05 2.87619e-05 4.98824 1.39164e-05 1.24983e-05 2.197
128 1.78825e-05 2.62663e-05 4.62661 1.39297e-05 1.17718e-05 2.08318
129 1.71595e-05 2.63442e-05 4.6235 1.36507e-05 1.19096e-05 2.11487
130 1.7919e-05 2.65185e-05 4.58992 1.43151e-05 1.14916e-05 1.99151
131 1.73375e-05 2.70539e-05 4.67167 1.37199e-05 1.23251e-05 2.18076
132 1.7507e-05 2.82587e-05 4.86328 1.42609e-05 1.2219e-05 2.10796
133 1.6423e-05 2.56547e-05 4.47315 1.31116e-05 1.14659e-05 1.99351
134 1.69543e-05 2.65638e-05 4.59836 1.34633e-05 1.19658e-05 2.07355
135 1.77612e-05 2.77002e-05 4.78303 1.43249e-05 1.22192e-05 2.13192
136 1.66395e-05 2.62912e-05 4.55814 1.33393e-05 1.18693e-05 2.11319
137 1.66387e-05 2.67037e-05 4.65506 1.33367e-05 1.11469e-05 1.94831
138 1.71016e-05 2.69263e-05 4.68164 1.38012e-05 1.1471e-05 2.03177
139 1.68319e-05 2.81419e-05 4.8698 1.32842e-05 1.20245e-05 2.04612
140 1.63616e-05 2.70024e-05 4.68871 1.2952e-05 1.17606e-05 2.02774
141 1.70145e-05 2.68453e-05 4.65453 1.32688e-05 1.1484e-05 1.96026
142 1.70832e-05 2.67048e-05 4.61538 1.36793e-05 1.18512e-05 2.03441
143 1.65196e-05 2.65229e-05 4.63728 1.32918e-05 1.13652e-05 2.03371
144 1.68396e-05 2.76887e-05 4.7996 1.31674e-05 1.16792e-05 2.01052
145 1.67031e-05 2.7865e-05 4.82258 1.3298e-05 1.22434e-05 2.09568
146 1.61394e-05 2.72992e-05 4.6438 1.27472e-05 1.17642e-05 1.99831
147 1.61287e-05 2.66426e-05 4.58279 1.29536e-05 1.22066e-05 2.07962
148 1.54945e-05 2.52966e-05 4.39468 1.21084e-05 1.11676e-05 1.92303
149 1.6782e-05 2.67701e-05 4.5864 1.30025e-05 1.20565e-05 2.01369
150 1.60522e-05 2.70242e-05 4.62584 1.24597e-05 1.16663e-05 1.97167
151 1.68824e-05 2.63329e-05 4.59284 1.32638e-05 1.1364e-05 2.00571
152 1.5962e-05 2.52753e-05 4.44249 1.25573e-05 1.12685e-05 1.96375
153 1.63221e-05 2.59484e-05 4.50172 1.28678e-05 1.14127e-05 1.97828
154 1.62657e-05 2.64465e-05 4.58176 1.27401e-05 1.1166e-05 1.9064
155 1.61945e-05 2.596e-05 4.46758 1.29205e-05 1.15528e-05 1.95806
156 1.60219e-05 2.70314e-05 4.69917 1.25295e-05 1.12313e-05 1.97109
157 1.66498e-05 2.62372e-05 4.50173 1.30694e-05 1.14548e-05 1.94838
158 1.60332e-05 2.55057e-05 4.47586 1.2973e-05 1.11228e-05 1.94971
159 1.60883e-05 2.65159e-05 4.56547 1.25267e-05 1.15519e-05 1.98208
160 1.57703e-05 2.69547e-05 4.63533 1.25372e-05 1.12895e-05 1.92597
161 1.53521e-05 2.46664e-05 4.27546 1.19656e-05 1.12406e-05 1.87688
162 1.52849e-05 2.42007e-05 4.23062 1.20006e-05 1.08049e-05 1.88856
163 1.53751e-05 2.4975e-05 4.31001 1.21513e-05 1.10431e-05 1.90062
164 1.64194e-05 2.55506e-05 4.4048 1.28079e-05 1.09251e-05 1.85307
165 1.60281e-05 2.57773e-05 4.4019 1.28005e-05 1.14e-05 1.94971
166 1.57286e-05 2.61163e-05 4.49059 1.22521e-05 1.08304e-05 1.83019
167 1.46289e-05 2.70046e-05 4.63091 1.18801e-05 1.10341e-05 1.87825
168 1.57359e-05 2.46429e-05 4.22354 1.22683e-05 1.1298e-05 1.90561
169 1.57658e-05 2.60025e-05 4.45664 1.23304e-05 1.15215e-05 1.94886
170 1.53655e-05 2.66736e-05 4.62935 1.18885e-05 1.16176e-05 1.96533
171 1.54667e-05 2.50206e-05 4.28004 1.20253e-05 1.11217e-05 1.86043
172 1.60736e-05 2.62056e-05 4.46746 1.2414e-05 1.13209e-05 1.89965
173 1.49045e-05 2.53965e-05 4.40435 1.18649e-05 1.0848e-05 1.86569
174 1.48297e-05 2.62286e-05 4.50256 1.18882e-05 1.11874e-05 1.90719
175 1.47194e-05 2.5993e-05 4.44359 1.18794e-05 1.12797e-05 1.92259
176 1.48898e-05 2.6632e-05 4.5536 1.21176e-05 1.12239e-05 1.89572
177 1.50466e-05 2.53172e-05 4.3322 1.16875e-05 1.09774e-05 1.82144
178 1.50428e-05 2.54164e-05 4.37659 1.16588e-05 1.11557e-05 1.89615
179 1.50395e-05 2.5068e-05 4.33956 1.17109e-05 1.08511e-05 1.84274
180 1.45166e-05 2.51181e-05 4.34119 1.13165e-05 1.0797e-05 1.82864
181 1.49956e-05 2.59136e-05 4.36643 1.22707e-05 1.11228e-05 1.88002
182 1.4974e-05 2.62927e-05 4.51851 1.17301e-05 1.08918e-05 1.79494
183 1.54396e-05 2.33258e-05 4.03184 1.15723e-05 1.03007e-05 1.72045
184 1.46006e-05 2.574e-05 4.41245 1.13194e-05 1.06613e-05 1.7989
185 1.51402e-05 2.538e-05 4.33364 1.18469e-05 1.08884e-05 1.82132
186 1.50976e-05 2.47024e-05 4.26361 1.18628e-05 1.04665e-05 1.8034
187 1.53047e-05 2.54519e-05 4.33259 1.16185e-05 1.07184e-05 1.79137
188 1.50338e-05 2.4106e-05 4.07722 1.17085e-05 1.05639e-05 1.74255
189 1.48081e-05 2.549e-05 4.36501 1.13194e-05 1.0776e-05 1.81004
190 1.46169e-05 2.6329e-05 4.49069 1.14977e-05 1.07725e-05 1.81078
191 1.47263e-05 2.37175e-05 4.07527 1.15339e-05 1.02276e-05 1.76336
192 1.47506e-05 2.33843e-05 4.01516 1.12703e-05 1.02149e-05 1.6961
193 1.43947e-05 2.4332e-05 4.23624 1.08602e-05 1.05668e-05 1.75391
194 1.43209e-05 2.518e-05 4.30329 1.13003e-05 1.06574e-05 1.79469
195 1.40849e-05 2.3684e-05 4.01158 1.09457e-05 1.03219e-05 1.73393
196 1.47042e-05 2.49736e-05 4.20651 1.18072e-05 1.05858e-05 1.7494
197 1.4019e-05 2.44686e-05 4.2057 1.11001e-05 1.04318e-05 1.76836
198 1.50955e-05 2.44569e-05 4.18096 1.16101e-05 1.04093e-05 1.74495
199 1.46743e-05 2.45456e-05 4.18374 1.12034e-05 1.1027e-05 1.81058
200 1.46119e-05 2.34301e-05 3.9628 1.13068e-05 1.04216e-05 1.73485
201 1.43535e-05 2.4732e-05 4.20348 1.11783e-05 1.04227e-05 1.75557
202 1.3455e-05 2.46588e-05 4.18942 1.07155e-05 1.04359e-05 1.73174
203 1.42345e-05 2.40762e-05 4.1414 1.06891e-05 1.01839e-05 1.71688
204 1.40284e-05 2.54294e-05 4.33652 1.11079e-05 1.05476e-05 1.73011
205 1.39587e-05 2.37313e-05 4.10321 1.10475e-05 1.01182e-05 1.7352
206 1.46036e-05 2.35347e-05 4.02088 1.15044e-05 9.99566e-06 1.70197
207 1.44399e-05 2.45001e-05 4.19081 1.13484e-05 1.0457e-05 1.72959
208 1.38113e-05 2.52347e-05 4.30401 1.09994e-05 1.05792e-05 1.77103
209 1.44478e-05 2.35543e-05 3.99232 1.12994e-05 1.01122e-05 1.67959
210 1.34251e-05 2.47733e-05 4.13927 1.05562e-05 1.07169e-05 1.74823
211 1.33829e-05 2.47e-05 4.23951 1.04847e-05 1.00764e-05 1.70553
212 1.45598e-05 2.39919e-05 4.10034 1.14485e-05 1.04488e-05 1.74092
213 1.45196e-05 2.60478e-05 4.39089 1.14381e-05 1.0612e-05 1.76267
214 1.36875e-05 2.51133e-05 4.27202 1.0621e-05 1.05946e-05 1.73127
215 1.41974e-05 2.48555e-05 4.18785 1.10685e-05 1.0627e-05 1.74911
216 1.41944e-05 2.41686e-05 4.0965 1.09271e-05 1.0433e-05 1.69202
217 1.40519e-05 2.55307e-05 4.29666 1.04117e-05 1.08092e-05 1.72051
218 1.44504e-05 2.47777e-05 4.17257 1.12443e-05 9.98496e-06 1.63089
219 1.3778e-05 2.71654e-05 4.52177 1.0551e-05 1.09213e-05 1.74795
220 1.47203e-05 2.43465e-05 4.17555 1.15849e-05 1.00542e-05 1.63335
221 1.37169e-05 2.30191e-05 3.85871 1.05548e-05 1.00771e-05 1.60067
222 1.46698e-05 2.5489e-05 4.32075 1.13821e-05 1.0722e-05 1.76986
223 1.36286e-05 2.30714e-05 3.88467 1.05704e-05 9.68086e-06 1.58985
224 1.40718e-05 2.40119e-05 4.04432 1.07047e-05 1.04222e-05 1.71928
225 1.38796e-05 2.54106e-05 4.26953 1.06022e-05 1.05311e-05 1.70222
226 1.41177e-05 2.36591e-05 3.99665 1.09107e-05 1.00955e-05 1.66428
227 1.41729e-05 2.32738e-05 3.88632 1.08707e-05 9.9616e-06 1.56298
228 1.36815e-05 2.40827e-05 4.05537 1.0665e-05 1.01618e-05 1.64682
229 1.41228e-05 2.41649e-05 4.08292 1.07611e-05 1.04791e-05 1.72915
230 1.41049e-05 2.38669e-05 3.99522 1.06696e-05 1.00014e-05 1.59528
231 1.32772e-05 2.35833e-05 4.03732 1.0369e-05 9.92646e-06 1.68068
232 1.34742e-05 2.43426e-05 4.10495 1.05217e-05 1.02612e-05 1.63835
233 1.37884e-05 2.47401e-05 4.17021 1.07286e-05 1.04579e-05 1.71259
234 1.36736e-05 2.55409e-05 4.31148 1.06635e-05 1.05876e-05 1.73357
235 1.38629e-05 2.53488e-05 4.30116 1.11581e-05 1.03133e-05 1.70127
236 1.34642e-05 2.48135e-05 4.27409 1.04194e-05 9.88433e-06 1.59306
237 1.42739e-05 2.30538e-05 3.87808 1.10363e-05 1.00672e-05 1.63527
238 1.40043e-05 2.26806e-05 3.82045 1.10119e-05 9.59324e-06 1.59329
239 1.29129e-05 2.46814e-05 4.23113 9.8409e-06 1.0087e-05 1.65831
240 1.29792e-05 2.48064e-05 4.19175 1.03088e-05 1.01876e-05 1.63468
241 1.37945e-05 2.42409e-05 4.08086 1.0595e-05 1.03692e-05 1.64663
242 1.33287e-05 2.57539e-05 4.34991 1.05832e-05 9.97439e-06 1.64069
243 1.28647e-05 2.33991e-05 3.89595 1.00583e-05 1.00549e-05 1.61634
244 1.36604e-05 2.34293e-05 3.91307 1.06881e-05 9.93728e-06 1.59062
245 1.32325e-05 2.45199e-05 4.08847 1.04623e-05 1.02668e-05 1.65885
246 1.31104e-05 2.47328e-05 4.12983 1.02904e-05 1.02454e-05 1.67815
247 1.32888e-05 2.46783e-05 4.1899 1.01511e-05 1.0258e-05 1.64948
248 1.39702e-05 2.39516e-05 4.03278 1.0774e-05 1.03173e-05 1.66846
249 1.33151e-05 2.33862e-05 3.98986 1.04229e-05 9.85348e-06 1.58978
250 1.37105e-05 2.43953e-05 4.11582 1.05951e-05 1.01656e-05 1.65583
251 1.34732e-05 2.32956e-05 3.94279 1.00872e-05 9.68369e-06 1.5705
252 1.28465e-05 2.51673e-05 4.2544 1.00049e-05 1.0346e-05 1.68744
253 1.29085e-05 2.3931e-05 4.01537 9.9753e-06 9.85814e-06 1.60115
254 1.32928e-05 2.34198e-05 3.95534 1.02605e-05 1.00651e-05 1.60426
255 1.31683e-05 2.33299e-05 3.90837 1.01833e-05 9.92743e-06 1.59968
256 1.30534e-05 2.40936e-05 4.08805 1.02099e-05 9.98941e-06 1.63074
257 1.37237e-05 2.46716e-05 4.12233 1.06958e-05 1.00743e-05 1.62459
258 1.26871e-05 2.50323e-05 4.16966 9.96711e-06 1.01208e-05 1.59588
259 1.28743e-05 2.2824e-05 3.86454 9.48724e-06 9.5118e-06 1.53035
260 1.24587e-05 2.37445e-05 3.99583 9.38284e-06 1.00054e-05 1.62205
261 1.31295e-05 2.45607e-05 4.12642 1.00865e-05 9.93299e-06 1.60175
262 1.27739e-05 2.16402e-05 3.5981 9.80767e-06 9.54683e-06 1.53136
263 1.30907e-05 2.36788e-05 3.98705 1.01639e-05 9.98647e-06 1.5633
264 1.25872e-05 2.38211e-05 3.95547 9.70044e-06 9.79394e-06 1.52469
265 1.27711e-05 2.49977e-05 4.22767 9.89685e-06 9.68151e-06 1.535
266 1.26899e-05 2.34484e-05 3.93667 9.90788e-06 9.73447e-06 1.54367
267 1.32399e-05 2.36285e-05 3.91212 1.03453e-05 9.66857e-06 1.51851
268 1.2994e-05 2.27052e-05 3.79197 1.00874e-05 9.98318e-06 1.61587
269 1.2865e-05 2.26677e-05 3.85172 9.59444e-06 9.29668e-06 1.47729
270 1.26418e-05 2.48642e-05 4.20345 9.80461e-06 1.01397e-05 1.64184
271 1.27132e-05 2.37686e-05 3.99506 9.73814e-06 9.58874e-06 1.54958
272 1.29377e-05 2.43432e-05 4.08019 9.75317e-06 9.68964e-06 1.52971
273 1.28081e-05 2.42507e-05 4.03161 1.00871e-05 9.99952e-06 1.57919
274 1.31406e-05 2.42049e-05 4.06213 9.90734e-06 1.00425e-05 1.57443
275 1.33536e-05 2.27109e-05 3.80641 1.01449e-05 9.53427e-06 1.52987
276 1.23862e-05 2.41699e-05 4.07143 9.43457e-06 9.98707e-06 1.5763
277 1.25887e-05 2.4351e-05 4.05438 9.65838e-06 1.00217e-05 1.5787
278 1.26935e-05 2.29625e-05 3.90096 9.8244e-06 9.57173e-06 1.55129
279 1.25777e-05 2.44907e-05 4.10206 9.55209e-06 9.79713e-06 1.55401
280 1.26787e-05 2.3917e-05 4.00238 9.7669e-06 9.83646e-06 1.56566
281 1.30775e-05 2.45577e-05 4.1029 1.00967e-05 9.62907e-06 1.53221
282 1.30425e-05 2.31145e-05 3.87973 9.94073e-06 9.86392e-06 1.5742
283 1.23741e-05 2.42049e-05 3.99598 9.56856e-06 1.02108e-05 1.59181
284 1.24177e-05 2.47067e-05 4.11604 9.65792e-06 9.96768e-06 1.57957
285 1.26468e-05 2.30449e-05 3.8079 9.91533e-06 9.59158e-06 1.50928
286 1.2732e-05 2.38407e-05 3.94117 9.91878e-06 9.86106e-06 1.57433
287 1.23927e-05 2.42618e-05 4.0377 9.25102e-06 1.00193e-05 1.56017
288 1.25251e-05 2.2654e-05 3.72755 9.27e-06 9.92432e-06 1.52519
289 1.20956e-05 2.36675e-05 3.94523 9.20382e-06 9.81448e-06 1.55061
290 1.29766e-05 2.30551e-05 3.85902 1.02468e-05 9.65257e-06 1.55527
291 1.28357e-05 2.30367e-05 3.81381 9.61202e-06 9.70644e-06 1.53399
292 1.30582e-05 2.36415e-05 3.93619 9.96156e-06 9.75269e-06 1.53182
293 1.27776e-05 2.4026e-05 3.97028 9.93391e-06 9.93726e-06 1.56408
294 1.23105e-05 2.29997e-05 3.86358 9.30929e-06 9.73424e-06 1.52102
295 1.22355e-05 2.39754e-05 3.95996 9.79502e-06 9.52911e-06 1.49835
296 1.24356e-05 2.36245e-05 3.92555 9.50088e-06 9.72753e-06 1.52744
297 1.2248e-05 2.33819e-05 3.94994 9.48856e-06 9.73686e-06 1.57486
298 1.27698e-05 2.38635e-05 3.97203 9.57939e-06 9.52967e-06 1.47849
299 1.28075e-05 2.34099e-05 3.92548 9.79342e-06 9.74349e-06 1.54164
300 1.19932e-05 2.33398e-05 3.91308 9.19977e-06 9.57135e-06 1.52313
301 1.23607e-05 2.4256e-05 3.98779 9.73636e-06 9.48761e-06 1.46407
302 1.26604e-05 2.26666e-05 3.76613 9.65711e-06 9.40278e-06 1.48193
303 1.20675e-05 2.32679e-05 3.89445 9.27649e-06 9.62687e-06 1.50355
304 1.22718e-05 2.2383e-05 3.68389 9.30647e-06 9.22422e-06 1.46758
305 1.22807e-05 2.34272e-05 3.89418 9.55276e-06 9.68637e-06 1.51543
306 1.18757e-05 2.37127e-05 3.90287 9.2269e-06 9.74182e-06 1.51548
307 1.25524e-05 2.33044e-05 3.82835 9.35895e-06 9.76498e-06 1.50759
308 1.1964e-05 2.37242e-05 3.93515 9.20987e-06 9.40127e-06 1.4707
309 1.21174e-05 2.44709e-05 4.02599 9.32311e-06 1.01305e-05 1.5469
310 1.25845e-05 2.2907e-05 3.77501 9.63994e-06 9.28232e-06 1.44384
311 1.20808e-05 2.32427e-05 3.81015 9.41663e-06 9.36964e-06 1.43342
312 1.24225e-05 2.32234e-05 3.77355 9.62648e-06 9.74776e-06 1.50712
313 1.21559e-05 2.37836e-05 3.92321 9.30276e-06 9.62563e-06 1.49157
314 1.15292e-05 2.39508e-05 3.92322 8.83468e-06 9.88405e-06 1.50639
315 1.20786e-05 2.35561e-05 3.96761 9.34462e-06 9.56212e-06 1.49785
316 1.24983e-05 2.20293e-05 3.64671 9.39874e-06 9.11164e-06 1.40733
317 1.18311e-05 2.36165e-05 3.8617 8.99477e-06 9.87184e-06 1.52344
318 1.19129e-05 2.37809e-05 3.94172 9.00113e-06 9.69997e-06 1.48504
319 1.23811e-05 2.26161e-05 3.71907 9.30298e-06 9.57786e-06 1.50011
320 1.16928e-05 2.30996e-05 3.86573 8.78645e-06 9.26593e-06 1.46129
321 1.17789e-05 2.31772e-05 3.80211 8.93927e-06 9.87446e-06 1.5214
322 1.23522e-05 2.3939e-05 3.94857 9.02283e-06 9.63997e-06 1.45872
323 1.27371e-05 2.30786e-05 3.78464 9.59699e-06 9.52166e-06 1.44498
324 1.26083e-05 2.40155e-05 3.97778 9.7205e-06 9.50602e-06 1.46504
325 1.20384e-05 2.40563e-05 4.00112 9.06448e-06 9.61017e-06 1.47011
326 1.23794e-05 2.30954e-05 3.80361 9.3237e-06 9.14893e-06 1.39892
327 1.22127e-05 2.31667e-05 3.80832 9.41711e-06 9.75113e-06 1.49045
328 1.20108e-05 2.2602e-05 3.68726 9.05704e-06 9.45735e-06 1.44959
329 1.20522e-05 2.30245e-05 3.78688 9.45777e-06 9.34452e-06 1.4443
330 1.21514e-05 2.33795e-05 3.86683 8.98396e-06 9.40893e-06 1.44844
331 1.20561e-05 2.2879e-05 3.75885 9.25222e-06 9.30594e-06 1.43086
332 1.17804e-05 2.3986e-05 3.93976 9.05848e-06 9.58705e-06 1.46419
333 1.17568e-05 2.29743e-05 3.83706 8.83741e-06 9.38837e-06 1.46349
334 1.16793e-05 2.31781e-05 3.81745 8.66925e-06 9.20532e-06 1.40289
335 1.20457e-05 2.19052e-05 3.62622 8.96901e-06 9.07105e-06 1.37515
336 1.17178e-05 2.35479e-05 3.87992 8.43405e-06 9.63525e-06 1.45656
337 1.18356e-05 2.25556e-05 3.71242 9.15493e-06 9.21415e-06 1.44993
338 1.18624e-05 2.33956e-05 3.81584 9.04324e-06 9.33606e-06 1.41435
339 1.2331e-05 2.18948e-05 3.5973 9.13511e-06 8.78782e-06 1.32914
340 1.18578e-05 2.28426e-05 3.81229 8.72934e-06 9.33087e-06 1.44896
341 1.17692e-05 2.33008e-05 3.87798 8.86411e-06 9.55695e-06 1.47996
342 1.21162e-05 2.19926e-05 3.63487 8.94709e-06 9.17645e-06 1.4184
343 1.16668e-05 2.22924e-05 3.67197 8.63069e-06 9.29655e-06 1.41222
344 1.18785e-05 2.31836e-05 3.80465 8.7767e-06 9.30099e-06 1.43796
345 1.13799e-05 2.26952e-05 3.75595 8.75567e-06 9.51242e-06 1.48994
346 1.12844e-05 2.31623e-05 3.83014 8.43325e-06 9.26932e-06 1.40593
347 1.18994e-05 2.35375e-05 3.88379 9.11202e-06 9.35652e-06 1.42572
348 1.15341e-05 2.17272e-05 3.55895 8.71561e-06 8.9873e-06 1.38679
349 1.20419e-05 2.3599e-05 3.93125 8.83193e-06 1.00316e-05 1.53411
350 1.17853e-05 2.20871e-05 3.65424 8.64322e-06 9.18557e-06 1.39407
351 1.19356e-05 2.39047e-05 3.90527 9.18965e-06 9.50912e-06 1.44751
352 1.14099e-05 2.27795e-05 3.72326 8.56092e-06 9.50246e-06 1.42528
353 1.15516e-05 2.29491e-05 3.78768 8.82405e-06 9.35846e-06 1.43209
354 1.13903e-05 2.39499e-05 3.95848 8.56777e-06 9.31732e-06 1.3874
355 1.18712e-05 2.17771e-05 3.5542 8.97367e-06 9.28869e-06 1.38861
356 1.19174e-05 2.25976e-05 3.69933 8.68996e-06 9.24495e-06 1.40077
357 1.19706e-05 2.28892e-05 3.74979 8.86852e-06 9.1723e-06 1.39558
358 1.17551e-05 2.32797e-05 3.84499 8.69689e-06 9.50315e-06 1.44546
359 1.14759e-05 2.2933e-05 3.7316 8.63409e-06 9.58461e-06 1.43891
360 1.16958e-05 2.36367e-05 3.89047 8.81548e-06 9.34627e-06 1.40728
361 1.14981e-05 2.22291e-05 3.63092 8.89812e-06 9.17998e-06 1.41583
362 1.22087e-05 2.20753e-05 3.61543 9.13038e-06 9.22452e-06 1.41317
363 1.17019e-05 2.36748e-05 3.86145 8.94959e-06 9.50349e-06 1.44133
364 1.12739e-05 2.30025e-05 3.77364 8.63203e-06 9.52081e-06 1.46218
365 1.17051e-05 2.34229e-05 3.87293 8.65305e-06 9.4315e-06 1.42757
366 1.20467e-05 2.34779e-05 3.86461 9.08703e-06 9.33088e-06 1.38899
367 1.15277e-05 2.213e-05 3.6296 8.57734e-06 9.03041e-06 1.37496
368 1.1062e-05 2.4057e-05 4.0406 8.46531e-06 9.45274e-06 1.45521
369 1.2053e-05 2.19689e-05 3.55673 9.10066e-06 9.28299e-06 1.39663
370 1.11254e-05 2.30945e-05 3.79573 8.69552e-06 9.52954e-06 1.45668
371 1.14959e-05 2.29567e-05 3.78033 8.64363e-06 9.39326e-06 1.44609
372 1.14622e-05 2.33873e-05 3.81502 8.68895e-06 9.50566e-06 1.42991
373 1.1695e-05 2.23128e-05 3.644 8.90478e-06 9.23689e-06 1.42097
374 1.18401e-05 2.28953e-05 3.75691 8.65703e-06 9.38965e-06 1.42363
375 1.1841e-05 2.30792e-05 3.72668 8.72095e-06 9.45335e-06 1.40426
376 1.12964e-05 2.28814e-05 3.76341 8.69815e-06 9.21498e-06 1.39403
377 1.10703e-05 2.14611e-05 3.56617 8.04724e-06 9.09035e-06 1.3852
378 1.16133e-05 2.2647e-05 3.71332 8.72005e-06 9.01969e-06 1.36939
379 1.12167e-05 2.35529e-05 3.8563 8.24686e-06 9.35488e-06 1.40179
380 1.12601e-05 2.30385e-05 3.78983 8.36172e-06 9.21616e-06 1.39501
381 1.11016e-05 2.32568e-05 3.82908 8.47087e-06 9.43554e-06 1.45608
382 1.18673e-05 2.27857e-05 3.75665 8.64563e-06 9.07998e-06 1.35711
383 1.16221e-05 2.26371e-05 3.66143 8.67313e-06 9.03114e-06 1.33606
384 1.11613e-05 2.31726e-05 3.76287 8.38638e-06 9.39767e-06 1.39452
385 1.10328e-05 2.25823e-05 3.72889 8.36259e-06 8.97633e-06 1.38011
386 1.14955e-05 2.21735e-05 3.6105 8.66725e-06 9.01893e-06 1.34892
387 1.15156e-05 2.2729e-05 3.70268 8.67584e-06 9.40784e-06 1.41661
388 1.10948e-05 2.358e-05 3.83658 8.23455e-06 9.34776e-06 1.39357
389 1.12441e-05 2.30594e-05 3.81538 8.42815e-06 9.25059e-06 1.40142
390 1.10171e-05 2.21734e-05 3.62842 8.40631e-06 9.28596e-06 1.40774
391 1.10241e-05 2.3905e-05 3.88448 8.24469e-06 9.27722e-06 1.39688
392 1.08245e-05 2.32315e-05 3.79923 8.01673e-06 9.53306e-06 1.45727
393 1.12478e-05 2.33833e-05 3.83014 8.45834e-06 9.40844e-06 1.40391
394 1.13019e-05 2.24445e-05 3.65423 8.34404e-06 9.32185e-06 1.38346
395 1.15795e-05 2.34277e-05 3.82033 8.59261e-06 9.51037e-06 1.39952
396 1.13053e-05 2.43152e-05 4.00106 8.46541e-06 9.31001e-06 1.40021
397 1.11266e-05 2.2676e-05 3.73675 8.44342e-06 9.11096e-06 1.38265
398 1.15409e-05 2.28964e-05 3.68077 8.59343e-06 9.34703e-06 1.38416
399 1.09723e-05 2.29362e-05 3.73447 8.28662e-06 9.25716e-06 1.36682
400 1.08446e-05 2.32447e-05 3.81103 8.19476e-06 9.14504e-06 1.39471
401 1.08342e-05 2.3538e-05 3.81955 8.24078e-06 9.45896e-06 1.41481
402 1.09827e-05 2.23238e-05 3.67826 8.17716e-06 9.23942e-06 1.42419
403 1.12957e-05 2.26019e-05 3.69965 8.34406e-06 9.20259e-06 1.36051
404 1.11019e-05 2.30314e-05 3.77993 8.12824e-06 8.87087e-06 1.30217
405 1.17108e-05 2.32838e-05 3.80549 8.86017e-06 9.48692e-06 1.42686
406 1.0931e-05 2.22217e-05 3.59897 8.27541e-06 9.251e-06 1.36688
407 1.1337e-05 2.29415e-05 3.78276 8.45524e-06 9.18002e-06 1.38516
408 1.14002e-05 2.24605e-05 3.6405 8.35927e-06 9.1833e-06 1.35424
409 1.14799e-05 2.22203e-05 3.61765 8.60796e-06 9.21492e-06 1.38255
410 1.0998e-05 2.35658e-05 3.84372 8.20731e-06 9.60356e-06 1.42744
411 1.11567e-05 2.20012e-05 3.579 8.4536e-06 9.15525e-06 1.38137
412 1.11635e-05 2.2896e-05 3.69299 8.12704e-06 9.3208e-06 1.37243
413 1.06946e-05 2.35045e-05 3.79663 8.17968e-06 9.42384e-06 1.39105
414 1.10155e-05 2.33117e-05 3.82157 8.21702e-06 9.73117e-06 1.45286
415 1.07575e-05 2.23856e-05 3.64634 8.08123e-06 9.11905e-06 1.38597
416 1.05363e-05 2.2445e-05 3.64011 7.88061e-06 9.40912e-06 1.40601
417 1.11334e-05 2.34275e-05 3.81138 8.32962e-06 9.26893e-06 1.40904
418 1.1056e-05 2.1693e-05 3.52327 8.18852e-06 8.88944e-06 1.31887
419 1.10079e-05 2.16568e-05 3.55522 7.96035e-06 8.98115e-06 1.31601
420 1.09977e-05 2.27591e-05 3.66654 8.24073e-06 9.16548e-06 1.37317
421 1.10277e-05 2.26328e-05 3.66088 8.33085e-06 9.24799e-06 1.3668
422 1.09049e-05 2.26477e-05 3.66403 8.24179e-06 9.01698e-06 1.3555
423 1.05107e-05 2.3355e-05 3.80159 7.83774e-06 9.45307e-06 1.41954
424 1.11858e-05 2.20731e-05 3.58227 8.38906e-06 8.85893e-06 1.30825
425 1.11966e-05 2.26045e-05 3.68218 8.29186e-06 9.18621e-06 1.35486
426 1.1053e-05 2.22336e-05 3.54352 8.35205e-06 9.21613e-06 1.33531
427 1.08826e-05 2.22838e-05 3.54949 8.13076e-06 9.33696e-06 1.36871
428 1.11405e-05 2.33429e-05 3.82113 8.26408e-06 9.23145e-06 1.38431
429 1.12005e-05 2.29073e-05 3.76994 8.22203e-06 9.15977e-06 1.38116
430 1.04495e-05 2.38637e-05 3.85997 7.99207e-06 9.50143e-06 1.42641
431 1.11045e-05 2.36744e-05 3.86092 8.20744e-06 9.53855e-06 1.42873
432 1.0966e-05 2.32451e-05 3.71814 8.4755e-06 9.55463e-06 1.41
433 1.04715e-05 2.20087e-05 3.58365 7.5888e-06 9.22144e-06 1.39437
434 1.11429e-05 2.25899e-05 3.64077 8.37406e-06 9.02446e-06 1.30945
435 1.08004e-05 2.23564e-05 3.64087 7.91517e-06 9.08896e-06 1.35264
436 1.06777e-05 2.268e-05 3.70714 8.06003e-06 9.07975e-06 1.34358
437 1.07347e-05 2.30837e-05 3.73993 7.94193e-06 9.24871e-06 1.37361
438 1.10268e-05 2.26576e-05 3.65462 8.19429e-06 9.08756e-06 1.34255
439 1.09068e-05 2.41881e-05 3.91093 8.13153e-06 9.60267e-06 1.42265
440 1.07607e-05 2.41897e-05 3.88582 8.11817e-06 9.52196e-06 1.40246
441 1.0664e-05 2.29858e-05 3.70649 7.96907e-06 9.10703e-06 1.34398
442 1.0934e-05 2.24457e-05 3.60264 8.04766e-06 9.2506e-06 1.35238
443 1.0763e-05 2.22532e-05 3.65497 7.91699e-06 9.11005e-06 1.33274
444 1.11313e-05 2.26723e-05 3.64289 8.22338e-06 9.10974e-06 1.29422
445 1.03032e-05 2.31006e-05 3.75937 7.43372e-06 9.14322e-06 1.33256
446 1.04931e-05 2.24465e-05 3.60771 7.74584e-06 9.18346e-06 1.33601
447 1.12652e-05 2.23514e-05 3.61481 8.21652e-06 9.13466e-06 1.33571
448 1.10179e-05 2.2476e-05 3.63639 8.2083e-06 9.12525e-06 1.32365
449 1.09581e-05 2.28297e-05 3.69638 7.99821e-06 9.09921e-06 1.32648
450 1.07679e-05 2.08038e-05 3.36285 8.00044e-06 8.80618e-06 1.28775
451 1.05886e-05 2.39849e-05 3.91615 7.93919e-06 9.33527e-06 1.35826
452 1.11092e-05 2.15827e-05 3.51807 8.13574e-06 8.92066e-06 1.32414
453 1.06487e-05 2.29987e-05 3.72503 7.98252e-06 9.26863e-06 1.3418
454 1.11645e-05 2.18171e-05 3.489 8.06683e-06 9.0454e-06 1.28773
455 1.04964e-05 2.2694e-05 3.64123 7.59076e-06 9.35267e-06 1.35857
456 1.08894e-05 2.32817e-05 3.77721 7.94106e-06 9.21776e-06 1.34113
457 1.07716e-05 2.25351e-05 3.60823 7.92994e-06 9.23502e-06 1.3239
458 1.04585e-05 2.22233e-05 3.59378 7.91091e-06 9.03893e-06 1.35434
459 1.11982e-05 2.3535e-05 3.75602 8.27972e-06 9.30651e-06 1.33835
460 1.11436e-05 2.29267e-05 3.67551 8.09349e-06 9.29638e-06 1.32932
461 1.06231e-05 2.20174e-05 3.56202 7.81788e-06 8.71561e-06 1.30298
462 1.09776e-05 2.24902e-05 3.61616 8.09856e-06 9.16337e-06 1.34993
463 1.06258e-05 2.28833e-05 3.68943 7.73946e-06 9.26734e-06 1.35792
464 1.09076e-05 2.23853e-05 3.5919 7.98933e-06 8.98993e-06 1.30249
465 1.09836e-05 2.16121e-05 3.51115 7.90315e-06 8.77253e-06 1.28292
466 1.02158e-05 2.17245e-05 3.5614 7.47726e-06 9.04179e-06 1.35597
467 1.00708e-05 2.3431e-05 3.79737 7.5336e-06 9.40864e-06 1.38418
468 1.05593e-05 2.26773e-05 3.63041 7.88507e-06 8.78547e-06 1.27956
469 1.0413e-05 2.18245e-05 3.51197 7.53477e-06 8.82918e-06 1.28923
470 1.03363e-05 2.22577e-05 3.54797 7.53197e-06 8.87273e-06 1.28548
471 1.05432e-05 2.21876e-05 3.59671 7.66312e-06 8.93634e-06 1.32404
472 1.09991e-05 2.26512e-05 3.67254 7.88712e-06 9.07721e-06 1.3246
473 1.07382e-05 2.19921e-05 3.54921 8.02067e-06 8.95778e-06 1.30698
474 1.03057e-05 2.3495e-05 3.79435 7.70843e-06 9.35253e-06 1.35583
475 1.0822e-05 2.25367e-05 3.6247 8.05691e-06 9.34944e-06 1.36813
476 1.06523e-05 2.2328e-05 3.53765 7.82618e-06 8.94258e-06 1.26765
477 1.07274e-05 2.28919e-05 3.68378 8.04619e-06 9.10816e-06 1.28311
478 1.02227e-05 2.33188e-05 3.74983 7.50678e-06 9.2855e-06 1.34552
479 1.03207e-05 2.26316e-05 3.62409 7.72553e-06 9.15501e-06 1.32639
480 1.06313e-05 2.19731e-05 3.52026 7.73269e-06 8.92432e-06 1.28052
481 1.12055e-05 2.20461e-05 3.50984 8.21788e-06 9.0057e-06 1.2902
482 9.88422e-06 2.27703e-05 3.67454 7.44992e-06 9.23788e-06 1.36437
483 1.04766e-05 2.11848e-05 3.41874 7.67262e-06 8.63832e-06 1.27284
484 1.06319e-05 2.18828e-05 3.50465 7.82298e-06 8.93833e-06 1.28958
485 1.02789e-05 2.23116e-05 3.54909 7.44847e-06 9.20799e-06 1.33585
486 1.07909e-05 2.23917e-05 3.6111 7.82704e-06 9.00729e-06 1.3139
487 1.03549e-05 2.276e-05 3.67626 7.69043e-06 9.27229e-06 1.33699
488 1.0537e-05 2.21943e-05 3.55546 7.85384e-06 9.06912e-06 1.31161
489 1.03748e-05 2.26966e-05 3.63776 7.60342e-06 9.18269e-06 1.33991
490 1.03076e-05 2.21719e-05 3.55084 7.59608e-06 8.87238e-06 1.26894
491 1.05985e-05 2.21013e-05 3.48881 7.96945e-06 9.11648e-06 1.30991
492 1.02956e-05 2.29963e-05 3.70383 7.58276e-06 9.48436e-06 1.37357
493 1.0405e-05 2.26963e-05 3.64587 7.62279e-06 9.1951e-06 1.33238
494 1.08667e-05 2.25472e-05 3.67126 7.85839e-06 8.86038e-06 1.31083
495 1.05258e-05 2.30349e-05 3.70395 7.45347e-06 9.03849e-06 1.2828
496 1.03319e-05 2.34239e-05 3.76915 7.9046e-06 9.07137e-06 1.3104
497 1.01472e-05 2.24545e-05 3.5968 7.50429e-06 8.8738e-06 1.28824
498 1.08395e-05 2.17035e-05 3.45859 7.88487e-06 8.84268e-06 1.24651
499 1.02507e-05 2.22107e-05 3.53203 7.63539e-06 8.88846e-06 1.31187
500 1.022e-05 2.29822e-05 3.72089 7.686e-06 8.95682e-06 1.31235
501 1.02153e-05 2.29902e-05 3.70606 7.53544e-06 9.11437e-06 1.33983
502 1.02378e-05 2.26176e-05 3.58174 7.51228e-06 9.21991e-06 1.32438
503 1.05283e-05 2.20816e-05 3.48552 7.75575e-06 9.07061e-06 1.28759
504 1.03086e-05 2.18635e-05 3.51536 7.51013e-06 8.63862e-06 1.24763
505 1.02914e-05 2.25849e-05 3.66711 7.4182e-06 8.88695e-06 1.28627
506 1.04922e-05 2.31525e-05 3.69717 7.74433e-06 9.27768e-06 1.34975
507 1.0413e-05 2.26227e-05 3.623 7.69134e-06 9.05656e-06 1.31371
508 1.0184e-05 2.24463e-05 3.60724 7.36186e-06 9.13002e-06 1.31789
509 9.9899e-06 2.26306e-05 3.68285 7.32551e-06 8.94001e-06 1.30472
510 9.87807e-06 2.16173e-05 3.49093 7.24444e-06 8.62191e-06 1.27405
511 1.02422e-05 2.26273e-05 3.60508 7.50743e-06 9.43135e-06 1.35021
512 1.06267e-05 2.17613e-05 3.55274 7.61907e-06 8.74607e-06 1.2559
513 1.04381e-05 2.27065e-05 3.60722 7.55753e-06 9.33519e-06 1.3087
514 1.06612e-05 2.15262e-05 3.41912 7.7829e-06 8.74497e-06 1.2421
515 1.01131e-05 2.25614e-05 3.64004 7.58708e-06 9.17319e-06 1.32203
516 1.04672e-05 2.2021e-05 3.54476 7.92279e-06 8.82984e-06 1.28777
517 1.04392e-05 2.13291e-05 3.46052 7.77943e-06 8.74222e-06 1.30098
518 1.04792e-05 2.29796e-05 3.65632 7.93232e-06 9.22842e-06 1.30496
519 1.03632e-05 2.18449e-05 3.48037 7.61692e-06 8.85028e-06 1.28877
520 1.01215e-05 2.21854e-05 3.55241 7.35947e-06 8.74133e-06 1.25417
521 1.0251e-05 2.25717e-05 3.62493 7.79977e-06 8.9649e-06 1.29335
522 1.04803e-05 2.21458e-05 3.49445 7.50637e-06 8.96942e-06 1.27734
523 9.92696e-06 2.21752e-05 3.57785 7.31403e-06 8.84122e-06 1.27329
524 1.02971e-05 2.27144e-05 3.65256 7.53792e-06 9.07159e-06 1.32488
525 1.04005e-05 2.18772e-05 3.49568 7.43177e-06 8.89662e-06 1.28053
526 1.03559e-05 2.22355e-05 3.53687 7.46148e-06 9.02033e-06 1.27961
527 1.00743e-05 2.14817e-05 3.42855 7.36967e-06 8.6874e-06 1.24684
528 1.03096e-05 2.29713e-05 3.66188 7.5967e-06 8.865e-06 1.24762
529 1.01957e-05 2.22567e-05 3.54426 7.39195e-06 9.11258e-06 1.3009
530 1.01878e-05 2.34035e-05 3.79221 7.48147e-06 9.18719e-06 1.32899
531 1.03747e-05 2.29097e-05 3.62144 7.65869e-06 9.06547e-06 1.27186
532 1.02859e-05 2.34166e-05 3.71765 7.65144e-06 9.20782e-06 1.31017
533 1.02346e-05 2.25334e-05 3.58422 7.66166e-06 8.8517e-06 1.24113
534 1.01454e-05 2.21866e-05 3.57483 7.52266e-06 8.79066e-06 1.27475
535 9.96843e-06 2.2293e-05 3.56378 7.16202e-06 8.88398e-06 1.26548
536 1.03754e-05 2.21158e-05 3.51833 7.66267e-06 8.95064e-06 1.29968
537 9.91214e-06 2.1959e-05 3.54346 7.21704e-06 9.01212e-06 1.30651
538 1.02191e-05 2.13638e-05 3.41264 7.40408e-06 9.05898e-06 1.29655
539 1.03845e-05 2.23854e-05 3.57695 7.7922e-06 8.76607e-06 1.25411
540 1.00037e-05 2.27547e-05 3.64145 7.22475e-06 9.24006e-06 1.31672
541 1.02396e-05 2.27348e-05 3.62263 7.46384e-06 9.10398e-06 1.28525
542 1.02076e-05 2.22572e-05 3.56921 7.56129e-06 9.08881e-06 1.31288
543 1.01232e-05 2.24201e-05 3.56481 7.50987e-06 9.15545e-06 1.30666
544 1.02143e-05 2.22406e-05 3.53988 7.45686e-06 8.93862e-06 1.26905
545 9.94344e-06 2.22767e-05 3.55879 7.3059e-06 8.77316e-06 1.26008
546 1.00921e-05 2.24071e-05 3.57124 7.6822e-06 9.04508e-06 1.29864
547 1.02399e-05 2.27351e-05 3.64733 7.34288e-06 9.0309e-06 1.28208
548 1.02558e-05 2.11383e-05 3.38391 7.27907e-06 8.40858e-06 1.19711
549 1.02017e-05 2.27541e-05 3.65144 7.39163e-06 9.00642e-06 1.28824
550 1.03807e-05 2.2482e-05 3.60359 7.36567e-06 9.18857e-06 1.2991
551 1.07047e-05 2.20693e-05 3.51269 7.78864e-06 8.96884e-06 1.26505
552 9.87909e-06 2.28993e-05 3.64874 7.37185e-06 9.34114e-06 1.33077
553 1.021e-05 2.21074e-05 3.53374 7.23461e-06 8.96066e-06 1.27393
554 9.85635e-06 2.32551e-05 3.71279 7.25844e-06 8.9431e-06 1.27225
555 1.01117e-05 2.29164e-05 3.66519 7.28899e-06 9.16321e-06 1.29406
556 1.05615e-05 2.22276e-05 3.53534 7.58789e-06 9.13615e-06 1.291
557 1.01175e-05 2.18726e-05 3.50692 7.31706e-06 9.13116e-06 1.32719
558 1.04193e-05 2.18231e-05 3.45874 7.40582e-06 8.71595e-06 1.23258
559 9.9447e-06 2.31706e-05 3.7075 7.18107e-06 9.17901e-06 1.29309
560 1.0279e-05 2.23099e-05 3.55382 7.59439e-06 8.92647e-06 1.27679
561 1.00097e-05 2.25379e-05 3.53953 7.60486e-06 9.09045e-06 1.28654
562 1.01893e-05 2.19447e-05 3.48301 7.35145e-06 8.91362e-06 1.24471
563 9.92213e-06 2.24167e-05 3.56989 7.01728e-06 8.92959e-06 1.27619
564 1.02553e-05 2.14135e-05 3.4055 7.52533e-06 8.59018e-06 1.2276
565 1.00724e-05 2.1895e-05 3.50656 7.11234e-06 8.77402e-06 1.2504
566 9.87124e-06 2.16719e-05 3.42742 7.21999e-06 8.78027e-06 1.2392
567 9.96433e-06 2.24351e-05 3.54399 7.1342e-06 8.94222e-06 1.25084
568 1.01393e-05 2.231e-05 3.54854 7.24113e-06 9.17345e-06 1.29686
569 1.02635e-05 2.24069e-05 3.55113 7.58932e-06 8.91604e-06 1.27775
570 9.96084e-06 2.19395e-05 3.48961 7.15546e-06 8.88798e-06 1.24737
571 9.95341e-06 2.26672e-05 3.63249 7.34781e-06 8.78034e-06 1.25532
572 9.86138e-06 2.28425e-05 3.64836 7.15597e-06 8.90533e-06 1.26464
573 9.73355e-06 2.23273e-05 3.55014 7.13729e-06 8.95281e-06 1.28023
574 9.82521e-06 2.2663e-05 3.61211 7.15898e-06 8.99409e-06 1.28312
575 9.67432e-06 2.29431e-05 3.66993 7.15453e-06 8.94385e-06 1.25583
576 1.01611e-05 2.25746e-05 3.57486 7.34337e-06 8.93989e-06 1.24165
577 9.94759e-06 2.31843e-05 3.72197 7.16604e-06 9.04233e-06 1.27874
578 9.90832e-06 2.24511e-05 3.55801 7.18842e-06 8.79922e-06 1.22806
579 1.01572e-05 2.2729e-05 3.58791 7.27753e-06 8.92815e-06 1.25401
580 1.04116e-05 2.16458e-05 3.40676 7.3594e-06 8.79109e-06 1.20966
581 9.64364e-06 2.37271e-05 3.79533 6.8734e-06 9.11899e-06 1.28362
582 9.78317e-06 2.2484e-05 3.5688 7.1521e-06 8.69653e-06 1.21923
583 1.01547e-05 2.18801e-05 3.4721 7.24251e-06 8.86106e-06 1.24444
584 9.79334e-06 2.18628e-05 3.47963 6.98076e-06 9.0048e-06 1.25688
585 1.00638e-05 2.21874e-05 3.51658 7.05763e-06 9.00481e-06 1.23968
586 1.03794e-05 2.12149e-05 3.32941 7.49241e-06 8.79814e-06 1.22115
587 9.80394e-06 2.30619e-05 3.6812 7.08264e-06 8.97521e-06 1.27324
588 1.01694e-05 2.2043e-05 3.47529 7.19543e-06 9.16701e-06 1.28406
589 9.85843e-06 2.27767e-05 3.6015 7.10313e-06 9.17932e-06 1.31125
590 9.85656e-06 2.20751e-05 3.51478 6.85238e-06 8.97075e-06 1.25653
591 9.64397e-06 2.23425e-05 3.53494 7.04889e-06 9.03618e-06 1.27597
592 9.6286e-06 2.35749e-05 3.72577 7.09929e-06 9.09466e-06 1.27535
593 9.69522e-06 2.24902e-05 3.61381 6.95405e-06 8.73544e-06 1.25535
594 9.908e-06 2.20439e-05 3.52908 7.14504e-06 8.95911e-06 1.2889
595 1.05246e-05 2.15092e-05 3.35573 7.50426e-06 8.94792e-06 1.23946
596 1.03189e-05 2.17456e-05 3.44412 7.26276e-06 8.70975e-06 1.23508
597 9.99285e-06 2.23357e-05 3.52624 7.26847e-06 8.65673e-06 1.19984
598 1.03725e-05 2.22131e-05 3.53196 7.27941e-06 8.78248e-06 1.24153
599 1.01641e-05 2.31529e-05 3.71634 7.33571e-06 9.24107e-06 1.28613
600 9.84728e-06 2.23291e-05 3.55564 7.22328e-06 8.59675e-06 1.21705
601 9.64496e-06 2.17794e-05 3.43983 7.14588e-06 8.74032e-06 1.2455
602 1.0191e-05 2.2143e-05 3.52803 7.35823e-06 9.04128e-06 1.25606
603 9.78634e-06 2.17872e-05 3.44022 6.98139e-06 8.67786e-06 1.23408
604 9.4267e-06 2.18065e-05 3.48199 6.84699e-06 9.00482e-06 1.29661
605 1.01686e-05 2.17811e-05 3.43056 7.13481e-06 8.80499e-06 1.23494
606 9.8834e-06 2.28447e-05 3.63304 7.2837e-06 9.01194e-06 1.24752
607 9.64968e-06 2.16816e-05 3.47057 7.10522e-06 8.63032e-06 1.24808
608 1.03273e-05 2.10766e-05 3.29865 7.36574e-06 8.5627e-06 1.1739
609 1.00773e-05 2.26411e-05 3.50566 7.23745e-06 9.14234e-06 1.2385
610 9.874e-06 2.21685e-05 3.58191 7.15658e-06 8.77263e-06 1.23911
611 1.00921e-05 2.20556e-05 3.50975 7.33038e-06 8.78422e-06 1.21736
612 9.79983e-06 2.21052e-05 3.48979 7.17487e-06 8.76655e-06 1.21664
613 1.00573e-05 2.23759e-05 3.54426 7.24808e-06 9.15709e-06 1.28418
614 9.56649e-06 2.25582e-05 3.55699 6.88966e-06 9.02144e-06 1.2599
615 1.01047e-05 2.25824e-05 3.51599 7.225e-06 8.99468e-06 1.2175
616 9.54236e-06 2.23108e-05 3.52988 6.93667e-06 9.13852e-06 1.28016
617 9.70177e-06 2.18128e-05 3.38837 6.90376e-06 9.03631e-06 1.25215
618 9.81778e-06 2.16868e-05 3.42179 6.97332e-06 8.69383e-06 1.2165
619 9.9612e-06 2.20463e-05 3.47303 7.26492e-06 8.47839e-06 1.17613
620 9.77959e-06 2.09411e-05 3.26421 6.98929e-06 8.70201e-06 1.18305
621 1.00104e-05 2.23638e-05 3.52353 7.0443e-06 9.14353e-06 1.2801
622 9.73076e-06 2.30288e-05 3.68961 7.15143e-06 8.93392e-06 1.2692
623 9.75507e-06 2.20376e-05 3.51136 6.82234e-06 8.8035e-06 1.24277
624 9.63549e-06 2.27818e-05 3.60389 6.87722e-06 8.99797e-06 1.25409
625 9.84275e-06 2.22377e-05 3.53294 7.03558e-06 9.11901e-06 1.2818
626 9.72106e-06 2.19009e-05 3.46666 7.06628e-06 8.85961e-06 1.22995
627 9.56183e-06 2.22236e-05 3.51068 6.89629e-06 9.05791e-06 1.26042
628 9.77032e-06 2.33416e-05 3.7066 6.99835e-06 9.0001e-06 1.26064
629 1.02178e-05 2.19826e-05 3.43159 7.10307e-06 8.96872e-06 1.22861
630 1.00239e-05 2.18777e-05 3.44737 7.04335e-06 8.85444e-06 1.21753
631 9.67518e-06 2.21928e-05 3.49416 6.93773e-06 9.06409e-06 1.27162
632 9.93602e-06 2.24181e-05 3.56403 7.27529e-06 8.95473e-06 1.24902
633 9.8405e-06 2.32552e-05 3.71296 7.27083e-06 9.02397e-06 1.26069
634 9.6671e-06 2.23402e-05 3.5391 6.74986e-06 8.95561e-06 1.24481
635 9.60138e-06 2.28201e-05 3.62247 7.06388e-06 9.11837e-06 1.26899
636 9.59026e-06 2.26951e-05 3.58356 6.80973e-06 8.92963e-06 1.25086
637 9.23712e-06 2.33771e-05 3.72832 6.78417e-06 9.05334e-06 1.28508
638 9.7567e-06 2.0833e-05 3.27395 6.96116e-06 8.69197e-06 1.2016
639 9.76521e-06 2.2782e-05 3.59628 6.98661e-06 9.04495e-06 1.24806
640 9.73578e-06 2.20907e-05 3.49186 6.98584e-06 9.02973e-06 1.27926
641 9.82569e-06 2.2425e-05 3.54574 6.99485e-06 8.8008e-06 1.21518
642 9.31386e-06 2.2898e-05 3.62668 6.6599e-06 8.81781e-06 1.24136
643 9.62967e-06 2.25276e-05 3.53415 7.10951e-06 9.0648e-06 1.26309
644 9.8159e-06 2.25551e-05 3.5228 7.1625e-06 8.87073e-06 1.21459
645 9.59461e-06 2.24237e-05 3.56195 7.02811e-06 8.92279e-06 1.2415
646 9.85158e-06 2.22134e-05 3.51484 6.75777e-06 9.04971e-06 1.24997
647 9.62521e-06 2.28863e-05 3.62893 6.96187e-06 8.74854e-06 1.20931
648 9.68599e-06 2.27347e-05 3.57685 7.05488e-06 9.02031e-06 1.25557
649 9.71884e-06 2.1837e-05 3.44205 6.92726e-06 8.87878e-06 1.23548
650 9.60424e-06 2.23991e-05 3.53441 6.98169e-06 9.02697e-06 1.25909
651 9.8176e-06 2.22714e-05 3.46764 7.04196e-06 9.00871e-06 1.25027
652 9.69591e-06 2.21858e-05 3.50911 7.02886e-06 8.58112e-06 1.19957
653 9.36375e-06 2.17309e-05 3.38486 6.59713e-06 8.83046e-06 1.2194
654 9.71033e-06 2.15161e-05 3.34702 6.96193e-06 8.79277e-06 1.20127
655 9.69273e-06 2.31999e-05 3.63973 7.01112e-06 9.06731e-06 1.23829
656 9.42565e-06 2.21527e-05 3.46081 6.8653e-06 8.81875e-06 1.23466
657 9.64913e-06 2.25792e-05 3.56894 6.80659e-06 9.00095e-06 1.26883
658 9.21853e-06 2.39563e-05 3.79046 6.78022e-06 9.42143e-06 1.32746
659 9.70658e-06 2.16524e-05 3.37825 6.84308e-06 8.76047e-06 1.19867
660 9.57202e-06 2.14602e-05 3.3051 6.84908e-06 8.89657e-06 1.20865
661 9.26197e-06 2.17476e-05 3.41307 6.57029e-06 8.88007e-06 1.24764
662 9.78915e-06 2.17234e-05 3.39706 7.03052e-06 8.61248e-06 1.14977
663 9.62263e-06 2.15256e-05 3.38711 6.87814e-06 8.68355e-06 1.19549
664 9.73803e-06 2.21116e-05 3.46877 7.10482e-06 8.64875e-06 1.18844
665 9.37202e-06 2.20714e-05 3.46396 6.61179e-06 8.83592e-06 1.21339
666 9.67976e-06 2.28177e-05 3.6029 6.86377e-06 8.96872e-06 1.23164
667 9.14009e-06 2.18393e-05 3.41495 6.63872e-06 8.86208e-06 1.2242
668 9.55931e-06 2.21322e-05 3.47848 6.91821e-06 9.0237e-06 1.26745
669 9.46348e-06 2.15434e-05 3.35869 6.89029e-06 8.86905e-06 1.22135
670 9.80186e-06 2.26995e-05 3.5445 7.02013e-06 8.88993e-06 1.22287
671 9.58035e-06 2.26276e-05 3.5672 6.94185e-06 8.57796e-06 1.18283
672 9.38338e-06 2.32857e-05 3.68575 6.84132e-06 9.04438e-06 1.26379
673 9.78683e-06 2.2705e-05 3.61335 6.92563e-06 8.70497e-06 1.19417
674 9.621e-06 2.21709e-05 3.47909 6.83311e-06 8.88443e-06 1.20917
675 9.92881e-06 2.08634e-05 3.2554 6.91933e-06 8.5783e-06 1.17879
676 9.83063e-06 2.27364e-05 3.58989 7.03656e-06 8.8646e-06 1.2173
677 9.20812e-06 2.25862e-05 3.58415 6.5844e-06 8.68135e-06 1.21617
678 9.53292e-06 2.12259e-05 3.33807 6.5338e-06 8.77075e-06 1.21677
679 9.62487e-06 2.19246e-05 3.46351 6.75313e-06 8.77439e-06 1.2109
680 9.64777e-06 2.27459e-05 3.56648 7.00591e-06 8.96012e-06 1.22888
681 9.45513e-06 2.17906e-05 3.40799 6.69667e-06 8.91526e-06 1.24019
682 9.44427e-06 2.22515e-05 3.47124 6.73429e-06 8.71172e-06 1.20033
683 9.48243e-06 2.17877e-05 3.42078 6.60768e-06 8.68148e-06 1.18538
684 9.42592e-06 2.18848e-05 3.4326 6.86888e-06 8.64778e-06 1.21494
685 9.55478e-06 2.3123e-05 3.65085 6.95982e-06 8.92889e-06 1.23841
686 9.83251e-06 2.1715e-05 3.38101 6.96498e-06 8.83309e-06 1.20875
687 9.47082e-06 2.20449e-05 3.46485 6.77888e-06 8.66247e-06 1.19609
688 9.56912e-06 2.27278e-05 3.58058 6.93184e-06 9.14197e-06 1.26614
689 9.14622e-06 2.21152e-05 3.47073 6.51888e-06 8.78064e-06 1.21285
690 9.95151e-06 2.12766e-05 3.32751 6.94404e-06 8.73881e-06 1.19619
691 9.84251e-06 2.28471e-05 3.59434 6.91734e-06 9.02027e-06 1.23982
692 9.79404e-06 2.27118e-05 3.5629 7.07576e-06 8.80848e-06 1.2033
693 9.39583e-06 2.29955e-05 3.62276 6.8289e-06 8.82158e-06 1.21873
694 9.52948e-06 2.20619e-05 3.45319 6.6999e-06 8.91701e-06 1.24089
695 9.56816e-06 2.23644e-05 3.51834 6.75167e-06 8.8609e-06 1.21046
696 9.32437e-06 2.25492e-05 3.58856 6.51469e-06 8.8383e-06 1.22849
697 9.38818e-06 2.20071e-05 3.42 6.61251e-06 8.71348e-06 1.18045
698 9.61464e-06 2.29892e-05 3.60386 6.91731e-06 9.04492e-06 1.23565
699 9.51069e-06 2.20823e-05 3.46091 6.73316e-06 8.84798e-06 1.20896
700 9.20451e-06 2.16192e-05 3.40722 6.4122e-06 8.76827e-06 1.2225
701 9.34334e-06 2.20128e-05 3.46312 6.63848e-06 8.93038e-06 1.22858
702 9.27795e-06 2.12526e-05 3.31582 6.52517e-06 8.82324e-06 1.20989
703 9.72458e-06 2.20254e-05 3.44419 6.96398e-06 8.64535e-06 1.20061
704 9.01356e-06 2.29873e-05 3.6302 6.47617e-06 8.93619e-06 1.24152
705 9.22035e-06 2.10714e-05 3.26402 6.52588e-06 8.88671e-06 1.22595
706 9.48087e-06 2.22109e-05 3.49192 6.7783e-06 8.81727e-06 1.23621
707 9.62404e-06 2.18763e-05 3.40597 6.8779e-06 8.82551e-06 1.23755
708 9.51888e-06 2.15898e-05 3.37856 6.81678e-06 8.88224e-06 1.23699
709 9.40696e-06 2.14277e-05 3.37023 6.47225e-06 8.70114e-06 1.17574
710 9.12333e-06 2.20606e-05 3.46776 6.49583e-06 9.14888e-06 1.27856
711 9.68865e-06 2.20603e-05 3.42774 7.01804e-06 8.78138e-06 1.19181
712 9.47389e-06 2.23651e-05 3.46144 6.92843e-06 9.1966e-06 1.25203
713 9.38434e-06 2.19397e-05 3.47036 6.77437e-06 8.75298e-06 1.21239
714 9.32468e-06 2.20045e-05 3.42939 6.62859e-06 9.16521e-06 1.27343
715 9.38384e-06 2.16776e-05 3.37306 6.6226e-06 8.86462e-06 1.22272
716 9.10418e-06 2.28166e-05 3.59018 6.58898e-06 8.83401e-06 1.21868
717 8.98873e-06 2.21822e-05 3.49423 6.31323e-06 8.83868e-06 1.21433
718 9.3693e-06 2.27387e-05 3.53079 6.84273e-06 8.96562e-06 1.21706
719 9.22843e-06 2.25342e-05 3.51952 6.5454e-06 8.95296e-06 1.22439
720 9.67443e-06 2.29106e-05 3.60261 6.82536e-06 8.85072e-06 1.20195
721 9.17549e-06 2.08201e-05 3.28233 6.48478e-06 8.65987e-06 1.20651
722 9.77032e-06 2.17774e-05 3.40524 6.75948e-06 8.83848e-06 1.18632
723 9.52506e-06 2.14949e-05 3.35999 6.57843e-06 8.62947e-06 1.18573
724 9.41224e-06 2.2097e-05 3.44317 6.84119e-06 8.72317e-06 1.16299
725 9.30225e-06 2.19717e-05 3.43754 6.49307e-06 8.90139e-06 1.21926
726 9.64933e-06 2.25139e-05 3.54252 6.83928e-06 8.87813e-06 1.20774
727 8.9806e-06 2.21606e-05 3.46496 6.49556e-06 8.9645e-06 1.23907
728 9.28363e-06 2.2111e-05 3.44553 6.54342e-06 8.84549e-06 1.20703
729 9.32697e-06 2.24832e-05 3.50579 6.54867e-06 8.81355e-06 1.18309
730 9.18767e-06 2.35601e-05 3.69974 6.73491e-06 9.11611e-06 1.24523
731 9.27515e-06 2.12501e-05 3.31203 6.57133e-06 8.53333e-06 1.17152
732 9.51318e-06 2.12981e-05 3.35855 6.65975e-06 8.63944e-06 1.20009
733 9.37019e-06 2.2209e-05 3.48947 6.74498e-06 8.81919e-06 1.20702
734 9.16403e-06 2.22604e-05 3.47932 6.65177e-06 8.79738e-06 1.23478
735 9.62794e-06 2.19867e-05 3.41587 6.81826e-06 8.91215e-06 1.22926
736 9.5849e-06 2.20835e-05 3.41456 6.75777e-06 8.81755e-06 1.20152
737 9.50999e-06 2.22932e-05 3.48988 6.74965e-06 9.0103e-06 1.2399
738 9.27363e-06 2.22556e-05 3.43681 6.77784e-06 8.86383e-06 1.18605
739 9.23022e-06 2.21365e-05 3.4685 6.75066e-06 8.96733e-06 1.22309
740 9.43177e-06 2.18299e-05 3.42925 6.6652e-06 8.81173e-06 1.2051
741 9.513e-06 2.12936e-05 3.33717 6.59606e-06 8.54104e-06 1.16803
742 9.332e-06 2.31888e-05 3.63542 6.76633e-06 9.00389e-06 1.21495
743 9.50071e-06 2.24955e-05 3.51003 6.7863e-06 8.86227e-06 1.20257
744 9.17835e-06 2.26002e-05 3.57039 6.63716e-06 8.89777e-06 1.20295
745 9.00235e-06 2.292e-05 3.60549 6.47278e-06 8.82259e-06 1.22644
746 9.27459e-06 2.27648e-05 3.57026 6.66489e-06 9.02664e-06 1.23532
747 9.41375e-06 2.14492e-05 3.33705 6.79671e-06 8.71512e-06 1.18975
748 9.1402e-06 2.20353e-05 3.47518 6.42893e-06 8.7017e-06 1.20676
749 9.08901e-06 2.19039e-05 3.42017 6.28948e-06 8.71963e-06 1.17591
750 9.26712e-06 2.16561e-05 3.36122 6.42143e-06 8.78594e-06 1.20024
751 9.09764e-06 2.27749e-05 3.55013 6.62251e-06 8.96278e-06 1.21327
752 9.29725e-06 2.20158e-05 3.44323 6.56321e-06 8.82787e-06 1.20216
753 8.98367e-06 2.17328e-05 3.39287 6.35571e-06 8.85621e-06 1.21209
754 9.07399e-06 2.28178e-05 3.52635 6.39005e-06 8.9663e-06 1.20389
755 9.2157e-06 2.14867e-05 3.32138 6.69114e-06 8.51505e-06 1.14529
756 9.27299e-06 2.29838e-05 3.62615 6.73773e-06 8.80119e-06 1.19879
757 9.23723e-06 2.18079e-05 3.39269 6.34268e-06 8.70741e-06 1.18025
758 9.50421e-06 2.23097e-05 3.4762 6.70458e-06 8.81765e-06 1.17921
759 9.3628e-06 2.17228e-05 3.37375 6.55413e-06 8.58999e-06 1.16451
760 9.3378e-06 2.18541e-05 3.37351 6.5166e-06 8.75508e-06 1.17995
761 9.269e-06 2.16641e-05 3.38171 6.51435e-06 8.70182e-06 1.17753
762 9.09704e-06 2.24633e-05 3.50626 6.33464e-06 8.93608e-06 1.20828
763 9.28296e-06 2.19287e-05 3.40058 6.65175e-06 8.81756e-06 1.19277
764 9.45453e-06 2.13255e-05 3.32138 6.56304e-06 8.47706e-06 1.13825
765 8.97214e-06 2.16504e-05 3.39237 6.31029e-06 8.90804e-06 1.22254
766 9.05963e-06 2.21057e-05 3.43206 6.30792e-06 8.84651e-06 1.20367
767 9.35844e-06 2.20557e-05 3.46706 6.61465e-06 8.98994e-06 1.24563
768 9.15867e-06 2.26188e-05 3.52141 6.58972e-06 8.75048e-06 1.18637
769 9.46132e-06 2.15322e-05 3.35459 6.69401e-06 8.59979e-06 1.16418
770 9.1764e-06 2.2019e-05 3.4691 6.29227e-06 8.69401e-06 1.19881
771 9.29896e-06 2.26504e-05 3.5922 6.67741e-06 8.84947e-06 1.22418
772 9.15213e-06 2.16712e-05 3.37855 6.27843e-06 8.80367e-06 1.20373
773 9.21423e-06 2.15123e-05 3.33487 6.32906e-06 8.57537e-06 1.16743
774 9.6198e-06 2.21816e-05 3.46156 6.79998e-06 8.85471e-06 1.19153
775 9.15876e-06 2.26525e-05 3.55036 6.64326e-06 9.03729e-06 1.26
776 9.04215e-06 2.33868e-05 3.65468 6.39765e-06 8.94193e-06 1.20066
777 9.16605e-06 2.28188e-05 3.54792 6.53499e-06 8.78251e-06 1.18325
778 9.08411e-06 2.18117e-05 3.3949 6.50381e-06 8.71428e-06 1.19542
779 9.04175e-06 2.21597e-05 3.47323 6.42422e-06 8.83962e-06 1.22381
780 9.13614e-06 2.18583e-05 3.37893 6.50305e-06 8.81468e-06 1.19093
781 8.8128e-06 2.24078e-05 3.51106 6.3811e-06 8.91332e-06 1.23415
782 9.29109e-06 2.22595e-05 3.45482 6.72317e-06 8.73154e-06 1.16104
783 9.00404e-06 2.25801e-05 3.5315 6.51007e-06 8.89195e-06 1.22661
784 9.19183e-06 2.17167e-05 3.39091 6.29388e-06 8.83713e-06 1.19856
785 9.39039e-06 2.10979e-05 3.29338 6.35454e-06 8.62358e-06 1.17273
786 8.87169e-06 2.23669e-05 3.51059 6.18251e-06 9.03281e-06 1.2436
787 9.2289e-06 2.22192e-05 3.49271 6.44167e-06 8.80348e-06 1.20698
788 9.01997e-06 2.25285e-05 3.505 6.32999e-06 9.04313e-06 1.22495
789 9.23508e-06 2.18604e-05 3.41967 6.33075e-06 8.80392e-06 1.19937
790 8.82798e-06 2.30278e-05 3.63527 6.40368e-06 8.89297e-06 1.2257
791 9.49818e-06 2.17446e-05 3.38876 6.49336e-06 8.72398e-06 1.16919
792 9.34163e-06 2.19888e-05 3.39795 6.56999e-06 8.87102e-06 1.20009
793 9.17739e-06 2.14447e-05 3.32141 6.33393e-06 8.8211e-06 1.2032
794 9.0876e-06 2.17628e-05 3.35227 6.36776e-06 8.93878e-06 1.19839
795 8.96571e-06 2.19684e-05 3.41747 6.41743e-06 8.52574e-06 1.15836
796 9.32188e-06 2.23297e-05 3.45603 6.63335e-06 8.89061e-06 1.1978
797 9.01505e-06 2.23767e-05 3.49308 6.50503e-06 8.77521e-06 1.19797
798 9.17671e-06 2.26186e-05 3.5438 6.51502e-06 8.78835e-06 1.20982
799 8.92084e-06 2.2205e-05 3.48522 6.4454e-06 8.69994e-06 1.17522
800 8.91267e-06 2.11516e-05 3.2722 6.27026e-06 8.864e-06 1.21501
801 9.0151e-06 2.16456e-05 3.38398 6.3034e-06 8.72182e-06 1.19607
802 9.18082e-06 2.23653e-05 3.43884 6.53422e-06 8.98619e-06 1.19937
803 9.09495e-06 2.23881e-05 3.47341 6.35878e-06 8.84473e-06 1.19041
804 8.96624e-06 2.27922e-05 3.53897 6.37929e-06 8.8537e-06 1.1832
805 9.17733e-06 2.2035e-05 3.4118 6.47284e-06 8.7832e-06 1.20863
806 9.05397e-06 2.14675e-05 3.32753 6.36124e-06 8.7526e-06 1.17729
807 9.44559e-06 2.19909e-05 3.38923 6.66596e-06 8.51398e-06 1.1272
808 9.22484e-06 2.23053e-05 3.44311 6.52183e-06 8.85943e-06 1.19952
809 9.25538e-06 2.24674e-05 3.4922 6.48644e-06 8.93061e-06 1.1792
810 8.98283e-06 2.12476e-05 3.29337 6.31174e-06 8.49271e-06 1.17788
811 9.18892e-06 2.27188e-05 3.51984 6.50237e-06 8.96173e-06 1.18346
812 9.07986e-06 2.23629e-05 3.49179 6.47256e-06 8.80114e-06 1.18383
813 9.12538e-06 2.18548e-05 3.41993 6.31962e-06 8.83759e-06 1.20545
814 9.32141e-06 2.17337e-05 3.34933 6.57404e-06 8.78271e-06 1.16038
815 9.19734e-06 2.23386e-05 3.46999 6.38641e-06 9.02484e-06 1.22812
816 9.07077e-06 2.23723e-05 3.46751 6.42048e-06 8.61771e-06 1.16661
817 9.1097e-06 2.1133e-05 3.27274 6.29764e-06 8.55584e-06 1.14728
818 8.61001e-06 2.24969e-05 3.51234 6.25856e-06 8.63149e-06 1.16318
819 8.71435e-06 2.29215e-05 3.59282 6.18229e-06 8.83926e-06 1.21014
820 8.9164e-06 2.1752e-05 3.38187 6.34152e-06 8.86228e-06 1.21637
821 8.93831e-06 2.25878e-05 3.53732 6.3234e-06 8.89308e-06 1.22315
822 8.95837e-06 2.20368e-05 3.42089 6.22155e-06 8.87378e-06 1.1983
823 9.04564e-06 2.31928e-05 3.62103 6.46902e-06 9.02053e-06 1.22099
824 8.86836e-06 2.23812e-05 3.51273 6.18688e-06 8.84185e-06 1.21377
825 9.07687e-06 2.24458e-05 3.49253 6.43937e-06 8.97205e-06 1.19614
826 8.88307e-06 2.25337e-05 3.49999 6.29402e-06 8.79474e-06 1.18367
827 8.86314e-06 2.31285e-05 3.64526 6.20276e-06 8.79794e-06 1.1898
828 8.88737e-06 2.19457e-05 3.39581 6.15596e-06 8.88142e-06 1.19683
829 8.77352e-06 2.23109e-05 3.46702 6.1656e-06 8.92665e-06 1.21272
830 8.9993e-06 2.24491e-05 3.50106 6.34127e-06 8.76992e-06 1.18242
831 8.88738e-06 2.22806e-05 3.49633 6.12625e-06 8.71177e-06 1.16703
832 8.9523e-06 2.21692e-05 3.41315 6.35788e-06 8.98943e-06 1.2147
833 8.87879e-06 2.19577e-05 3.39354 6.35982e-06 8.71179e-06 1.17942
834 8.886e-06 2.16139e-05 3.3573 6.17431e-06 8.86738e-06 1.20185
835 9.05494e-06 2.28134e-05 3.57161 6.45991e-06 8.71207e-06 1.17565
836 9.09329e-06 2.20843e-05 3.37293 6.41767e-06 8.92125e-06 1.17842
837 8.96044e-06 2.2039e-05 3.395 6.38598e-06 8.86135e-06 1.19365
838 8.73798e-06 2.2083e-05 3.42035 6.05856e-06 8.914e-06 1.2097
839 9.13029e-06 2.18168e-05 3.36708 6.37575e-06 8.65912e-06 1.14991
840 9.1465e-06 2.19155e-05 3.37362 6.43834e-06 8.90063e-06 1.19039
841 9.22956e-06 2.17595e-05 3.39219 6.34407e-06 8.63869e-06 1.15358
842 8.89274e-06 2.1661e-05 3.37236 6.19194e-06 8.54985e-06 1.14594
843 9.24588e-06 2.27294e-05 3.56203 6.54677e-06 8.8092e-06 1.18902
844 8.84147e-06 2.21161e-05 3.43835 6.05018e-06 8.90735e-06 1.20459
845 9.41199e-06 2.17268e-05 3.38194 6.6116e-06 8.64726e-06 1.15279
846 9.03144e-06 2.24465e-05 3.47639 6.30256e-06 8.84774e-06 1.19474
847 8.80948e-06 2.29961e-05 3.57545 6.20591e-06 8.8339e-06 1.19296
848 8.88432e-06 2.25988e-05 3.51843 6.12051e-06 8.83169e-06 1.18197
849 9.0882e-06 2.25263e-05 3.47569 6.36904e-06 8.82117e-06 1.15625
850 8.87874e-06 2.23802e-05 3.49102 6.2415e-06 8.85899e-06 1.19511
851 8.59612e-06 2.29174e-05 3.58474 6.04687e-06 8.96924e-06 1.20363
852 9.02499e-06 2.19593e-05 3.36391 6.4005e-06 8.86131e-06 1.17787
853 8.97413e-06 2.13306e-05 3.2912 6.21683e-06 8.69246e-06 1.15427
854 8.86224e-06 2.23453e-05 3.46303 6.13353e-06 9.00322e-06 1.22737
855 8.96988e-06 2.19753e-05 3.38598 6.27494e-06 8.86552e-06 1.18904
856 9.19823e-06 2.12079e-05 3.24766 6.24277e-06 8.66983e-06 1.1484
857 8.88793e-06 2.24254e-05 3.46583 6.12156e-06 8.8323e-06 1.19614
858 8.82492e-06 2.2791e-05 3.53358 6.31353e-06 8.85174e-06 1.17284
859 8.74958e-06 2.21199e-05 3.42798 6.04717e-06 8.93073e-06 1.22095
860 8.78062e-06 2.24849e-05 3.48279 6.32949e-06 8.94016e-06 1.21223
861 8.88109e-06 2.28469e-05 3.53991 6.26947e-06 8.81849e-06 1.17828
862 8.74621e-06 2.26227e-05 3.53578 6.09984e-06 8.89859e-06 1.20534
863 8.83911e-06 2.20543e-05 3.36802 6.25003e-06 8.87645e-06 1.19384
864 8.85345e-06 2.2321e-05 3.445 6.09124e-06 8.85273e-06 1.20452
865 8.44307e-06 2.19238e-05 3.38019 5.87752e-06 8.71711e-06 1.18663
866 8.89465e-06 2.20631e-05 3.384 6.06305e-06 8.65838e-06 1.15701
867 8.82601e-06 2.31376e-05 3.6025 6.27075e-06 9.11856e-06 1.23488
868 8.89079e-06 2.22766e-05 3.43598 6.30312e-06 8.86581e-06 1.17684
869 9.20426e-06 2.12191e-05 3.253 6.3139e-06 8.68553e-06 1.17225
870 8.78735e-06 2.28357e-05 3.53678 6.24928e-06 8.82257e-06 1.17263
871 9.12703e-06 2.12409e-05 3.26275 6.35349e-06 8.56625e-06 1.13908
872 8.97798e-06 2.19407e-05 3.41903 6.22242e-06 8.88726e-06 1.18905
873 8.90045e-06 2.26601e-05 3.5144 6.37513e-06 8.82846e-06 1.18563
874 8.96676e-06 2.21526e-05 3.40808 6.36503e-06 8.87942e-06 1.18753
875 8.66183e-06 2.26309e-05 3.51231 6.06863e-06 8.93557e-06 1.19006
876 8.92823e-06 2.2611e-05 3.50881 6.41487e-06 8.94634e-06 1.21466
877 9.02265e-06 2.20462e-05 3.41107 6.29943e-06 8.65069e-06 1.15102
878 8.79309e-06 2.23615e-05 3.4637 6.0955e-06 8.89115e-06 1.2004
879 8.6406e-06 2.24702e-05 3.46959 6.00131e-06 8.88019e-06 1.18246
880 8.78387e-06 2.15104e-05 3.31728 6.06743e-06 8.57382e-06 1.15696
881 9.123e-06 2.23096e-05 3.44296 6.43835e-06 8.80577e-06 1.16334
882 9.14711e-06 2.17599e-05 3.34603 6.23891e-06 8.66583e-06 1.15601
883 9.01257e-06 2.19953e-05 3.40055 6.41257e-06 8.79591e-06 1.18461
884 8.73501e-06 2.2485e-05 3.50609 6.10681e-06 8.77798e-06 1.19013
885 8.79245e-06 2.23826e-05 3.45319 6.16955e-06 8.87327e-06 1.17179
886 8.58234e-06 2.17416e-05 3.36329 5.97551e-06 8.66528e-06 1.17635
887 8.82359e-06 2.11992e-05 3.28843 6.20338e-06 8.68091e-06 1.18571
888 8.47176e-06 2.22303e-05 3.46272 5.85581e-06 8.81807e-06 1.20016
889 8.83299e-06 2.29906e-05 3.56442 6.35024e-06 9.16677e-06 1.22119
890 8.94356e-06 2.2275e-05 3.41994 6.1868e-06 8.93725e-06 1.1719
891 8.77672e-06 2.23504e-05 3.43943 6.16811e-06 8.79811e-06 1.17156
892 8.80828e-06 2.32745e-05 3.60969 6.40265e-06 9.08715e-06 1.21072
893 8.839e-06 2.2548e-05 3.46963 6.20345e-06 8.79129e-06 1.15168
894 9.02041e-06 2.19419e-05 3.39609 6.29128e-06 8.59032e-06 1.14201
895 9.04914e-06 2.152e-05 3.30238 6.24978e-06 8.53266e-06 1.13676
896 8.83148e-06 2.20493e-05 3.40564 6.12338e-06 8.66431e-06 1.14282
897 8.93205e-06 2.20849e-05 3.44552 6.11027e-06 8.86903e-06 1.19168
898 8.7422e-06 2.28011e-05 3.51283 6.20468e-06 8.97699e-06 1.19733
899 9.28911e-06 2.15692e-05 3.34032 6.45906e-06 8.83544e-06 1.19052
900 9.04712e-06 2.27833e-05 3.53429 6.33327e-06 8.89315e-06 1.19668
901 8.723e-06 2.29164e-05 3.56428 6.19243e-06 8.78387e-06 1.15884
902 8.90323e-06 2.24072e-05 3.41805 6.2188e-06 8.8073e-06 1.14387
903 8.72759e-06 2.25755e-05 3.47643 6.16186e-06 8.7626e-06 1.15407
904 9.10709e-06 2.16165e-05 3.32112 6.41549e-06 8.52355e-06 1.11714
905 8.67955e-06 2.2746e-05 3.5133 6.13243e-06 8.96909e-06 1.21568
906 9.06682e-06 2.30242e-05 3.53676 6.44839e-06 8.90022e-06 1.16247
907 8.6952e-06 2.13016e-05 3.29636 5.86125e-06 8.69893e-06 1.16635
908 8.84937e-06 2.20356e-05 3.37198 6.26965e-06 8.8422e-06 1.17094
909 8.71646e-06 2.24185e-05 3.45328 6.24606e-06 8.8519e-06 1.16065
910 8.59657e-06 2.23161e-05 3.42366 5.93586e-06 9.00891e-06 1.21759
911 8.59184e-06 2.30405e-05 3.5833 6.14112e-06 8.94179e-06 1.20153
912 9.21441e-06 2.12318e-05 3.26121 6.32659e-06 8.58969e-06 1.13037
913 8.95077e-06 2.14641e-05 3.32789 6.07049e-06 8.68347e-06 1.1617
914 8.63402e-06 2.2488e-05 3.48868 5.87848e-06 9.03653e-06 1.21684
915 8.45834e-06 2.20402e-05 3.3993 5.84651e-06 8.69699e-06 1.15475
916 8.55708e-06 2.24407e-05 3.46953 5.9646e-06 9.03393e-06 1.21702
917 8.81183e-06 2.18459e-05 3.38772 6.13984e-06 8.88364e-06 1.19476
918 8.52532e-06 2.25813e-05 3.48437 5.99864e-06 9.0485e-06 1.201
919 9.09709e-06 2.23783e-05 3.45772 6.13696e-06 8.8242e-06 1.17358
920 8.68892e-06 2.21958e-05 3.40999 6.10445e-06 8.81766e-06 1.17952
921 8.99617e-06 2.21381e-05 3.39408 6.35107e-06 8.80449e-06 1.16108
922 8.50162e-06 2.20471e-05 3.39808 5.80148e-06 8.92171e-06 1.20167
923 8.94036e-06 2.26024e-05 3.50808 6.33972e-06 8.76436e-06 1.15748
924 8.50897e-06 2.26919e-05 3.51097 5.97713e-06 8.9384e-06 1.2009
925 8.78426e-06 2.23696e-05 3.457 6.06533e-06 8.86185e-06 1.19254
926 8.85839e-06 2.22397e-05 3.41527 6.10973e-06 8.88361e-06 1.18355
927 8.78326e-06 2.17727e-05 3.35204 6.12756e-06 8.87838e-06 1.18543
928 8.74295e-06 2.20063e-05 3.38513 6.11709e-06 8.8405e-06 1.17099
929 8.67818e-06 2.27279e-05 3.48935 6.15532e-06 9.09943e-06 1.19016
930 8.93642e-06 2.16898e-05 3.31204 6.07519e-06 8.75621e-06 1.16638
931 9.01444e-06 2.15841e-05 3.31727 6.20003e-06 8.60427e-06 1.13223
932 8.83715e-06 2.17651e-05 3.34212 6.06688e-06 8.65722e-06 1.13713
933 8.67747e-06 2.21524e-05 3.40336 6.0496e-06 8.87669e-06 1.17996
934 8.72767e-06 2.20188e-05 3.40426 5.95622e-06 8.74705e-06 1.15506
935 8.76643e-06 2.34541e-05 3.67691 6.09231e-06 9.03833e-06 1.21876
936 8.81152e-06 2.25799e-05 3.52004 6.1547e-06 8.83642e-06 1.19287
937 8.73026e-06 2.19857e-05 3.38594 5.97971e-06 8.712e-06 1.16438
938 8.86986e-06 2.22852e-05 3.42656 6.16626e-06 8.84758e-06 1.16977
939 8.80212e-06 2.21678e-05 3.42015 6.09597e-06 8.67153e-06 1.15279
940 8.72087e-06 2.2797e-05 3.55274 6.10645e-06 8.90395e-06 1.20916
941 9.059e-06 2.17431e-05 3.33473 6.18498e-06 8.73558e-06 1.1486
942 8.92858e-06 2.26783e-05 3.47824 6.352e-06 8.82227e-06 1.15838
943 8.89326e-06 2.1762e-05 3.31899 6.21797e-06 8.74636e-06 1.15383
944 8.94965e-06 2.23853e-05 3.4495 6.29569e-06 8.69973e-06 1.16203
945 8.76772e-06 2.27918e-05 3.51997 6.14168e-06 9.09176e-06 1.20039
946 8.62753e-06 2.21766e-05 3.42989 5.95317e-06 8.93262e-06 1.19868
947 8.49166e-06 2.19911e-05 3.38247 5.96339e-06 8.76586e-06 1.16837
948 8.94331e-06 2.25379e-05 3.48307 6.20649e-06 8.80451e-06 1.17813
949 8.8297e-06 2.15935e-05 3.31824 6.12493e-06 8.43692e-06 1.11246
950 8.606e-06 2.26477e-05 3.49825 5.98109e-06 9.13221e-06 1.21981
951 8.27441e-06 2.26397e-05 3.50689 5.76459e-06 8.76505e-06 1.16745
952 8.63813e-06 2.23666e-05 3.44015 6.00377e-06 8.88005e-06 1.17438
953 8.73574e-06 2.14771e-05 3.29314 6.13043e-06 8.67564e-06 1.16128
954 8.84996e-06 2.29384e-05 3.54 6.23674e-06 8.94853e-06 1.19007
955 8.52178e-06 2.23022e-05 3.4198 5.92781e-06 8.77986e-06 1.1671
956 8.89053e-06 2.14957e-05 3.32586 6.05732e-06 8.77869e-06 1.17513
957 8.515e-06 2.24844e-05 3.49129 5.90326e-06 8.90464e-06 1.17592
958 8.55364e-06 2.24992e-05 3.46309 6.02389e-06 8.84147e-06 1.17435
959 8.87548e-06 2.17181e-05 3.34437 5.97354e-06 8.67688e-06 1.14875
960 8.82541e-06 2.22064e-05 3.40905 6.02827e-06 8.90228e-06 1.1606
961 8.64807e-06 2.23298e-05 3.43041 5.9193e-06 8.83467e-06 1.17575
962 8.83821e-06 2.26753e-05 3.47549 6.23644e-06 8.86081e-06 1.16319
963 8.81508e-06 2.16919e-05 3.33077 6.22619e-06 8.6995e-06 1.13541
964 8.85359e-06 2.26767e-05 3.51481 6.05687e-06 8.75806e-06 1.15318
965 8.559e-06 2.15553e-05 3.29891 5.92959e-06 8.71384e-06 1.17137
966 8.81443e-06 2.24034e-05 3.47685 6.11238e-06 8.76953e-06 1.16327
967 8.83615e-06 2.14456e-05 3.26345 6.16258e-06 8.62203e-06 1.13124
968 8.36508e-06 2.24228e-05 3.48088 5.74988e-06 8.92484e-06 1.18613
969 8.93794e-06 2.1714e-05 3.31188 6.18213e-06 8.77629e-06 1.15395
970 8.4273e-06 2.2493e-05 3.51167 5.98009e-06 8.75502e-06 1.17105
971 8.73831e-06 2.1693e-05 3.33495 5.81909e-06 8.77418e-06 1.16701
972 8.6522e-06 2.34126e-05 3.59544 6.03697e-06 9.17357e-06 1.19991
973 8.81874e-06 2.22575e-05 3.43469 6.01953e-06 8.94837e-06 1.17919
974 8.7023e-06 2.13399e-05 3.27136 6.05453e-06 8.45438e-06 1.11421
975 8.702e-06 2.12711e-05 3.27112 5.82723e-06 8.66953e-06 1.15105
976 8.80461e-06 2.20739e-05 3.40731 6.03941e-06 8.89719e-06 1.16562
977 8.60681e-06 2.25446e-05 3.45429 6.00594e-06 9.05273e-06 1.19666
978 8.73595e-06 2.0757e-05 3.17906 5.87562e-06 8.37227e-06 1.08407
979 8.64855e-06 2.19926e-05 3.41254 6.00422e-06 8.86619e-06 1.18848
980 8.48927e-06 2.27246e-05 3.51852 5.72634e-06 8.96637e-06 1.19268
981 8.54096e-06 2.24625e-05 3.47904 5.97625e-06 8.87139e-06 1.18838
982 8.89463e-06 2.12822e-05 3.25311 6.01182e-06 8.62574e-06 1.13828
983 8.71734e-06 2.15786e-05 3.30313 5.98131e-06 8.69252e-06 1.13714
984 8.76196e-06 2.16354e-05 3.29502 5.95295e-06 8.66292e-06 1.12717
985 8.61987e-06 2.1603e-05 3.33648 5.91658e-06 8.46035e-06 1.11747
986 8.64803e-06 2.27792e-05 3.48812 6.13379e-06 8.92786e-06 1.17505
987 8.42186e-06 2.21671e-05 3.40671 5.7621e-06 8.89156e-06 1.17337
988 8.26845e-06 2.33694e-05 3.59697 5.82874e-06 8.8307e-06 1.16343
989 8.78612e-06 2.17207e-05 3.34088 5.91533e-06 8.77315e-06 1.15898
990 8.65411e-06 2.21917e-05 3.39182 5.86387e-06 8.99799e-06 1.16795
991 8.53306e-06 2.20644e-05 3.39549 5.8864e-06 8.70647e-06 1.1418
992 8.54621e-06 2.16715e-05 3.33287 5.84402e-06 8.65111e-06 1.14961
993 8.84844e-06 2.14992e-05 3.24926 6.07193e-06 8.67671e-06 1.12257
994 8.58594e-06 2.19108e-05 3.37308 5.78099e-06 8.87169e-06 1.17746
995 8.64229e-06 2.17004e-05 3.31436 6.04841e-06 8.5993e-06 1.12846
996 8.51194e-06 2.20894e-05 3.37763 5.73307e-06 8.70007e-06 1.12963
997 8.4673e-06 2.19368e-05 3.35008 5.78099e-06 8.69662e-06 1.14399
998 8.63093e-06 2.20705e-05 3.38553 5.92202e-06 8.69474e-06 1.13452
999 8.67002e-06 2.19308e-05 3.34535 5.88003e-06 8.79289e-06 1.14323
1000 8.36915e-06 2.25477e-05 3.46135 5.67751e-06 8.96941e-06 1.18697
