# ../optics --mode=conv_modified_vs_classical --conv-start=10 --conv-end=1000 --values-start=0.5 --values-end=1 --repetitions=1000 --xsigma=0.7 --output-file=comparison_1000_32_1000_xsigma0.7.txt --multiplier=32 ldata.txt
10 0.000129972 7.08768e-05 15.4654 9.85934e-05 4.75914e-05 11.2286
11 0.000118896 6.6865e-05 14.6333 9.03684e-05 4.53238e-05 10.7161
12 0.000112138 6.41621e-05 14.4261 8.74172e-05 4.27028e-05 10.2314
13 0.000106648 6.11321e-05 13.2761 8.24811e-05 4.15082e-05 9.7603
14 9.83155e-05 5.99749e-05 12.5655 7.56179e-05 4.00574e-05 9.07025
15 0.000101428 5.81506e-05 12.4223 7.49405e-05 3.83895e-05 8.85655
16 9.9194e-05 5.8376e-05 12.3666 7.66365e-05 3.66314e-05 8.72191
17 9.46986e-05 5.37566e-05 11.6669 6.86661e-05 3.42976e-05 7.98764
18 9.46056e-05 5.81033e-05 11.9481 6.75774e-05 3.38103e-05 7.91671
19 8.89665e-05 5.29359e-05 11.266 6.60755e-05 3.28502e-05 7.63981
20 8.58187e-05 5.01751e-05 10.7902 6.44687e-05 3.17206e-05 7.45317
21 8.06407e-05 5.04476e-05 10.7732 6.13638e-05 3.13519e-05 7.31383
22 8.26061e-05 5.01694e-05 10.6514 6.28963e-05 3.13299e-05 7.39065
23 8.06549e-05 4.96568e-05 10.3787 6.05451e-05 2.92732e-05 6.91545
24 7.75284e-05 4.87442e-05 10.0409 5.55542e-05 2.87313e-05 6.71582
25 7.99448e-05 4.47503e-05 9.61922 5.68526e-05 2.73567e-05 6.49733
26 7.72863e-05 4.68816e-05 9.87233 5.59211e-05 2.8169e-05 6.60214
27 7.60092e-05 4.67317e-05 9.90791 5.44353e-05 2.71783e-05 6.32558
28 7.1258e-05 3.95607e-05 8.56941 4.91223e-05 2.48364e-05 5.81181
29 7.31651e-05 4.21518e-05 9.16055 5.36296e-05 2.57766e-05 6.13908
30 7.29765e-05 4.41856e-05 9.43441 5.27364e-05 2.57747e-05 6.1761
31 6.89191e-05 4.07975e-05 8.8287 5.01916e-05 2.48333e-05 5.91562
32 6.85705e-05 4.24912e-05 8.94458 5.06482e-05 2.41232e-05 5.78961
33 6.83706e-05 4.05215e-05 8.75887 4.97156e-05 2.35133e-05 5.7568
34 6.93601e-05 3.93105e-05 8.53919 4.95579e-05 2.3635e-05 5.59881
35 6.90508e-05 4.08686e-05 8.68738 4.91747e-05 2.37244e-05 5.78205
36 6.79099e-05 4.16708e-05 8.7489 4.72477e-05 2.34061e-05 5.43081
37 6.8869e-05 3.86537e-05 8.30104 4.90399e-05 2.24279e-05 5.42563
38 6.41965e-05 3.97242e-05 8.41355 4.51884e-05 2.19357e-05 5.27162
39 6.19287e-05 4.00509e-05 8.29727 4.46879e-05 2.27987e-05 5.38582
40 6.35901e-05 3.93233e-05 8.22102 4.3706e-05 2.23399e-05 5.17491
41 6.53252e-05 3.88092e-05 8.43239 4.51077e-05 2.25217e-05 5.30061
42 6.36683e-05 3.69862e-05 8.07629 4.549e-05 2.0877e-05 5.14687
43 6.20783e-05 3.87437e-05 8.18797 4.31143e-05 2.1075e-05 5.02752
44 6.0623e-05 3.63516e-05 7.65932 4.20118e-05 2.10966e-05 4.96661
45 5.93205e-05 3.84719e-05 7.93028 4.1875e-05 2.15015e-05 5.04857
46 6.20722e-05 3.60435e-05 7.66873 4.1158e-05 1.9906e-05 4.73992
47 5.76628e-05 3.44105e-05 7.21349 3.91991e-05 1.98388e-05 4.72096
48 6.05391e-05 3.5743e-05 7.42168 4.06114e-05 1.93977e-05 4.62109
49 5.7854e-05 3.59029e-05 7.42544 3.94965e-05 1.94872e-05 4.54914
50 5.90132e-05 3.66012e-05 7.48343 3.91704e-05 1.90804e-05 4.46369
51 5.79232e-05 3.36968e-05 7.24354 3.87881e-05 1.86863e-05 4.56349
52 5.81613e-05 3.42168e-05 7.20209 3.76546e-05 1.86673e-05 4.35614
53 5.85419e-05 3.4981e-05 7.3232 3.814e-05 1.89179e-05 4.4437
54 5.8694e-05 3.68198e-05 7.61229 3.93343e-05 1.93205e-05 4.56419
55 5.78774e-05 3.54324e-05 7.4439 3.7655e-05 1.90664e-05 4.46092
56 5.69792e-05 3.31427e-05 7.00857 3.83813e-05 1.82234e-05 4.33907
57 5.7404e-05 3.31206e-05 6.92328 3.6498e-05 1.85623e-05 4.34696
58 5.29462e-05 3.09723e-05 6.41893 3.51401e-05 1.7251e-05 4.04641
59 5.57277e-05 3.21085e-05 6.98752 3.62868e-05 1.72551e-05 4.11634
60 5.43576e-05 3.37205e-05 6.99905 3.60344e-05 1.76938e-05 4.06849
61 5.49697e-05 3.20277e-05 6.82633 3.55348e-05 1.8123e-05 4.20699
62 5.37121e-05 3.26629e-05 6.8385 3.48976e-05 1.74035e-05 4.11728
63 5.56431e-05 3.47658e-05 7.25491 3.55212e-05 1.77398e-05 4.17019
64 5.40483e-05 3.02374e-05 6.59683 3.48665e-05 1.64496e-05 3.93187
65 5.69078e-05 3.30708e-05 6.8092 3.44295e-05 1.805e-05 4.12772
66 5.29348e-05 3.16884e-05 6.40503 3.25096e-05 1.7288e-05 3.90765
67 5.48294e-05 3.07853e-05 6.54993 3.37408e-05 1.67527e-05 3.99371
68 5.27005e-05 3.10315e-05 6.54339 3.36709e-05 1.59995e-05 3.86006
69 5.26177e-05 3.12966e-05 6.54852 3.30167e-05 1.62556e-05 3.81336
70 5.12227e-05 2.93377e-05 6.17069 3.17448e-05 1.57774e-05 3.68049
71 5.25445e-05 3.02554e-05 6.27575 3.30785e-05 1.64722e-05 3.79475
72 5.30828e-05 3.09074e-05 6.75119 3.26372e-05 1.58737e-05 3.82617
73 5.07022e-05 2.9839e-05 6.26833 3.24502e-05 1.56465e-05 3.76434
74 5.3034e-05 3.12211e-05 6.56858 3.2086e-05 1.64633e-05 3.8389
75 5.16188e-05 3.08884e-05 6.45934 3.16903e-05 1.55882e-05 3.64789
76 5.12622e-05 2.86e-05 6.16377 3.08204e-05 1.5401e-05 3.56658
77 5.23596e-05 2.93291e-05 6.2142 3.24553e-05 1.60015e-05 3.80653
78 5.11096e-05 2.90294e-05 6.10563 3.0811e-05 1.54217e-05 3.51568
79 5.1359e-05 2.89065e-05 6.03032 3.02935e-05 1.54465e-05 3.55072
80 4.80008e-05 2.97414e-05 6.20746 3.07355e-05 1.59162e-05 3.72532
81 5.08109e-05 2.80489e-05 5.854 2.9247e-05 1.45744e-05 3.30835
82 5.01639e-05 2.90116e-05 6.11279 3.09208e-05 1.4838e-05 3.55543
83 4.96463e-05 3.07821e-05 6.24842 2.96247e-05 1.55005e-05 3.53945
84 4.95599e-05 2.81907e-05 5.83994 2.94328e-05 1.47597e-05 3.39216
85 4.97147e-05 2.93691e-05 6.10971 3.07971e-05 1.48274e-05 3.43875
86 5.11434e-05 3.00421e-05 6.19632 3.04476e-05 1.56516e-05 3.70127
87 4.97118e-05 2.81732e-05 5.82767 2.90209e-05 1.46009e-05 3.37518
88 4.875e-05 2.86965e-05 6.02562 2.89158e-05 1.42407e-05 3.33713
89 5.02565e-05 2.88687e-05 6.06963 3.01933e-05 1.53462e-05 3.62659
90 4.88007e-05 2.82575e-05 5.9887 2.87872e-05 1.4141e-05 3.33832
91 5.02237e-05 2.79293e-05 5.75917 2.9391e-05 1.46002e-05 3.34531
92 5.06856e-05 2.70284e-05 5.76534 3.01026e-05 1.4022e-05 3.33193
93 5.04464e-05 2.75025e-05 5.95324 2.81853e-05 1.42683e-05 3.254
94 4.96693e-05 2.72857e-05 5.81526 2.87699e-05 1.37369e-05 3.3183
95 4.75522e-05 2.67488e-05 5.71472 2.87595e-05 1.33016e-05 3.25454
96 4.69483e-05 2.86072e-05 5.85782 2.88876e-05 1.39838e-05 3.3364
97 4.88641e-05 2.7944e-05 5.88694 2.81168e-05 1.3507e-05 3.25209
98 4.81675e-05 2.64309e-05 5.7251 2.78193e-05 1.40553e-05 3.24855
99 4.70896e-05 2.67355e-05 5.4178 2.71987e-05 1.41184e-05 3.21321
100 5.00778e-05 2.65396e-05 5.65077 2.82007e-05 1.40151e-05 3.31397
101 4.7358e-05 2.65802e-05 5.67556 2.77979e-05 1.3608e-05 3.15251
102 4.76225e-05 2.71849e-05 5.59263 2.81182e-05 1.37574e-05 3.23057
103 4.91131e-05 2.8156e-05 5.84573 2.72889e-05 1.40988e-05 3.24443
104 4.83333e-05 2.70094e-05 5.65455 2.79444e-05 1.37032e-05 3.30221
105 4.96788e-05 2.7624e-05 5.83945 2.72828e-05 1.33244e-05 3.12818
106 4.8278e-05 2.69587e-05 5.67545 2.66376e-05 1.35959e-05 3.11194
107 4.88508e-05 2.70002e-05 5.63231 2.72577e-05 1.34017e-05 3.18566
108 4.67479e-05 2.75335e-05 5.46578 2.44445e-05 1.3118e-05 2.95049
109 4.62987e-05 2.65777e-05 5.54551 2.68593e-05 1.40053e-05 3.2361
110 4.67289e-05 2.6191e-05 5.37696 2.63688e-05 1.32618e-05 3.04862
111 4.76575e-05 2.59759e-05 5.5495 2.60429e-05 1.325e-05 3.0782
112 4.60357e-05 2.45822e-05 5.21974 2.59049e-05 1.25775e-05 2.92343
113 4.52941e-05 2.60469e-05 5.32853 2.5746e-05 1.31273e-05 2.95501
114 4.79677e-05 2.61009e-05 5.61712 2.62142e-05 1.28232e-05 3.00945
115 4.80696e-05 2.61209e-05 5.47726 2.61821e-05 1.32877e-05 3.09421
116 4.79366e-05 2.55351e-05 5.41621 2.57858e-05 1.31501e-05 3.09434
117 4.72665e-05 2.56182e-05 5.39584 2.59601e-05 1.26992e-05 3.03451
118 4.77705e-05 2.62938e-05 5.51294 2.51719e-05 1.26193e-05 2.95269
119 4.6979e-05 2.61693e-05 5.55063 2.52485e-05 1.24676e-05 2.91227
120 4.65636e-05 2.51059e-05 5.36617 2.54201e-05 1.25673e-05 2.96591
121 4.588e-05 2.63527e-05 5.5662 2.54177e-05 1.28276e-05 3.00848
122 4.67125e-05 2.51224e-05 5.47069 2.53226e-05 1.26375e-05 2.95576
123 4.79519e-05 2.66114e-05 5.48249 2.51146e-05 1.27659e-05 2.98104
124 4.77722e-05 2.46126e-05 5.31351 2.42015e-05 1.2269e-05 2.8053
125 4.61104e-05 2.48174e-05 5.16408 2.42763e-05 1.18831e-05 2.7593
126 4.54002e-05 2.67264e-05 5.50074 2.48554e-05 1.23197e-05 2.90292
127 4.46224e-05 2.46421e-05 5.27593 2.34021e-05 1.20067e-05 2.85632
128 4.4815e-05 2.45124e-05 5.11199 2.43836e-05 1.21912e-05 2.84576
129 4.60575e-05 2.52435e-05 5.20134 2.43049e-05 1.23579e-05 2.85155
130 4.77936e-05 2.55521e-05 5.29547 2.50375e-05 1.22614e-05 2.90544
131 4.66466e-05 2.66941e-05 5.56342 2.40319e-05 1.21532e-05 2.87759
132 4.64612e-05 2.47112e-05 5.13686 2.42091e-05 1.17247e-05 2.71309
133 4.61433e-05 2.45605e-05 5.19782 2.47004e-05 1.16559e-05 2.77738
134 4.54192e-05 2.44183e-05 5.13829 2.38383e-05 1.19439e-05 2.76757
135 4.58177e-05 2.59484e-05 5.36601 2.43321e-05 1.19941e-05 2.82744
136 4.50854e-05 2.36916e-05 4.95121 2.41354e-05 1.1342e-05 2.64276
137 4.53327e-05 2.46759e-05 5.30359 2.34687e-05 1.15274e-05 2.74175
138 4.71111e-05 2.44634e-05 5.20141 2.43576e-05 1.16459e-05 2.70725
139 4.49687e-05 2.44547e-05 5.20679 2.32106e-05 1.14629e-05 2.65664
140 4.65823e-05 2.45133e-05 5.14547 2.4162e-05 1.16249e-05 2.76695
141 4.49795e-05 2.50908e-05 5.12909 2.35609e-05 1.20642e-05 2.75749
142 4.50685e-05 2.31618e-05 5.02855 2.33311e-05 1.10685e-05 2.65732
143 4.52815e-05 2.48936e-05 5.1017 2.25752e-05 1.16668e-05 2.70373
144 4.512e-05 2.47857e-05 5.05765 2.28253e-05 1.14523e-05 2.62907
145 4.52742e-05 2.5779e-05 5.34991 2.29583e-05 1.18286e-05 2.75451
146 4.56738e-05 2.42364e-05 5.11265 2.21229e-05 1.12452e-05 2.60046
147 4.57613e-05 2.3366e-05 4.89059 2.2518e-05 1.12718e-05 2.66138
148 4.5782e-05 2.45671e-05 5.10755 2.26739e-05 1.12756e-05 2.62453
149 4.4863e-05 2.39239e-05 4.8903 2.27175e-05 1.14233e-05 2.67099
150 4.6467e-05 2.48144e-05 5.1389 2.35418e-05 1.14639e-05 2.69479
151 4.55568e-05 2.29408e-05 4.8789 2.17571e-05 1.12164e-05 2.55555
152 4.40598e-05 2.32173e-05 4.84234 2.1836e-05 1.12495e-05 2.53978
153 4.52694e-05 2.44341e-05 5.06929 2.23646e-05 1.14039e-05 2.65263
154 4.29518e-05 2.44585e-05 5.06507 2.20771e-05 1.15041e-05 2.65466
155 4.55116e-05 2.40686e-05 4.97998 2.17128e-05 1.11806e-05 2.5439
156 4.45293e-05 2.34552e-05 4.78437 2.20709e-05 1.12726e-05 2.56886
157 4.35864e-05 2.48399e-05 5.06494 2.21963e-05 1.1123e-05 2.59315
158 4.38364e-05 2.48501e-05 5.02441 2.21449e-05 1.10995e-05 2.55316
159 4.32942e-05 2.44073e-05 4.85522 2.20388e-05 1.13019e-05 2.55814
160 4.50388e-05 2.36936e-05 4.88772 2.20071e-05 1.10804e-05 2.51835
161 4.52413e-05 2.52872e-05 5.27984 2.29013e-05 1.09134e-05 2.59311
162 4.37668e-05 2.27071e-05 4.82377 2.19489e-05 1.07633e-05 2.53095
163 4.26876e-05 2.32567e-05 4.75083 2.1297e-05 1.08545e-05 2.4455
164 4.37742e-05 2.28398e-05 4.71841 2.18093e-05 1.0933e-05 2.50558
165 4.34561e-05 2.38881e-05 4.81831 2.10039e-05 1.13113e-05 2.56772
166 4.53306e-05 2.31029e-05 4.92039 2.16786e-05 1.09801e-05 2.5087
167 4.44009e-05 2.35599e-05 4.95572 2.16786e-05 1.10424e-05 2.56493
168 4.32755e-05 2.30979e-05 4.59098 2.02566e-05 1.10579e-05 2.41603
169 4.38924e-05 2.19044e-05 4.54319 2.20261e-05 1.06901e-05 2.42001
170 4.31458e-05 2.33285e-05 4.72835 2.13723e-05 1.0877e-05 2.51933
171 4.29274e-05 2.28427e-05 4.69883 2.09153e-05 1.06225e-05 2.462
172 4.40941e-05 2.29852e-05 4.82962 2.12353e-05 1.02695e-05 2.36809
173 4.3131e-05 2.24093e-05 4.70923 2.04887e-05 1.0351e-05 2.38765
174 4.48046e-05 2.18991e-05 4.63468 2.08877e-05 1.01751e-05 2.37545
175 4.28975e-05 2.28346e-05 4.6191 2.07476e-05 1.06063e-05 2.40715
176 4.24538e-05 2.3836e-05 4.76974 2.01156e-05 1.09495e-05 2.4258
177 4.27432e-05 2.2459e-05 4.68863 2.03685e-05 1.02335e-05 2.38484
178 4.34567e-05 2.4073e-05 4.78692 1.99191e-05 1.07394e-05 2.39913
179 4.43597e-05 2.1502e-05 4.54353 2.06906e-05 1.00735e-05 2.34968
180 4.42386e-05 2.15239e-05 4.59516 2.09916e-05 1.02733e-05 2.36989
181 4.31827e-05 2.25591e-05 4.64658 2.02905e-05 1.03181e-05 2.33723
182 4.18348e-05 2.26812e-05 4.7561 2.00542e-05 1.02188e-05 2.36898
183 4.29069e-05 2.25469e-05 4.65151 2.01516e-05 1.01927e-05 2.37571
184 4.39266e-05 2.33428e-05 4.79151 2.0352e-05 1.0138e-05 2.28931
185 4.25773e-05 2.17554e-05 4.52949 2.04504e-05 1.01211e-05 2.38046
186 4.35234e-05 2.39135e-05 4.78843 2.02547e-05 1.03242e-05 2.32922
187 4.49101e-05 2.18896e-05 4.62171 2.04126e-05 9.93804e-06 2.26
188 4.25489e-05 2.20266e-05 4.52557 2.02104e-05 1.06079e-05 2.40237
189 4.47593e-05 2.35515e-05 4.89393 2.02283e-05 1.00094e-05 2.34427
190 4.41537e-05 2.16052e-05 4.49628 1.98141e-05 1.02924e-05 2.31706
191 4.28513e-05 2.21635e-05 4.62257 1.99718e-05 1.01936e-05 2.33865
192 4.31745e-05 2.26673e-05 4.52639 1.91799e-05 9.87295e-06 2.26235
193 4.33829e-05 2.22908e-05 4.59039 1.93728e-05 9.61739e-06 2.22184
194 4.28971e-05 2.26265e-05 4.5422 1.98287e-05 1.02987e-05 2.33802
195 4.3048e-05 2.28105e-05 4.63193 1.87059e-05 1.01512e-05 2.23269
196 4.39664e-05 2.20618e-05 4.48657 1.94778e-05 1.00958e-05 2.27824
197 4.37669e-05 2.09479e-05 4.33632 1.94199e-05 9.70318e-06 2.14935
198 4.30084e-05 2.14468e-05 4.48582 1.97944e-05 9.92664e-06 2.28338
199 4.42488e-05 2.23717e-05 4.6381 1.92579e-05 9.62934e-06 2.1712
200 4.40404e-05 2.11974e-05 4.43841 1.94401e-05 9.84186e-06 2.21797
201 4.25959e-05 2.252e-05 4.53043 1.93204e-05 9.97186e-06 2.2629
202 4.27027e-05 2.12457e-05 4.42189 1.89427e-05 9.60185e-06 2.17494
203 4.17793e-05 2.2001e-05 4.30073 1.9613e-05 1.00357e-05 2.26955
204 4.31503e-05 2.26711e-05 4.60556 1.96574e-05 9.71566e-06 2.21552
205 4.32006e-05 2.10593e-05 4.40751 1.94619e-05 9.19686e-06 2.12839
206 4.22458e-05 2.28192e-05 4.47072 1.93315e-05 1.02338e-05 2.29193
207 4.12649e-05 2.21518e-05 4.45221 1.87169e-05 9.71031e-06 2.19079
208 4.21432e-05 2.26838e-05 4.53778 1.90244e-05 9.82566e-06 2.24106
209 4.35137e-05 2.22857e-05 4.59328 1.9392e-05 9.71603e-06 2.2382
210 4.28368e-05 2.05998e-05 4.32286 1.89098e-05 9.83331e-06 2.23363
211 4.43556e-05 2.21947e-05 4.59989 2.05123e-05 9.84508e-06 2.31394
212 4.06831e-05 2.16523e-05 4.48634 1.98161e-05 9.89421e-06 2.31344
213 4.08906e-05 2.30062e-05 4.54419 1.8606e-05 1.00123e-05 2.27837
214 4.32607e-05 2.09e-05 4.19365 1.9282e-05 9.26734e-06 2.15594
215 4.31136e-05 2.24615e-05 4.47557 1.92952e-05 9.77422e-06 2.25709
216 4.28847e-05 2.1595e-05 4.32797 1.97157e-05 1.01056e-05 2.2796
217 4.29662e-05 2.14019e-05 4.46115 1.91677e-05 9.31086e-06 2.16941
218 4.25925e-05 2.1903e-05 4.4069 1.8587e-05 9.41415e-06 2.14859
219 4.31936e-05 2.21177e-05 4.49228 1.90992e-05 9.54543e-06 2.21276
220 4.18747e-05 2.1483e-05 4.42639 1.81125e-05 9.48758e-06 2.14416
221 4.36781e-05 2.15169e-05 4.40475 1.90071e-05 9.60331e-06 2.20252
222 4.26328e-05 2.12311e-05 4.4742 1.89978e-05 9.5409e-06 2.19307
223 4.27635e-05 2.0748e-05 4.35473 1.86799e-05 9.3085e-06 2.14342
224 4.25017e-05 2.22193e-05 4.37588 1.80258e-05 9.64512e-06 2.16688
225 4.25879e-05 2.18706e-05 4.30574 1.86851e-05 9.4257e-06 2.14821
226 4.21596e-05 2.15509e-05 4.3399 1.81126e-05 9.37712e-06 2.11187
227 4.14463e-05 2.17383e-05 4.33265 1.85513e-05 9.51722e-06 2.14016
228 4.16382e-05 2.27639e-05 4.56381 1.88158e-05 9.94075e-06 2.27466
229 4.32851e-05 2.13736e-05 4.36069 1.83875e-05 9.26382e-06 2.10644
230 4.23336e-05 2.13009e-05 4.32887 1.85741e-05 9.74375e-06 2.1877
231 4.2087e-05 2.10301e-05 4.28793 1.84589e-05 9.31223e-06 2.09607
232 4.17687e-05 2.22553e-05 4.38346 1.80653e-05 9.44225e-06 2.09544
233 4.24637e-05 2.11992e-05 4.2513 1.7521e-05 9.01428e-06 2.01415
234 4.16364e-05 2.03181e-05 4.02559 1.77844e-05 9.12289e-06 2.01949
235 4.19636e-05 2.14234e-05 4.36678 1.75968e-05 9.2898e-06 2.06855
236 4.12777e-05 2.20499e-05 4.42153 1.87075e-05 9.39667e-06 2.19156
237 4.20957e-05 2.06801e-05 4.14539 1.76158e-05 9.16162e-06 2.08028
238 4.20492e-05 2.19638e-05 4.40867 1.85802e-05 9.33238e-06 2.17
239 4.25022e-05 2.04187e-05 4.35039 1.9082e-05 9.07909e-06 2.1678
240 4.20132e-05 2.07879e-05 4.29613 1.79071e-05 9.33842e-06 2.08052
241 4.28405e-05 2.05241e-05 4.24204 1.76825e-05 8.81199e-06 2.02711
242 4.15207e-05 2.11267e-05 4.11287 1.76878e-05 9.12195e-06 2.08261
243 4.13331e-05 2.11779e-05 4.20328 1.75227e-05 9.18976e-06 2.06162
244 4.24536e-05 2.16845e-05 4.25944 1.86609e-05 9.33184e-06 2.13515
245 4.23315e-05 1.98651e-05 4.07278 1.81334e-05 9.05896e-06 2.03764
246 4.2139e-05 2.09235e-05 4.33701 1.83884e-05 9.36685e-06 2.15497
247 4.28036e-05 2.16211e-05 4.27209 1.81791e-05 8.95415e-06 2.04521
248 4.26836e-05 2.1142e-05 4.28625 1.8062e-05 8.81351e-06 2.05082
249 4.25418e-05 2.02285e-05 4.13115 1.67795e-05 8.77269e-06 1.92555
250 4.13577e-05 2.07598e-05 4.0925 1.72385e-05 9.11368e-06 2.04531
251 4.14318e-05 2.13318e-05 4.27887 1.69578e-05 9.0635e-06 2.06004
252 4.13855e-05 2.12218e-05 4.29433 1.7658e-05 8.89193e-06 2.06742
253 4.23182e-05 2.04022e-05 4.16246 1.74372e-05 9.13056e-06 2.02671
254 4.04521e-05 2.13406e-05 4.09617 1.66914e-05 8.93953e-06 2.00092
255 4.29687e-05 1.9767e-05 4.10154 1.79793e-05 8.97315e-06 2.09
256 4.10816e-05 2.11533e-05 4.25333 1.68945e-05 9.11959e-06 2.04848
257 4.17801e-05 2.06694e-05 4.22123 1.69134e-05 8.6983e-06 1.96406
258 4.324e-05 1.89576e-05 3.98859 1.7078e-05 8.13464e-06 1.881
259 4.11816e-05 2.06865e-05 4.13307 1.64037e-05 8.95958e-06 1.98718
260 4.13634e-05 2.07158e-05 4.13203 1.6528e-05 8.80105e-06 1.98247
261 4.2149e-05 1.96617e-05 3.98926 1.74904e-05 8.65085e-06 1.97566
262 4.28869e-05 2.02824e-05 4.07367 1.75382e-05 8.88411e-06 1.95535
263 4.16646e-05 2.17197e-05 4.27826 1.75249e-05 9.06453e-06 2.02057
264 4.20007e-05 2.07937e-05 4.12298 1.7248e-05 9.04759e-06 2.06844
265 4.16731e-05 2.10299e-05 4.20496 1.66827e-05 8.81067e-06 1.94573
266 4.17186e-05 2.02397e-05 4.12001 1.61329e-05 8.57811e-06 1.88698
267 4.05258e-05 1.96542e-05 4.04018 1.69335e-05 8.68846e-06 1.9629
268 4.28357e-05 2.01999e-05 4.17515 1.71543e-05 8.65903e-06 1.98395
269 4.12686e-05 2.08496e-05 4.08413 1.67327e-05 9.08184e-06 1.99608
270 4.19345e-05 1.90147e-05 3.92376 1.69246e-05 8.4769e-06 1.92717
271 4.17919e-05 1.99281e-05 4.03859 1.66527e-05 8.8529e-06 1.96373
272 4.10379e-05 1.98927e-05 3.97918 1.74872e-05 8.78451e-06 2.00478
273 4.14286e-05 1.95831e-05 4.00891 1.6094e-05 8.82014e-06 1.94676
274 4.12882e-05 2.08109e-05 4.12827 1.64865e-05 8.97729e-06 1.9914
275 4.13758e-05 2.03874e-05 4.13927 1.64556e-05 8.67972e-06 1.9479
276 4.14651e-05 1.94825e-05 3.96097 1.65133e-05 8.64084e-06 1.93833
277 4.0962e-05 2.01258e-05 3.91323 1.64724e-05 8.50928e-06 1.84825
278 4.0852e-05 1.93551e-05 3.86969 1.63815e-05 8.61027e-06 1.95837
279 4.16156e-05 1.88232e-05 3.91495 1.68741e-05 8.63961e-06 1.97359
280 4.07274e-05 1.95578e-05 3.94505 1.65208e-05 8.81083e-06 1.96916
281 4.10426e-05 1.96358e-05 4.03622 1.66269e-05 8.46062e-06 1.91576
282 4.12719e-05 1.97798e-05 3.8748 1.61222e-05 8.39712e-06 1.86171
283 4.17198e-05 1.94998e-05 3.92494 1.67008e-05 8.23185e-06 1.85582
284 4.08324e-05 2.02433e-05 4.127 1.63432e-05 8.44573e-06 1.90919
285 4.07554e-05 2.10631e-05 4.14161 1.64532e-05 8.85456e-06 1.95862
286 4.08069e-05 1.89183e-05 3.85678 1.64125e-05 8.02135e-06 1.82892
287 4.12261e-05 1.96347e-05 4.05462 1.59439e-05 8.39032e-06 1.89233
288 4.12924e-05 2.02447e-05 4.08919 1.65755e-05 8.46474e-06 1.96063
289 4.1973e-05 1.95233e-05 3.9462 1.62453e-05 8.69743e-06 1.96349
290 4.17835e-05 2.04464e-05 4.08247 1.62394e-05 8.67738e-06 1.93929
291 4.24616e-05 1.93507e-05 3.9759 1.70623e-05 8.2486e-06 1.92482
292 4.12142e-05 2.00893e-05 4.08386 1.63377e-05 8.54575e-06 1.9413
293 4.12404e-05 2.04682e-05 3.98935 1.64157e-05 8.54172e-06 1.93045
294 4.0873e-05 1.98693e-05 3.92961 1.61181e-05 8.42571e-06 1.88462
295 4.08511e-05 1.99463e-05 3.87032 1.57395e-05 8.48175e-06 1.86356
296 4.02922e-05 1.99819e-05 3.85302 1.58313e-05 8.64388e-06 1.90731
297 4.18468e-05 1.9043e-05 3.90738 1.67108e-05 8.04819e-06 1.84941
298 3.97792e-05 2.07331e-05 4.11784 1.61143e-05 8.66752e-06 1.95189
299 4.13992e-05 2.14048e-05 4.12037 1.63043e-05 8.48389e-06 1.90421
300 4.17601e-05 1.97884e-05 3.96836 1.61137e-05 8.25824e-06 1.83809
301 4.13798e-05 1.953e-05 3.88865 1.56485e-05 8.00258e-06 1.76891
302 4.13961e-05 1.96508e-05 3.85636 1.61388e-05 8.67748e-06 1.92486
303 4.12361e-05 1.94386e-05 3.776 1.56074e-05 8.00681e-06 1.83908
304 4.12202e-05 1.93291e-05 3.8525 1.64362e-05 8.24883e-06 1.87312
305 4.21549e-05 1.93284e-05 3.87489 1.65842e-05 8.10826e-06 1.86138
306 4.03751e-05 2.00405e-05 3.93808 1.57309e-05 8.43942e-06 1.86248
307 4.05193e-05 1.91751e-05 3.74804 1.56584e-05 8.02439e-06 1.78256
308 4.09117e-05 1.87786e-05 3.81384 1.63617e-05 8.00488e-06 1.82286
309 4.04631e-05 1.90315e-05 3.66626 1.54257e-05 8.11213e-06 1.78155
310 3.9378e-05 1.93333e-05 3.8138 1.51457e-05 8.16626e-06 1.81446
311 4.0462e-05 1.99207e-05 3.87501 1.52302e-05 8.12501e-06 1.81967
312 4.02849e-05 1.99946e-05 3.78415 1.60596e-05 8.37341e-06 1.86076
313 4.01531e-05 1.91881e-05 3.76096 1.57008e-05 8.38695e-06 1.83342
314 4.16402e-05 1.96809e-05 3.90778 1.60033e-05 7.97164e-06 1.85194
315 4.06447e-05 1.88762e-05 3.81728 1.56166e-05 7.77701e-06 1.75474
316 3.99764e-05 1.94926e-05 3.8138 1.54899e-05 8.19405e-06 1.80857
317 4.08432e-05 2.08636e-05 4.09696 1.60263e-05 8.47748e-06 1.9481
318 4.08891e-05 1.99787e-05 3.93946 1.57286e-05 8.02007e-06 1.83597
319 4.09049e-05 1.95541e-05 3.75034 1.49661e-05 8.03604e-06 1.76263
320 4.01473e-05 1.92378e-05 3.84346 1.5406e-05 8.10823e-06 1.84608
321 4.15786e-05 1.92757e-05 3.86911 1.65156e-05 7.97426e-06 1.84166
322 4.15556e-05 1.93055e-05 3.83774 1.57277e-05 7.93438e-06 1.78051
323 4.14432e-05 1.97562e-05 3.86352 1.55898e-05 7.91238e-06 1.75992
324 4.10845e-05 1.82297e-05 3.71481 1.51121e-05 7.94021e-06 1.72836
325 4.0916e-05 2.00483e-05 3.99117 1.57031e-05 7.95803e-06 1.81279
326 4.10315e-05 1.82915e-05 3.70947 1.49093e-05 7.93076e-06 1.7556
327 4.09613e-05 1.94519e-05 3.76404 1.49971e-05 8.24989e-06 1.81255
328 4.0553e-05 1.8372e-05 3.67432 1.51751e-05 8.08105e-06 1.80658
329 4.08961e-05 1.91466e-05 3.78694 1.51774e-05 7.96165e-06 1.74595
330 4.05976e-05 1.90209e-05 3.71303 1.52275e-05 7.96069e-06 1.76971
331 3.97642e-05 1.84822e-05 3.61982 1.48795e-05 7.95524e-06 1.7399
332 4.01088e-05 1.94882e-05 3.85311 1.56202e-05 8.01961e-06 1.8145
333 4.09674e-05 1.88168e-05 3.76733 1.41863e-05 7.7756e-06 1.68723
334 4.03806e-05 1.92267e-05 3.67556 1.5285e-05 7.9064e-06 1.74655
335 3.9941e-05 1.98777e-05 3.78379 1.51888e-05 7.98269e-06 1.77821
336 4.03759e-05 1.91708e-05 3.78635 1.51716e-05 8.13914e-06 1.81825
337 4.07213e-05 1.81507e-05 3.73581 1.51598e-05 7.59691e-06 1.74387
338 4.09184e-05 1.96448e-05 3.87435 1.57937e-05 7.82249e-06 1.80188
339 3.97107e-05 1.8449e-05 3.60268 1.57135e-05 7.78292e-06 1.76389
340 3.99865e-05 1.89663e-05 3.80588 1.45874e-05 7.7679e-06 1.75849
341 4.16595e-05 1.75407e-05 3.6274 1.52178e-05 7.54995e-06 1.68264
342 4.12751e-05 1.84203e-05 3.77114 1.46629e-05 7.7767e-06 1.72499
343 3.92985e-05 1.95386e-05 3.79391 1.552e-05 7.98057e-06 1.83082
344 4.25958e-05 1.86641e-05 3.75724 1.54294e-05 7.84926e-06 1.72798
345 4.09897e-05 1.86999e-05 3.70316 1.52622e-05 7.79686e-06 1.72861
346 4.09433e-05 1.8967e-05 3.7401 1.46528e-05 7.78118e-06 1.71378
347 4.02961e-05 1.96848e-05 3.8759 1.45406e-05 8.02536e-06 1.76794
348 3.91118e-05 1.8938e-05 3.68569 1.44652e-05 7.83145e-06 1.71308
349 4.02263e-05 1.95331e-05 3.73679 1.49526e-05 7.7861e-06 1.71694
350 3.89773e-05 2.01462e-05 3.76527 1.48503e-05 8.12859e-06 1.75856
351 4.0754e-05 1.89353e-05 3.61803 1.47231e-05 7.80453e-06 1.70203
352 4.07035e-05 1.88509e-05 3.68893 1.44787e-05 7.68701e-06 1.70042
353 4.1391e-05 1.925e-05 3.7515 1.46607e-05 7.85741e-06 1.76598
354 4.07588e-05 1.97502e-05 3.81084 1.46629e-05 7.74126e-06 1.70814
355 3.99294e-05 1.8965e-05 3.64839 1.43552e-05 7.71389e-06 1.68802
356 4.08518e-05 1.88296e-05 3.66898 1.41555e-05 7.85413e-06 1.69896
357 4.09175e-05 1.94092e-05 3.72534 1.40834e-05 7.48867e-06 1.64616
358 3.98785e-05 1.8565e-05 3.60642 1.48387e-05 7.57591e-06 1.71798
359 3.98138e-05 1.85798e-05 3.58343 1.43282e-05 7.52648e-06 1.66371
360 4.13975e-05 1.94362e-05 3.70954 1.46262e-05 7.59657e-06 1.65558
361 4.09176e-05 1.87742e-05 3.80279 1.47845e-05 7.67742e-06 1.74544
362 3.96347e-05 1.91361e-05 3.59187 1.45273e-05 7.75839e-06 1.705
363 4.00777e-05 1.93865e-05 3.78893 1.46969e-05 7.68795e-06 1.7064
364 3.92371e-05 1.98792e-05 3.66334 1.4041e-05 7.67411e-06 1.658
365 4.02347e-05 1.83107e-05 3.55938 1.46166e-05 7.5501e-06 1.67794
366 3.88778e-05 1.98062e-05 3.57299 1.44739e-05 7.95804e-06 1.70717
367 4.09304e-05 1.76616e-05 3.5737 1.45732e-05 7.06353e-06 1.59917
368 4.04316e-05 1.89282e-05 3.70406 1.40554e-05 7.83831e-06 1.67992
369 4.0028e-05 1.876e-05 3.63518 1.51255e-05 7.59438e-06 1.73503
370 3.97513e-05 1.84318e-05 3.56176 1.38845e-05 7.54869e-06 1.61853
371 4.04513e-05 1.91163e-05 3.60423 1.37835e-05 7.59408e-06 1.62861
372 4.05936e-05 1.80507e-05 3.60829 1.43343e-05 7.27475e-06 1.61095
373 4.06804e-05 1.73803e-05 3.50771 1.45284e-05 7.59294e-06 1.70698
374 4.03958e-05 1.77183e-05 3.51838 1.46807e-05 7.41787e-06 1.70153
375 4.22028e-05 1.81447e-05 3.60017 1.41835e-05 7.27558e-06 1.61396
376 4.08882e-05 1.81555e-05 3.49847 1.44357e-05 7.27828e-06 1.59409
377 4.07709e-05 1.9434e-05 3.74993 1.46155e-05 7.56822e-06 1.67802
378 4.04137e-05 1.79182e-05 3.47282 1.41904e-05 6.89043e-06 1.56176
379 4.00549e-05 1.8909e-05 3.66365 1.43497e-05 7.61817e-06 1.68798
380 4.01356e-05 1.92909e-05 3.66864 1.42373e-05 7.62852e-06 1.66965
381 3.99034e-05 1.75703e-05 3.43879 1.4185e-05 7.23279e-06 1.62618
382 3.99802e-05 1.90134e-05 3.62776 1.47592e-05 7.90784e-06 1.72649
383 4.02904e-05 1.87797e-05 3.5766 1.3215e-05 7.54903e-06 1.6169
384 4.10716e-05 1.85678e-05 3.55806 1.3624e-05 7.48252e-06 1.5944
385 4.18333e-05 1.81115e-05 3.64872 1.46245e-05 7.17956e-06 1.61356
386 4.03552e-05 1.7803e-05 3.57032 1.36646e-05 7.38016e-06 1.64282
387 4.08062e-05 1.87954e-05 3.69153 1.44596e-05 7.63442e-06 1.67767
388 3.97027e-05 1.86321e-05 3.51617 1.33524e-05 7.80745e-06 1.66267
389 4.0154e-05 1.88951e-05 3.75041 1.4222e-05 7.79593e-06 1.69468
390 3.82775e-05 1.82462e-05 3.49986 1.39239e-05 7.24583e-06 1.62963
391 4.07578e-05 1.85085e-05 3.68174 1.41528e-05 7.59073e-06 1.67003
392 3.9647e-05 1.79534e-05 3.46234 1.44774e-05 7.35771e-06 1.65029
393 4.13131e-05 1.73895e-05 3.48916 1.36286e-05 7.20914e-06 1.56174
394 3.95258e-05 1.96485e-05 3.72727 1.39973e-05 7.91698e-06 1.70616
395 3.93469e-05 1.82802e-05 3.48897 1.37945e-05 7.23191e-06 1.61113
396 4.00842e-05 1.79415e-05 3.47944 1.41574e-05 7.15392e-06 1.56359
397 4.13938e-05 1.92043e-05 3.69145 1.45826e-05 7.78522e-06 1.68516
398 3.95581e-05 1.89364e-05 3.71162 1.41381e-05 7.43883e-06 1.6539
399 3.99318e-05 1.80123e-05 3.43846 1.36763e-05 7.49876e-06 1.61301
400 4.01943e-05 1.72144e-05 3.28576 1.38178e-05 7.16571e-06 1.57922
401 3.95652e-05 1.88432e-05 3.61158 1.35928e-05 7.476e-06 1.58554
402 4.02106e-05 1.7317e-05 3.44362 1.3044e-05 6.8314e-06 1.52147
403 3.93697e-05 1.8556e-05 3.41805 1.35163e-05 7.22549e-06 1.56638
404 4.016e-05 1.86427e-05 3.69474 1.51464e-05 7.51762e-06 1.71196
405 4.01836e-05 1.83505e-05 3.47712 1.40627e-05 7.43693e-06 1.63454
406 4.03736e-05 1.78415e-05 3.44991 1.34586e-05 7.16712e-06 1.5668
407 3.98602e-05 1.82706e-05 3.44267 1.36367e-05 7.29753e-06 1.58956
408 3.97016e-05 1.77313e-05 3.44307 1.35458e-05 7.11419e-06 1.57127
409 3.91838e-05 1.80899e-05 3.39048 1.33861e-05 7.34185e-06 1.5969
410 4.12446e-05 1.82872e-05 3.50657 1.31988e-05 7.40029e-06 1.59848
411 4.05541e-05 1.74487e-05 3.38249 1.39254e-05 7.06243e-06 1.5602
412 4.01662e-05 1.76614e-05 3.57842 1.37492e-05 7.02172e-06 1.5712
413 4.09082e-05 1.92647e-05 3.65755 1.35883e-05 7.48326e-06 1.60951
414 4.036e-05 1.77631e-05 3.51649 1.39691e-05 7.09584e-06 1.5828
415 4.00185e-05 1.69736e-05 3.37281 1.35473e-05 7.00286e-06 1.55286
416 3.89502e-05 1.85672e-05 3.37747 1.33886e-05 7.72122e-06 1.63839
417 4.07741e-05 1.81693e-05 3.52177 1.35071e-05 7.26307e-06 1.58504
418 3.94856e-05 1.84154e-05 3.49203 1.3932e-05 7.17704e-06 1.59354
419 4.07683e-05 1.72657e-05 3.40857 1.37676e-05 7.11124e-06 1.56421
420 3.9923e-05 1.76694e-05 3.43197 1.37018e-05 7.08677e-06 1.57189
421 4.06739e-05 1.73727e-05 3.42742 1.32869e-05 7.08172e-06 1.5357
422 4.05235e-05 1.86007e-05 3.52249 1.3379e-05 7.1631e-06 1.5877
423 4.02386e-05 1.81031e-05 3.36002 1.25656e-05 7.24247e-06 1.51631
424 3.95512e-05 1.80969e-05 3.54094 1.36762e-05 7.13063e-06 1.56834
425 3.90595e-05 1.93146e-05 3.511 1.33984e-05 7.34758e-06 1.54755
426 4.03733e-05 1.83855e-05 3.55206 1.37481e-05 7.22588e-06 1.60173
427 3.9518e-05 1.84131e-05 3.42597 1.33625e-05 7.1955e-06 1.56626
428 4.04583e-05 1.79024e-05 3.57706 1.3054e-05 7.0283e-06 1.51017
429 4.04154e-05 1.9238e-05 3.5256 1.39095e-05 7.29358e-06 1.58368
430 3.94392e-05 1.8544e-05 3.53553 1.35124e-05 7.2031e-06 1.57082
431 3.91701e-05 1.80748e-05 3.45833 1.31888e-05 6.97664e-06 1.51179
432 3.97388e-05 1.89802e-05 3.47509 1.36225e-05 7.11014e-06 1.57443
433 3.92307e-05 1.72221e-05 3.35128 1.2961e-05 7.05051e-06 1.52542
434 3.89663e-05 1.79008e-05 3.45178 1.31508e-05 7.13126e-06 1.58902
435 4.0052e-05 1.76419e-05 3.34472 1.29785e-05 7.00411e-06 1.53852
436 3.93777e-05 1.81521e-05 3.44447 1.3526e-05 7.02062e-06 1.54774
437 3.88898e-05 1.81499e-05 3.4098 1.33037e-05 7.32615e-06 1.59322
438 3.95336e-05 1.72724e-05 3.38417 1.27829e-05 6.91867e-06 1.5048
439 3.91639e-05 1.81534e-05 3.43763 1.34568e-05 7.0098e-06 1.56358
440 3.90101e-05 1.80444e-05 3.46992 1.3111e-05 7.05409e-06 1.56314
441 3.96114e-05 1.75706e-05 3.50368 1.32501e-05 7.1996e-06 1.5899
442 3.98027e-05 1.74464e-05 3.35901 1.33814e-05 6.80479e-06 1.50825
443 4.03537e-05 1.67677e-05 3.33663 1.30962e-05 6.90784e-06 1.50144
444 3.91949e-05 1.85025e-05 3.51544 1.2867e-05 7.08164e-06 1.53675
445 3.92025e-05 1.79653e-05 3.1806 1.32325e-05 6.80874e-06 1.47581
446 3.95295e-05 1.75539e-05 3.32478 1.30979e-05 6.90623e-06 1.48424
447 3.98009e-05 1.81782e-05 3.3603 1.31506e-05 7.21251e-06 1.56426
448 3.89277e-05 1.80719e-05 3.3751 1.31668e-05 7.16251e-06 1.55492
449 4.10857e-05 1.7781e-05 3.34888 1.28392e-05 6.79194e-06 1.46846
450 3.94906e-05 1.8393e-05 3.53014 1.28632e-05 7.0471e-06 1.53732
451 3.9794e-05 1.70966e-05 3.28981 1.2955e-05 6.87221e-06 1.48161
452 4.02959e-05 1.77143e-05 3.38272 1.27699e-05 7.05383e-06 1.51716
453 4.02348e-05 1.82271e-05 3.41976 1.2823e-05 6.834e-06 1.47263
454 3.9325e-05 1.81496e-05 3.327 1.30843e-05 7.0157e-06 1.50271
455 4.01556e-05 1.89016e-05 3.44942 1.29043e-05 7.15907e-06 1.54184
456 4.04005e-05 1.82328e-05 3.29198 1.24992e-05 6.84179e-06 1.44789
457 3.981e-05 1.74521e-05 3.293 1.29009e-05 6.92003e-06 1.4766
458 3.83988e-05 1.85265e-05 3.31128 1.29495e-05 7.33902e-06 1.54482
459 4.00242e-05 1.71237e-05 3.28767 1.26569e-05 6.9215e-06 1.48682
460 4.03662e-05 1.82335e-05 3.45189 1.30272e-05 7.14053e-06 1.55973
461 3.98052e-05 1.75745e-05 3.34336 1.25341e-05 6.84691e-06 1.46772
462 4.0125e-05 1.78193e-05 3.36968 1.25158e-05 6.72707e-06 1.41956
463 4.03557e-05 1.82081e-05 3.34273 1.25431e-05 7.06214e-06 1.52504
464 4.04508e-05 1.83609e-05 3.45856 1.21681e-05 6.96669e-06 1.48336
465 4.00232e-05 1.76108e-05 3.29459 1.26647e-05 6.72472e-06 1.45525
466 4.03192e-05 1.72838e-05 3.34462 1.31926e-05 6.83008e-06 1.49643
467 4.07477e-05 1.68033e-05 3.37272 1.29628e-05 6.76702e-06 1.47724
468 3.94852e-05 1.70942e-05 3.23404 1.24881e-05 6.9534e-06 1.47075
469 3.9414e-05 1.8236e-05 3.35265 1.2754e-05 6.89386e-06 1.50723
470 3.94253e-05 1.83913e-05 3.39157 1.29804e-05 7.03825e-06 1.5043
471 3.87797e-05 1.83256e-05 3.49145 1.32506e-05 6.55879e-06 1.45871
472 3.97714e-05 1.74278e-05 3.28159 1.24494e-05 6.7844e-06 1.47211
473 3.92165e-05 1.76683e-05 3.27579 1.29034e-05 7.01911e-06 1.49953
474 3.91893e-05 1.77264e-05 3.27968 1.29017e-05 6.91376e-06 1.49295
475 3.91931e-05 1.80829e-05 3.40379 1.25586e-05 6.98932e-06 1.53573
476 3.90958e-05 1.73503e-05 3.23675 1.27177e-05 6.77415e-06 1.44733
477 3.9255e-05 1.69185e-05 3.24959 1.22159e-05 6.57846e-06 1.43612
478 3.92128e-05 1.88582e-05 3.37935 1.26176e-05 7.11207e-06 1.51408
479 4.005e-05 1.79552e-05 3.23435 1.30573e-05 6.9242e-06 1.49417
480 4.00143e-05 1.72153e-05 3.23627 1.2572e-05 6.68467e-06 1.44801
481 3.93324e-05 1.8478e-05 3.35625 1.24441e-05 7.15093e-06 1.49678
482 3.84958e-05 1.82609e-05 3.29699 1.19659e-05 6.8759e-06 1.48516
483 4.07309e-05 1.78021e-05 3.4107 1.31153e-05 6.6844e-06 1.50618
484 4.00728e-05 1.77196e-05 3.23559 1.25922e-05 6.71752e-06 1.41968
485 3.93298e-05 1.82508e-05 3.37469 1.30646e-05 7.04314e-06 1.54602
486 3.94258e-05 1.82803e-05 3.35788 1.29099e-05 7.21304e-06 1.57315
487 3.87286e-05 1.77695e-05 3.33499 1.27725e-05 6.9668e-06 1.49852
488 4.04053e-05 1.75533e-05 3.33102 1.23153e-05 6.7429e-06 1.44819
489 3.95404e-05 1.74788e-05 3.27179 1.24938e-05 6.76273e-06 1.45815
490 3.96343e-05 1.73993e-05 3.24507 1.23021e-05 6.81461e-06 1.43507
491 3.97903e-05 1.82942e-05 3.3408 1.24097e-05 7.13713e-06 1.49548
492 3.99079e-05 1.73742e-05 3.22877 1.22024e-05 6.59544e-06 1.38501
493 3.98341e-05 1.76032e-05 3.2817 1.31107e-05 7.03199e-06 1.52895
494 3.89043e-05 1.76469e-05 3.243 1.18583e-05 6.64819e-06 1.41644
495 3.91189e-05 1.82611e-05 3.27887 1.22724e-05 6.78463e-06 1.42732
496 3.95146e-05 1.81162e-05 3.35554 1.25644e-05 6.60537e-06 1.43631
497 3.92348e-05 1.75967e-05 3.2271 1.2251e-05 6.45122e-06 1.38092
498 3.93895e-05 1.75418e-05 3.20584 1.20061e-05 6.55787e-06 1.40058
499 3.88897e-05 1.82226e-05 3.27664 1.22022e-05 6.8831e-06 1.47436
500 3.93613e-05 1.79715e-05 3.3559 1.23756e-05 6.8377e-06 1.45649
501 3.88203e-05 1.7775e-05 3.13425 1.19648e-05 6.69932e-06 1.40535
502 3.94551e-05 1.67856e-05 3.22475 1.27706e-05 6.4232e-06 1.41529
503 4.0326e-05 1.74808e-05 3.3415 1.2696e-05 6.5984e-06 1.43898
504 3.95615e-05 1.69742e-05 3.08558 1.21379e-05 6.72809e-06 1.39261
505 4.03764e-05 1.68517e-05 3.34706 1.16725e-05 6.3571e-06 1.36175
506 3.92702e-05 1.83552e-05 3.2649 1.25349e-05 6.80668e-06 1.43828
507 4.02355e-05 1.73778e-05 3.24148 1.25246e-05 6.88523e-06 1.47805
508 3.94395e-05 1.75331e-05 3.17906 1.25006e-05 6.31218e-06 1.40039
509 4.07196e-05 1.7457e-05 3.4257 1.27136e-05 6.43135e-06 1.44747
510 3.87295e-05 1.71975e-05 3.26815 1.21679e-05 6.49273e-06 1.3731
511 4.05931e-05 1.73929e-05 3.27956 1.22361e-05 6.7016e-06 1.39997
512 3.86696e-05 1.77088e-05 3.08938 1.228e-05 6.72115e-06 1.43335
513 3.87209e-05 1.757e-05 3.24804 1.19852e-05 6.5987e-06 1.39451
514 3.80163e-05 1.80707e-05 3.20686 1.20863e-05 6.95088e-06 1.47593
515 3.9984e-05 1.71182e-05 3.19075 1.2171e-05 6.35215e-06 1.38555
516 3.96513e-05 1.8281e-05 3.3483 1.16109e-05 6.7553e-06 1.4289
517 3.93425e-05 1.77783e-05 3.14344 1.19285e-05 6.57277e-06 1.37153
518 3.9944e-05 1.70289e-05 3.18585 1.18692e-05 6.52256e-06 1.4214
519 3.98453e-05 1.72003e-05 3.19418 1.21493e-05 6.72855e-06 1.41882
520 3.96513e-05 1.68268e-05 3.04004 1.18005e-05 6.6065e-06 1.40164
521 3.93115e-05 1.67826e-05 3.17537 1.22681e-05 6.73226e-06 1.45608
522 3.91081e-05 1.69038e-05 3.07287 1.1809e-05 6.63786e-06 1.4023
523 3.93521e-05 1.65479e-05 3.08799 1.20686e-05 6.42468e-06 1.3659
524 3.8541e-05 1.80675e-05 3.21246 1.18762e-05 6.62883e-06 1.39209
525 3.86658e-05 1.7455e-05 3.14354 1.18599e-05 6.37784e-06 1.38058
526 3.9182e-05 1.70434e-05 3.15234 1.16727e-05 6.4113e-06 1.36237
527 3.89545e-05 1.72776e-05 3.22179 1.18084e-05 6.3227e-06 1.35174
528 3.85121e-05 1.75727e-05 3.17989 1.22125e-05 6.72226e-06 1.4362
529 3.95639e-05 1.70501e-05 3.24031 1.1937e-05 6.33885e-06 1.36123
530 3.98009e-05 1.7457e-05 3.24184 1.2312e-05 6.40847e-06 1.38641
531 3.95983e-05 1.69318e-05 3.20975 1.20286e-05 6.42621e-06 1.38789
532 3.90237e-05 1.71293e-05 3.25514 1.20147e-05 6.38157e-06 1.36752
533 3.9485e-05 1.83362e-05 3.23174 1.20307e-05 6.91371e-06 1.46207
534 3.99968e-05 1.7513e-05 3.29683 1.21949e-05 6.43593e-06 1.39456
535 3.86908e-05 1.79975e-05 3.33626 1.18433e-05 6.48128e-06 1.39464
536 3.9626e-05 1.7831e-05 3.25144 1.14584e-05 6.78373e-06 1.42333
537 4.01806e-05 1.69354e-05 3.18014 1.18882e-05 6.40215e-06 1.35328
538 3.89754e-05 1.77651e-05 3.17579 1.15552e-05 6.66845e-06 1.40123
539 3.86428e-05 1.81139e-05 3.22834 1.18031e-05 6.5493e-06 1.40798
540 3.83113e-05 1.69753e-05 3.18619 1.20955e-05 6.49776e-06 1.40416
541 3.93514e-05 1.70102e-05 3.0623 1.1933e-05 6.63602e-06 1.36284
542 3.87599e-05 1.7896e-05 3.19409 1.19838e-05 6.69605e-06 1.42342
543 3.92568e-05 1.67268e-05 3.19251 1.18838e-05 6.45975e-06 1.36689
544 3.95171e-05 1.72518e-05 3.17499 1.21841e-05 6.89431e-06 1.45401
545 3.90094e-05 1.74629e-05 3.17539 1.18381e-05 6.5139e-06 1.39119
546 3.86028e-05 1.78094e-05 3.22263 1.15098e-05 6.68879e-06 1.39094
547 3.85235e-05 1.71336e-05 3.01922 1.16414e-05 6.45815e-06 1.38977
548 4.00851e-05 1.71008e-05 3.0812 1.1861e-05 6.67249e-06 1.44818
549 3.99421e-05 1.68538e-05 3.09432 1.16119e-05 6.22378e-06 1.33458
550 3.8979e-05 1.78186e-05 3.21819 1.18836e-05 6.5006e-06 1.40024
551 3.95094e-05 1.71426e-05 3.14131 1.16661e-05 6.24069e-06 1.34183
552 3.93865e-05 1.70588e-05 3.13511 1.16309e-05 6.4132e-06 1.35037
553 3.97575e-05 1.67802e-05 3.22601 1.20305e-05 6.36569e-06 1.39653
554 3.86715e-05 1.68618e-05 3.06933 1.1683e-05 6.22573e-06 1.33558
555 4.00966e-05 1.69859e-05 3.17379 1.18482e-05 6.62986e-06 1.43295
556 3.89989e-05 1.65941e-05 3.06272 1.18929e-05 6.32634e-06 1.38344
557 3.99191e-05 1.66899e-05 3.00013 1.13762e-05 6.50024e-06 1.34376
558 3.9253e-05 1.70445e-05 3.18101 1.18511e-05 6.51376e-06 1.37312
559 3.92174e-05 1.78611e-05 3.17721 1.16116e-05 6.64346e-06 1.37351
560 3.95568e-05 1.66653e-05 3.1243 1.14901e-05 6.41229e-06 1.3432
561 3.9901e-05 1.61855e-05 3.15023 1.19047e-05 6.29551e-06 1.34023
562 3.90595e-05 1.70734e-05 3.08942 1.14963e-05 6.62315e-06 1.38898
563 3.93431e-05 1.71485e-05 3.16912 1.13723e-05 6.46418e-06 1.39041
564 3.92205e-05 1.7441e-05 3.14301 1.16204e-05 6.65234e-06 1.37354
565 3.91259e-05 1.76199e-05 3.22106 1.19592e-05 6.35578e-06 1.35967
566 4.00122e-05 1.6852e-05 3.02857 1.17473e-05 6.36622e-06 1.35828
567 3.90728e-05 1.75702e-05 3.11702 1.08507e-05 6.68892e-06 1.37057
568 3.88214e-05 1.58927e-05 2.96561 1.10996e-05 6.3467e-06 1.32243
569 3.93255e-05 1.80895e-05 3.08265 1.17019e-05 6.46089e-06 1.31219
570 3.90651e-05 1.7518e-05 3.19066 1.14238e-05 6.51573e-06 1.39
571 3.95893e-05 1.69146e-05 3.07061 1.19386e-05 6.2548e-06 1.33798
572 3.83003e-05 1.73113e-05 3.16049 1.16451e-05 6.32933e-06 1.35534
573 4.00366e-05 1.73201e-05 3.14863 1.12009e-05 6.47125e-06 1.37286
574 3.89356e-05 1.63055e-05 3.07552 1.10038e-05 6.10154e-06 1.25406
575 3.96713e-05 1.68808e-05 3.10369 1.16146e-05 6.49286e-06 1.36595
576 3.89341e-05 1.69157e-05 3.12318 1.1879e-05 6.104e-06 1.33027
577 3.89418e-05 1.72434e-05 3.10664 1.17207e-05 6.27071e-06 1.35328
578 3.89243e-05 1.7049e-05 2.98073 1.12571e-05 6.34456e-06 1.34246
579 3.88994e-05 1.67249e-05 3.12712 1.13477e-05 6.40311e-06 1.34735
580 3.84378e-05 1.67964e-05 2.99782 1.15096e-05 6.3373e-06 1.34027
581 3.98718e-05 1.61619e-05 3.04452 1.14971e-05 6.32775e-06 1.33895
582 3.92497e-05 1.69434e-05 3.20524 1.12486e-05 6.33899e-06 1.35928
583 3.90715e-05 1.73148e-05 3.10131 1.16626e-05 6.48615e-06 1.36077
584 3.97446e-05 1.76646e-05 3.21134 1.1486e-05 6.6482e-06 1.38374
585 3.94918e-05 1.73462e-05 3.2233 1.20001e-05 6.21021e-06 1.33331
586 3.93721e-05 1.76162e-05 3.26306 1.20129e-05 6.50984e-06 1.41435
587 3.88359e-05 1.69487e-05 3.00334 1.13162e-05 6.02909e-06 1.29457
588 3.91697e-05 1.67139e-05 3.04679 1.13719e-05 6.24964e-06 1.31779
589 3.89564e-05 1.74188e-05 3.10923 1.12618e-05 6.33385e-06 1.34293
590 4.07658e-05 1.60316e-05 3.00788 1.15415e-05 6.03942e-06 1.30243
591 3.9269e-05 1.67018e-05 3.07638 1.14524e-05 6.41441e-06 1.363
592 3.98448e-05 1.64996e-05 2.9941 1.12549e-05 6.52956e-06 1.33822
593 3.88438e-05 1.66078e-05 3.04877 1.18545e-05 6.28734e-06 1.35964
594 3.92362e-05 1.73331e-05 3.0275 1.09973e-05 6.14624e-06 1.2904
595 3.95815e-05 1.65281e-05 3.03599 1.16717e-05 6.36776e-06 1.33479
596 3.94483e-05 1.72282e-05 3.11797 1.11691e-05 6.4458e-06 1.34417
597 3.93685e-05 1.71321e-05 3.04138 1.1407e-05 6.4445e-06 1.32494
598 3.96394e-05 1.68227e-05 3.11981 1.18048e-05 6.14004e-06 1.31553
599 3.91919e-05 1.64963e-05 2.94572 1.15024e-05 6.32174e-06 1.30041
600 3.95714e-05 1.64655e-05 2.92684 1.10122e-05 6.03287e-06 1.26914
601 3.84465e-05 1.65412e-05 3.04492 1.14229e-05 6.20213e-06 1.31504
602 3.98575e-05 1.70241e-05 3.12694 1.07787e-05 6.26117e-06 1.27848
603 3.98667e-05 1.73711e-05 3.07301 1.12913e-05 6.6558e-06 1.37384
604 3.97031e-05 1.62695e-05 3.09005 1.14618e-05 6.08095e-06 1.31096
605 3.90382e-05 1.6972e-05 3.00838 1.147e-05 6.07641e-06 1.26494
606 3.99153e-05 1.66913e-05 3.00616 1.12609e-05 6.20576e-06 1.32343
607 3.91866e-05 1.71353e-05 3.15982 1.09655e-05 6.30747e-06 1.32833
608 3.89573e-05 1.68754e-05 2.91947 1.13954e-05 6.28491e-06 1.31863
609 3.92147e-05 1.72236e-05 3.08379 1.10987e-05 6.11922e-06 1.29338
610 3.94604e-05 1.72203e-05 3.05928 1.14493e-05 6.33302e-06 1.35337
611 4.00296e-05 1.60685e-05 3.00765 1.11378e-05 6.16228e-06 1.317
612 3.87621e-05 1.62107e-05 2.96075 1.09392e-05 6.06502e-06 1.2931
613 3.92884e-05 1.65351e-05 3.06205 1.11523e-05 6.17223e-06 1.33187
614 3.98328e-05 1.63367e-05 3.07444 1.12902e-05 6.30299e-06 1.33608
615 3.92163e-05 1.58421e-05 2.97585 1.12062e-05 5.98461e-06 1.29062
616 3.95833e-05 1.69861e-05 3.07109 1.15304e-05 6.10363e-06 1.27613
617 3.93377e-05 1.59741e-05 2.97074 1.07911e-05 6.22035e-06 1.2803
618 3.86791e-05 1.6377e-05 2.89478 1.08963e-05 6.19806e-06 1.27961
619 3.98188e-05 1.75899e-05 3.15977 1.20187e-05 6.44602e-06 1.40237
620 3.88296e-05 1.73456e-05 3.0496 1.1394e-05 6.46853e-06 1.32668
621 3.80131e-05 1.76528e-05 2.97342 1.13956e-05 6.47605e-06 1.35212
622 3.8829e-05 1.67607e-05 3.00847 1.12817e-05 6.23309e-06 1.31312
623 3.95815e-05 1.65978e-05 2.95542 1.08832e-05 6.17299e-06 1.23395
624 3.94618e-05 1.698e-05 3.02128 1.10343e-05 6.17624e-06 1.25829
625 3.93917e-05 1.64222e-05 3.06306 1.13851e-05 6.20747e-06 1.33412
626 3.96101e-05 1.72064e-05 3.06132 1.1292e-05 6.24936e-06 1.28438
627 3.95993e-05 1.69908e-05 2.99836 1.09591e-05 6.06782e-06 1.30121
628 3.91561e-05 1.66936e-05 3.00147 1.08082e-05 6.52057e-06 1.33435
629 3.875e-05 1.60338e-05 2.9072 1.08343e-05 6.2106e-06 1.27682
630 3.93179e-05 1.6487e-05 2.99797 1.11002e-05 6.15745e-06 1.28898
631 3.9021e-05 1.62203e-05 2.95739 1.11937e-05 5.98301e-06 1.28533
632 3.94503e-05 1.62874e-05 2.98504 1.05273e-05 6.08573e-06 1.25253
633 3.92242e-05 1.72961e-05 3.02794 1.12341e-05 6.06324e-06 1.30167
634 3.96697e-05 1.6567e-05 3.0275 1.09848e-05 5.85727e-06 1.25142
635 3.97976e-05 1.66336e-05 3.06374 1.1357e-05 6.17537e-06 1.30996
636 3.89568e-05 1.66748e-05 2.95375 1.08922e-05 6.20405e-06 1.30567
637 3.86103e-05 1.64066e-05 3.00011 1.13574e-05 5.99972e-06 1.30082
638 3.89202e-05 1.59211e-05 2.87903 1.11446e-05 5.9807e-06 1.28891
639 3.97477e-05 1.64842e-05 3.07777 1.10571e-05 6.07128e-06 1.26898
640 3.97386e-05 1.53558e-05 2.85882 1.10828e-05 5.84783e-06 1.24895
641 3.95768e-05 1.63475e-05 2.9488 1.10697e-05 6.10511e-06 1.29143
642 3.91424e-05 1.58918e-05 2.833 1.10272e-05 6.00746e-06 1.27684
643 3.85588e-05 1.74419e-05 3.0711 1.12764e-05 6.21807e-06 1.33266
644 3.96268e-05 1.61561e-05 2.98244 1.11524e-05 5.6649e-06 1.21787
645 3.90765e-05 1.68374e-05 2.90719 1.1021e-05 6.16836e-06 1.2941
646 3.89184e-05 1.60799e-05 2.87956 1.09868e-05 6.41895e-06 1.309
647 3.88886e-05 1.65782e-05 3.00471 1.13149e-05 6.03978e-06 1.25899
648 3.88963e-05 1.70233e-05 2.95418 1.10259e-05 5.99469e-06 1.20928
649 3.82098e-05 1.68647e-05 2.99315 1.04726e-05 6.06106e-06 1.22168
650 3.93019e-05 1.64119e-05 2.87592 1.06614e-05 6.03016e-06 1.24583
651 3.9382e-05 1.72914e-05 3.07568 1.10475e-05 6.53624e-06 1.33363
652 3.74877e-05 1.7171e-05 2.91979 1.07342e-05 5.94586e-06 1.25048
653 3.86194e-05 1.6991e-05 2.83573 1.06206e-05 5.90004e-06 1.22013
654 3.87304e-05 1.65132e-05 2.9441 1.03361e-05 5.9683e-06 1.23107
655 3.89901e-05 1.63646e-05 2.94834 1.05994e-05 5.91548e-06 1.24176
656 3.90807e-05 1.74797e-05 2.98445 1.10305e-05 6.12236e-06 1.27026
657 4.01287e-05 1.57852e-05 2.94589 1.10716e-05 5.74248e-06 1.24035
658 3.92366e-05 1.60682e-05 2.88856 1.07739e-05 5.89943e-06 1.24098
659 3.91879e-05 1.70811e-05 2.95616 1.03333e-05 6.10754e-06 1.22596
660 3.97593e-05 1.6658e-05 3.09593 1.13804e-05 6.01271e-06 1.28832
661 3.85351e-05 1.66891e-05 2.98918 1.11718e-05 6.09212e-06 1.31372
662 3.88877e-05 1.75219e-05 3.09964 1.07504e-05 6.21179e-06 1.29183
663 4.01203e-05 1.623e-05 3.01934 1.1272e-05 6.09732e-06 1.29477
664 3.91551e-05 1.7401e-05 2.9445 1.07261e-05 6.24823e-06 1.28449
665 3.95834e-05 1.63061e-05 2.87243 1.10202e-05 5.84437e-06 1.2187
666 3.8271e-05 1.66065e-05 2.799 1.06815e-05 5.95767e-06 1.22185
667 3.90601e-05 1.69093e-05 2.97511 1.07591e-05 6.24256e-06 1.29827
668 3.9365e-05 1.5874e-05 2.90454 1.09588e-05 5.85087e-06 1.22185
669 3.96312e-05 1.64969e-05 2.89224 1.05669e-05 5.90476e-06 1.2344
670 3.82633e-05 1.65609e-05 2.9192 1.07032e-05 5.91525e-06 1.2645
671 3.89743e-05 1.73755e-05 2.96362 1.04338e-05 5.94372e-06 1.21548
672 3.86461e-05 1.59902e-05 2.91528 1.05897e-05 5.80659e-06 1.22202
673 3.89116e-05 1.6601e-05 2.83944 1.07128e-05 6.20722e-06 1.27052
674 3.87499e-05 1.63292e-05 2.89949 1.08929e-05 6.00412e-06 1.26476
675 3.88747e-05 1.67974e-05 2.98387 1.0906e-05 5.8308e-06 1.22285
676 3.85607e-05 1.63132e-05 2.87675 1.05252e-05 6.12565e-06 1.26329
677 3.82089e-05 1.64533e-05 2.86964 1.03192e-05 6.06843e-06 1.20376
678 3.85285e-05 1.72623e-05 2.89483 1.09909e-05 6.36449e-06 1.30964
679 3.77162e-05 1.7677e-05 2.9082 1.01713e-05 5.92409e-06 1.22104
680 3.84272e-05 1.68136e-05 2.94732 1.05407e-05 5.9312e-06 1.23141
681 3.84605e-05 1.63582e-05 2.84083 1.05686e-05 6.02998e-06 1.2347
682 3.94169e-05 1.64429e-05 2.87681 1.10986e-05 6.09715e-06 1.26074
683 3.86788e-05 1.632e-05 2.77635 1.00785e-05 6.11331e-06 1.23344
684 3.86265e-05 1.58578e-05 2.87868 1.05532e-05 5.83485e-06 1.24504
685 3.97811e-05 1.62488e-05 2.80471 1.05739e-05 5.86635e-06 1.21252
686 3.85991e-05 1.56569e-05 2.77576 1.02754e-05 5.77516e-06 1.17969
687 3.93096e-05 1.65834e-05 2.95251 1.08332e-05 5.94136e-06 1.24706
688 3.91526e-05 1.6065e-05 2.81939 1.04285e-05 5.92896e-06 1.2257
689 3.91122e-05 1.62038e-05 2.92771 1.08555e-05 6.10916e-06 1.25695
690 3.8967e-05 1.65616e-05 2.93648 1.0288e-05 6.05663e-06 1.22812
691 3.80237e-05 1.65819e-05 2.89398 1.02997e-05 5.81488e-06 1.2219
692 3.95305e-05 1.59358e-05 2.78906 1.10175e-05 5.88309e-06 1.24823
693 3.8781e-05 1.50767e-05 2.75996 1.02015e-05 5.91908e-06 1.20778
694 3.94367e-05 1.64412e-05 2.88842 1.04388e-05 5.69848e-06 1.1863
695 3.89231e-05 1.78304e-05 3.04808 1.06869e-05 6.23897e-06 1.31959
696 3.84532e-05 1.60923e-05 2.77497 1.0714e-05 5.91283e-06 1.22257
697 3.85557e-05 1.69306e-05 2.90435 1.0446e-05 6.01986e-06 1.2298
698 3.82729e-05 1.69003e-05 2.93032 1.05621e-05 5.92351e-06 1.25079
699 3.89974e-05 1.63866e-05 2.85615 1.06267e-05 5.85777e-06 1.23592
700 3.82443e-05 1.61634e-05 2.87633 1.04817e-05 5.86968e-06 1.22619
701 3.96204e-05 1.64292e-05 2.85895 1.05495e-05 6.03746e-06 1.26284
702 3.86499e-05 1.61097e-05 2.82513 1.01853e-05 5.79211e-06 1.23305
703 3.86537e-05 1.59524e-05 2.88687 1.05948e-05 6.00383e-06 1.25344
704 3.95693e-05 1.59744e-05 2.90057 1.02444e-05 5.85179e-06 1.2077
705 3.82819e-05 1.62805e-05 2.93502 1.11508e-05 5.85032e-06 1.27034
706 3.94097e-05 1.67031e-05 3.01218 1.0589e-05 5.92265e-06 1.22488
707 3.92021e-05 1.65022e-05 2.82888 1.03327e-05 5.74366e-06 1.17397
708 4.01798e-05 1.50285e-05 2.73461 1.05899e-05 5.53868e-06 1.15241
709 3.87202e-05 1.61178e-05 2.75554 1.00283e-05 5.85684e-06 1.18093
710 3.91975e-05 1.64069e-05 2.87829 1.02958e-05 5.8446e-06 1.19763
711 3.92099e-05 1.5629e-05 2.8288 1.0269e-05 5.81563e-06 1.20001
712 3.81695e-05 1.62751e-05 2.83011 1.03494e-05 5.89344e-06 1.26367
713 3.95243e-05 1.67364e-05 2.99055 1.07101e-05 5.77325e-06 1.20372
714 3.98463e-05 1.57616e-05 2.80115 1.02161e-05 5.84358e-06 1.21307
715 3.90073e-05 1.67273e-05 2.84711 1.04742e-05 5.96004e-06 1.21631
716 3.81561e-05 1.58542e-05 2.7757 1.03067e-05 5.9342e-06 1.22589
717 3.95845e-05 1.68154e-05 3.07195 1.02765e-05 5.95622e-06 1.23408
718 3.87931e-05 1.5731e-05 2.81994 1.07651e-05 5.62499e-06 1.17466
719 3.87536e-05 1.63241e-05 2.72722 1.00608e-05 5.94601e-06 1.21991
720 3.92117e-05 1.67657e-05 2.94609 1.02515e-05 6.06539e-06 1.25701
721 3.90416e-05 1.6765e-05 2.90541 1.02885e-05 5.73969e-06 1.18056
722 3.87395e-05 1.61028e-05 2.85851 1.02401e-05 5.67616e-06 1.17591
723 3.87185e-05 1.61377e-05 2.82789 1.04482e-05 5.83393e-06 1.22193
724 3.93031e-05 1.63249e-05 2.82121 1.02484e-05 5.89264e-06 1.21987
725 3.91348e-05 1.64008e-05 2.86446 1.03729e-05 5.89928e-06 1.22275
726 3.95618e-05 1.576e-05 2.72316 1.06864e-05 5.717e-06 1.19058
727 3.87781e-05 1.63572e-05 2.86079 1.04535e-05 5.73616e-06 1.17919
728 3.91803e-05 1.60231e-05 2.78051 1.01098e-05 6.12043e-06 1.22245
729 3.94215e-05 1.59643e-05 3.02643 1.0565e-05 5.51664e-06 1.20904
730 3.86518e-05 1.7065e-05 2.84025 1.04665e-05 5.86704e-06 1.21704
731 3.86386e-05 1.68815e-05 2.8765 9.99452e-06 5.93998e-06 1.20135
732 3.90426e-05 1.58558e-05 2.87055 1.02606e-05 5.98004e-06 1.21602
733 3.92565e-05 1.65269e-05 2.8419 9.9431e-06 5.87603e-06 1.17601
734 3.88712e-05 1.67073e-05 2.89481 1.01799e-05 5.77274e-06 1.21639
735 3.92233e-05 1.58259e-05 2.82221 1.0502e-05 5.87707e-06 1.21111
736 3.83717e-05 1.64117e-05 2.79144 1.02347e-05 5.92337e-06 1.20349
737 3.89005e-05 1.71612e-05 2.92144 1.04371e-05 5.82123e-06 1.17115
738 3.87518e-05 1.68699e-05 2.88915 1.05519e-05 5.87147e-06 1.22048
739 3.80941e-05 1.6454e-05 2.77005 1.00613e-05 5.98896e-06 1.21256
740 3.83852e-05 1.6947e-05 2.82067 9.96436e-06 5.6424e-06 1.14448
741 3.81462e-05 1.62055e-05 2.72192 1.0307e-05 5.96088e-06 1.19349
742 3.85362e-05 1.66639e-05 2.90055 9.64176e-06 5.68139e-06 1.1356
743 3.97327e-05 1.67685e-05 2.88593 1.03479e-05 6.08156e-06 1.25242
744 3.89908e-05 1.66892e-05 2.89423 1.0567e-05 5.87412e-06 1.21825
745 3.72103e-05 1.59343e-05 2.81965 1.02578e-05 5.69079e-06 1.20148
746 3.82116e-05 1.67066e-05 2.77188 1.028e-05 6.10204e-06 1.212
747 3.88241e-05 1.56584e-05 2.7324 1.02328e-05 5.60062e-06 1.17548
748 3.91046e-05 1.61908e-05 2.78822 9.63739e-06 5.78111e-06 1.13862
749 3.86982e-05 1.57608e-05 2.72229 9.82976e-06 5.65781e-06 1.12439
750 3.88621e-05 1.69336e-05 2.87517 9.9572e-06 5.90135e-06 1.19065
751 3.90436e-05 1.622e-05 2.77987 1.02979e-05 5.87775e-06 1.19003
752 3.85682e-05 1.61889e-05 2.85972 1.05764e-05 5.73338e-06 1.20624
753 3.92875e-05 1.64329e-05 2.82718 1.02541e-05 5.76979e-06 1.18711
754 3.87853e-05 1.59246e-05 2.80216 9.93761e-06 5.44493e-06 1.10826
755 3.96331e-05 1.54412e-05 2.73543 1.04057e-05 5.58615e-06 1.15444
756 3.87547e-05 1.61379e-05 2.80108 9.99899e-06 5.67583e-06 1.15932
757 3.83318e-05 1.68183e-05 2.78606 9.87826e-06 5.90238e-06 1.18606
758 3.90169e-05 1.5775e-05 2.7819 9.62202e-06 5.78236e-06 1.18698
759 3.80199e-05 1.65775e-05 2.83963 1.01962e-05 5.82978e-06 1.22167
760 3.97268e-05 1.62484e-05 2.80155 9.88742e-06 5.77093e-06 1.1579
761 3.85053e-05 1.64662e-05 2.87144 9.82402e-06 5.90627e-06 1.18498
762 3.96062e-05 1.60791e-05 2.84428 1.00513e-05 5.77523e-06 1.15765
763 3.78602e-05 1.67435e-05 2.82194 1.00657e-05 5.79843e-06 1.21272
764 3.86045e-05 1.61628e-05 2.77673 9.75322e-06 5.80821e-06 1.16883
765 3.85958e-05 1.68968e-05 2.87226 1.01137e-05 5.75516e-06 1.20898
766 3.91238e-05 1.58735e-05 2.82221 1.00269e-05 5.90116e-06 1.23393
767 3.92328e-05 1.53081e-05 2.80228 1.00828e-05 5.58854e-06 1.16475
768 3.87468e-05 1.57631e-05 2.75938 9.67956e-06 5.71268e-06 1.15764
769 3.8713e-05 1.67488e-05 2.78402 9.84002e-06 5.92793e-06 1.18794
770 3.80304e-05 1.67302e-05 2.67599 9.86976e-06 5.73013e-06 1.18659
771 3.82876e-05 1.64586e-05 2.78492 1.0086e-05 5.81721e-06 1.18509
772 3.89123e-05 1.56701e-05 2.75371 1.0094e-05 5.44556e-06 1.11108
773 3.90056e-05 1.65503e-05 2.83605 9.79193e-06 5.66927e-06 1.12777
774 3.81551e-05 1.56895e-05 2.7434 1.00855e-05 5.54348e-06 1.14583
775 3.83461e-05 1.63589e-05 2.69015 9.70643e-06 5.57469e-06 1.11731
776 3.81387e-05 1.60144e-05 2.78429 9.83667e-06 5.57514e-06 1.13807
777 3.87841e-05 1.62439e-05 2.77375 9.62592e-06 5.60714e-06 1.1465
778 3.96726e-05 1.5261e-05 2.79831 9.94188e-06 5.52422e-06 1.14786
779 3.90124e-05 1.5089e-05 2.69484 9.95818e-06 5.75065e-06 1.16996
780 3.8246e-05 1.61196e-05 2.82657 9.92411e-06 5.60879e-06 1.15407
781 3.91164e-05 1.57983e-05 2.74034 1.00221e-05 5.43033e-06 1.10424
782 3.87583e-05 1.64691e-05 2.66685 9.7408e-06 5.53299e-06 1.12202
783 3.86184e-05 1.7086e-05 2.95737 1.0314e-05 5.89358e-06 1.2301
784 3.88464e-05 1.52698e-05 2.71144 9.81824e-06 5.67633e-06 1.16249
785 3.83313e-05 1.7252e-05 2.80329 1.00248e-05 6.0287e-06 1.20821
786 3.79195e-05 1.64597e-05 2.81435 1.01201e-05 5.61275e-06 1.1743
787 3.86515e-05 1.5827e-05 2.63218 9.79393e-06 5.69396e-06 1.1223
788 3.91171e-05 1.59547e-05 2.77168 9.97701e-06 5.61797e-06 1.13175
789 3.85679e-05 1.54776e-05 2.65754 1.00763e-05 5.52435e-06 1.15419
790 3.75564e-05 1.64659e-05 2.73775 9.6865e-06 5.80052e-06 1.21065
791 3.78946e-05 1.63471e-05 2.70746 9.72486e-06 5.85799e-06 1.17278
792 3.86501e-05 1.64107e-05 2.69505 9.98505e-06 5.99397e-06 1.1999
793 3.80841e-05 1.63549e-05 2.69553 9.42131e-06 5.66174e-06 1.13358
794 3.82242e-05 1.66161e-05 2.68979 9.77317e-06 5.94538e-06 1.2085
795 3.94163e-05 1.57425e-05 2.76166 9.87565e-06 5.78787e-06 1.15372
796 3.93443e-05 1.60994e-05 2.72291 9.88452e-06 5.59266e-06 1.14379
797 3.9216e-05 1.51333e-05 2.64616 9.83948e-06 5.50344e-06 1.09643
798 3.81791e-05 1.55274e-05 2.62281 9.6267e-06 5.51451e-06 1.1233
799 3.93092e-05 1.59383e-05 2.86822 1.00683e-05 5.88269e-06 1.20145
800 3.88642e-05 1.61973e-05 2.66326 1.00651e-05 5.76766e-06 1.1644
801 3.84576e-05 1.59573e-05 2.72416 9.76827e-06 5.57484e-06 1.13646
802 3.85072e-05 1.59091e-05 2.68209 9.78544e-06 5.6549e-06 1.13938
803 3.91685e-05 1.56095e-05 2.69741 9.85438e-06 5.44985e-06 1.13742
804 3.88746e-05 1.60204e-05 2.66792 9.88413e-06 5.61518e-06 1.13941
805 3.80015e-05 1.68472e-05 2.70956 9.39605e-06 5.62182e-06 1.12416
806 3.8762e-05 1.57369e-05 2.69769 9.7773e-06 5.51838e-06 1.12303
807 3.90661e-05 1.54118e-05 2.66397 1.001e-05 5.58023e-06 1.15877
808 3.89743e-05 1.64711e-05 2.76566 9.80503e-06 5.65592e-06 1.12761
809 3.89293e-05 1.53183e-05 2.64018 9.59989e-06 5.66528e-06 1.1504
810 3.86101e-05 1.64402e-05 2.81934 9.81102e-06 5.7544e-06 1.15572
811 3.87983e-05 1.59525e-05 2.70031 9.93335e-06 5.80299e-06 1.1671
812 3.88488e-05 1.58472e-05 2.78974 9.74284e-06 5.69069e-06 1.16797
813 3.8186e-05 1.62543e-05 2.71047 9.93461e-06 6.00115e-06 1.21052
814 3.89653e-05 1.62802e-05 2.72446 9.75764e-06 5.66262e-06 1.13346
815 3.87551e-05 1.64541e-05 2.69267 9.88119e-06 5.78094e-06 1.18219
816 3.85385e-05 1.54542e-05 2.60148 9.89343e-06 5.36723e-06 1.09142
817 3.91328e-05 1.61767e-05 2.74517 9.62187e-06 5.73614e-06 1.1296
818 3.91804e-05 1.55904e-05 2.71066 9.55928e-06 5.53377e-06 1.12199
819 3.90394e-05 1.5998e-05 2.75952 1.0012e-05 5.53093e-06 1.13507
820 3.78626e-05 1.59847e-05 2.67084 1.00878e-05 5.41318e-06 1.14127
821 3.84665e-05 1.54051e-05 2.56884 9.38028e-06 5.45226e-06 1.08695
822 3.89561e-05 1.56492e-05 2.59712 9.49544e-06 5.55553e-06 1.12429
823 3.86945e-05 1.56979e-05 2.67651 9.94417e-06 5.61749e-06 1.16124
824 3.80804e-05 1.67032e-05 2.73907 9.76799e-06 5.57368e-06 1.13239
825 3.91697e-05 1.54943e-05 2.64175 9.53575e-06 5.38528e-06 1.09322
826 3.88992e-05 1.60364e-05 2.70594 9.59974e-06 5.68619e-06 1.13132
827 3.93258e-05 1.65101e-05 2.80314 9.9048e-06 5.64743e-06 1.1508
828 3.85487e-05 1.63195e-05 2.80895 9.77396e-06 5.52832e-06 1.1402
829 3.79725e-05 1.60774e-05 2.69152 9.59957e-06 5.89628e-06 1.15744
830 3.89745e-05 1.58754e-05 2.72412 9.56544e-06 5.6006e-06 1.1339
831 3.81231e-05 1.59165e-05 2.69325 9.37936e-06 5.50323e-06 1.10083
832 3.85655e-05 1.62335e-05 2.74312 9.97723e-06 5.59e-06 1.15799
833 3.85402e-05 1.6329e-05 2.76739 9.50186e-06 5.44497e-06 1.14155
834 3.84595e-05 1.58327e-05 2.74546 9.46669e-06 5.51091e-06 1.08506
835 3.84711e-05 1.5755e-05 2.69763 9.66447e-06 5.48287e-06 1.13917
836 3.85793e-05 1.63513e-05 2.80869 9.63459e-06 5.83679e-06 1.19299
837 3.9421e-05 1.55582e-05 2.65629 9.48584e-06 5.43614e-06 1.09
838 3.86611e-05 1.60221e-05 2.57461 9.49779e-06 5.65514e-06 1.11254
839 3.83896e-05 1.66336e-05 2.69596 9.49369e-06 5.5901e-06 1.12986
840 3.88051e-05 1.59022e-05 2.70377 9.75903e-06 5.54995e-06 1.10905
841 3.81634e-05 1.61253e-05 2.64439 9.43882e-06 5.484e-06 1.11278
842 3.87474e-05 1.63414e-05 2.74481 9.88051e-06 5.54245e-06 1.13126
843 3.75292e-05 1.75914e-05 2.81899 9.38339e-06 5.82673e-06 1.14726
844 3.82589e-05 1.58925e-05 2.54814 9.50922e-06 5.62689e-06 1.11779
845 3.90622e-05 1.59642e-05 2.63748 9.66643e-06 5.66807e-06 1.15918
846 3.87553e-05 1.51469e-05 2.56287 1.00204e-05 5.41635e-06 1.11464
847 3.81741e-05 1.58002e-05 2.64128 9.31923e-06 5.53893e-06 1.121
848 3.82864e-05 1.5535e-05 2.72572 9.29365e-06 5.36183e-06 1.11335
849 3.88946e-05 1.66652e-05 2.67711 9.10975e-06 5.57575e-06 1.09676
850 3.87487e-05 1.61029e-05 2.67958 9.23335e-06 5.57731e-06 1.12261
851 3.84773e-05 1.53934e-05 2.59545 9.29904e-06 5.47278e-06 1.08026
852 3.86664e-05 1.5631e-05 2.56719 9.38472e-06 5.47197e-06 1.07952
853 3.85732e-05 1.57428e-05 2.63331 9.5193e-06 5.57066e-06 1.12229
854 3.85266e-05 1.51559e-05 2.60021 9.76262e-06 5.42787e-06 1.12805
855 3.75616e-05 1.58998e-05 2.64007 9.67463e-06 5.57267e-06 1.12098
856 3.90374e-05 1.56719e-05 2.70603 9.65989e-06 5.47503e-06 1.14411
857 3.81269e-05 1.56466e-05 2.55841 9.22828e-06 5.431e-06 1.09671
858 3.77198e-05 1.57906e-05 2.60344 9.56345e-06 5.24943e-06 1.07996
859 3.92298e-05 1.57916e-05 2.63581 9.76869e-06 5.7262e-06 1.15766
860 3.86274e-05 1.63901e-05 2.74511 9.82827e-06 5.6562e-06 1.12338
861 3.80985e-05 1.55948e-05 2.59135 9.42252e-06 5.33678e-06 1.10012
862 3.82513e-05 1.55861e-05 2.60058 9.0719e-06 5.36116e-06 1.09735
863 3.85265e-05 1.60075e-05 2.64175 9.33232e-06 5.54742e-06 1.13054
864 3.83041e-05 1.56221e-05 2.70294 9.34189e-06 5.46891e-06 1.09486
865 3.80369e-05 1.51666e-05 2.56681 9.55822e-06 5.3175e-06 1.097
866 3.8447e-05 1.68243e-05 2.70508 9.38097e-06 5.69122e-06 1.13599
867 3.80686e-05 1.64114e-05 2.701 9.32261e-06 5.65422e-06 1.12928
868 3.85085e-05 1.65095e-05 2.73076 9.60401e-06 5.69687e-06 1.15096
869 3.83718e-05 1.53184e-05 2.51554 9.25654e-06 5.41911e-06 1.09024
870 3.77584e-05 1.65859e-05 2.5913 8.97122e-06 5.54237e-06 1.06073
871 3.83894e-05 1.67485e-05 2.68844 9.2751e-06 5.63527e-06 1.09267
872 3.93891e-05 1.5684e-05 2.68526 9.3204e-06 5.3784e-06 1.08361
873 3.83487e-05 1.55015e-05 2.5512 9.6389e-06 5.30722e-06 1.09274
874 3.76464e-05 1.6743e-05 2.72562 9.40301e-06 5.73676e-06 1.15798
875 3.90847e-05 1.54142e-05 2.54377 9.33673e-06 5.21683e-06 1.05271
876 3.82973e-05 1.50828e-05 2.66802 9.20897e-06 5.41631e-06 1.09908
877 3.90026e-05 1.48924e-05 2.55252 9.48249e-06 5.36767e-06 1.08781
878 3.83425e-05 1.64716e-05 2.78751 9.56068e-06 5.56469e-06 1.15715
879 3.84264e-05 1.50024e-05 2.4607 8.77087e-06 5.46141e-06 1.05241
880 3.88488e-05 1.57519e-05 2.61277 9.0613e-06 5.25977e-06 1.04618
881 3.81195e-05 1.64855e-05 2.7355 9.58493e-06 5.59964e-06 1.13017
882 3.83478e-05 1.54894e-05 2.67481 9.27245e-06 5.3135e-06 1.08179
883 3.81075e-05 1.65014e-05 2.75607 9.55036e-06 5.77285e-06 1.1463
884 3.75231e-05 1.67931e-05 2.75869 9.16087e-06 5.56762e-06 1.1152
885 3.86516e-05 1.58774e-05 2.52933 9.36505e-06 5.43312e-06 1.08611
886 3.91585e-05 1.56358e-05 2.58612 9.01136e-06 5.51821e-06 1.04874
887 3.81993e-05 1.51762e-05 2.54491 9.22328e-06 5.38151e-06 1.0687
888 3.8686e-05 1.57816e-05 2.69134 9.21987e-06 5.39005e-06 1.07572
889 3.90827e-05 1.48306e-05 2.51651 9.11682e-06 5.05588e-06 1.03102
890 3.8521e-05 1.51671e-05 2.58657 9.19654e-06 5.32623e-06 1.07296
891 3.78187e-05 1.59695e-05 2.54823 9.28923e-06 5.47343e-06 1.08059
892 3.94967e-05 1.54148e-05 2.6791 9.77472e-06 5.29073e-06 1.11476
893 3.87115e-05 1.53421e-05 2.53309 9.14129e-06 5.29866e-06 1.06014
894 3.81576e-05 1.54105e-05 2.52093 9.24737e-06 5.36402e-06 1.08863
895 3.85337e-05 1.63629e-05 2.60436 9.71657e-06 5.6695e-06 1.13611
896 3.77989e-05 1.60398e-05 2.65735 9.28311e-06 5.35245e-06 1.101
897 3.84013e-05 1.59122e-05 2.66201 9.38686e-06 5.72015e-06 1.15354
898 3.82036e-05 1.56975e-05 2.69281 9.38737e-06 5.23444e-06 1.08862
899 3.82119e-05 1.5646e-05 2.61432 9.42252e-06 5.42309e-06 1.07956
900 3.89023e-05 1.59339e-05 2.66928 9.05117e-06 5.47169e-06 1.07533
901 3.84668e-05 1.60101e-05 2.61342 9.06649e-06 5.35506e-06 1.08712
902 3.79339e-05 1.65553e-05 2.67243 9.27603e-06 5.50588e-06 1.10475
903 3.81433e-05 1.57006e-05 2.69446 9.59741e-06 5.26086e-06 1.08897
904 3.85443e-05 1.53925e-05 2.57526 9.37642e-06 5.40212e-06 1.10671
905 3.85596e-05 1.51806e-05 2.4751 9.24172e-06 5.26974e-06 1.05932
906 3.85661e-05 1.56426e-05 2.49647 9.46562e-06 5.28349e-06 1.07394
907 3.796e-05 1.54895e-05 2.52038 9.18575e-06 5.23562e-06 1.06356
908 3.83042e-05 1.53439e-05 2.4484 9.19563e-06 5.29425e-06 1.05807
909 3.87094e-05 1.62046e-05 2.65761 9.13324e-06 5.45217e-06 1.05864
910 3.79175e-05 1.6173e-05 2.56681 9.12587e-06 5.4794e-06 1.09819
911 3.85027e-05 1.58091e-05 2.63413 9.44282e-06 5.4847e-06 1.12671
912 3.88264e-05 1.50563e-05 2.46726 9.28739e-06 5.42692e-06 1.05292
913 3.89287e-05 1.50598e-05 2.57934 9.19662e-06 5.42933e-06 1.08719
914 3.80789e-05 1.57848e-05 2.66209 9.1717e-06 5.377e-06 1.08882
915 3.78432e-05 1.57232e-05 2.63868 8.78651e-06 5.34927e-06 1.04788
916 3.89549e-05 1.64255e-05 2.70596 9.25951e-06 5.3407e-06 1.06122
917 3.95186e-05 1.49947e-05 2.65666 9.43057e-06 5.21744e-06 1.08709
918 3.81519e-05 1.55798e-05 2.64511 9.03462e-06 5.31773e-06 1.0811
919 3.79567e-05 1.57228e-05 2.52215 8.90855e-06 5.28624e-06 1.00868
920 3.82976e-05 1.55616e-05 2.57085 8.7555e-06 5.40659e-06 1.04552
921 3.78686e-05 1.64768e-05 2.56476 8.59496e-06 5.34324e-06 1.00164
922 3.82206e-05 1.53082e-05 2.48933 9.44721e-06 5.41644e-06 1.07088
923 3.93885e-05 1.61262e-05 2.57199 9.25484e-06 5.37598e-06 1.079
924 3.87003e-05 1.55997e-05 2.54338 9.23112e-06 5.36678e-06 1.06528
925 3.79297e-05 1.58265e-05 2.5808 9.04439e-06 5.36231e-06 1.08634
926 3.82725e-05 1.6008e-05 2.63152 9.12486e-06 5.41619e-06 1.07717
927 3.84156e-05 1.55764e-05 2.612 8.7968e-06 5.31556e-06 1.02935
928 3.84558e-05 1.58255e-05 2.54858 9.12765e-06 5.58203e-06 1.12506
929 3.912e-05 1.53638e-05 2.59108 9.31248e-06 5.08377e-06 1.03002
930 3.86034e-05 1.61582e-05 2.64704 9.24107e-06 5.5004e-06 1.09437
931 3.81537e-05 1.64286e-05 2.59697 9.23486e-06 5.52289e-06 1.08409
932 3.85549e-05 1.51077e-05 2.47508 8.96616e-06 5.25989e-06 1.05829
933 3.78578e-05 1.60911e-05 2.62396 9.09117e-06 5.55848e-06 1.11309
934 3.83415e-05 1.51717e-05 2.53526 8.92985e-06 5.26825e-06 1.05595
935 3.80688e-05 1.60541e-05 2.50637 9.32641e-06 5.4128e-06 1.06625
936 3.87777e-05 1.58361e-05 2.64094 9.08837e-06 5.28376e-06 1.06034
937 3.83986e-05 1.63044e-05 2.60682 9.05967e-06 5.25546e-06 1.05457
938 3.87724e-05 1.61783e-05 2.57537 8.79603e-06 5.38855e-06 1.05845
939 3.86246e-05 1.47113e-05 2.50068 8.7882e-06 5.01766e-06 1.00343
940 3.84938e-05 1.57999e-05 2.60598 9.09932e-06 5.26283e-06 1.02341
941 3.90266e-05 1.50944e-05 2.51811 8.66532e-06 5.24934e-06 1.05043
942 3.84235e-05 1.58346e-05 2.68499 9.21338e-06 5.27727e-06 1.07367
943 3.88568e-05 1.62654e-05 2.72725 9.04759e-06 5.22583e-06 1.0371
944 3.9181e-05 1.56303e-05 2.67045 8.83691e-06 5.25748e-06 1.05063
945 3.87428e-05 1.62016e-05 2.60019 9.19966e-06 5.49009e-06 1.08335
946 3.8249e-05 1.54913e-05 2.55102 8.89198e-06 5.30506e-06 1.03762
947 3.81429e-05 1.56849e-05 2.56414 9.20648e-06 5.43482e-06 1.08213
948 3.781e-05 1.60983e-05 2.59697 9.1063e-06 5.31212e-06 1.07474
949 3.89267e-05 1.666e-05 2.69171 9.32694e-06 5.46554e-06 1.08888
950 3.87937e-05 1.54254e-05 2.57178 9.28863e-06 5.25982e-06 1.03709
951 3.81358e-05 1.54923e-05 2.54442 9.07549e-06 5.3935e-06 1.05749
952 3.79624e-05 1.6435e-05 2.63894 8.9514e-06 5.46811e-06 1.0521
953 3.79623e-05 1.61672e-05 2.471 8.94412e-06 5.40809e-06 1.04347
954 3.83206e-05 1.50035e-05 2.52926 9.08675e-06 5.29553e-06 1.06941
955 3.80466e-05 1.62925e-05 2.58341 9.08606e-06 5.48947e-06 1.08875
956 3.80064e-05 1.52976e-05 2.46485 8.89317e-06 5.31733e-06 1.03333
957 3.82175e-05 1.55142e-05 2.50188 8.86403e-06 5.14068e-06 1.02341
958 3.83084e-05 1.55106e-05 2.52992 8.63772e-06 5.4795e-06 1.0401
959 3.953e-05 1.60956e-05 2.69438 9.13658e-06 5.32454e-06 1.09164
960 3.82285e-05 1.51258e-05 2.44586 8.81852e-06 5.16084e-06 1.00483
961 3.82992e-05 1.56187e-05 2.47421 8.5612e-06 5.44445e-06 1.05344
962 3.90134e-05 1.55391e-05 2.53625 8.68577e-06 5.18068e-06 1.00969
963 3.82376e-05 1.64492e-05 2.63194 8.85161e-06 5.36859e-06 1.04848
964 3.82043e-05 1.51159e-05 2.59912 9.04298e-06 5.17339e-06 1.04362
965 3.85328e-05 1.56146e-05 2.5958 8.66704e-06 5.33397e-06 1.05553
966 3.83587e-05 1.564e-05 2.61679 8.99254e-06 5.3811e-06 1.0496
967 3.81722e-05 1.49179e-05 2.41633 8.70343e-06 5.15464e-06 1.01568
968 3.76997e-05 1.62611e-05 2.53624 8.70712e-06 5.53294e-06 1.05848
969 3.77401e-05 1.63842e-05 2.59145 8.96488e-06 5.3782e-06 1.06341
970 3.83704e-05 1.5467e-05 2.50662 8.7913e-06 5.39308e-06 1.06261
971 3.83933e-05 1.50663e-05 2.48505 8.90113e-06 5.30075e-06 1.0443
972 3.84481e-05 1.58152e-05 2.50816 8.62477e-06 5.3067e-06 1.02576
973 3.78935e-05 1.52541e-05 2.49668 9.01535e-06 5.33159e-06 1.08832
974 3.87843e-05 1.56301e-05 2.64771 8.97583e-06 5.25466e-06 1.07394
975 3.86067e-05 1.56642e-05 2.57931 9.14532e-06 5.29718e-06 1.03491
976 3.82034e-05 1.5752e-05 2.50554 8.6863e-06 5.39407e-06 1.0654
977 3.77772e-05 1.5396e-05 2.50509 8.62117e-06 5.35085e-06 1.05406
978 3.83254e-05 1.53096e-05 2.50552 8.65483e-06 5.35922e-06 1.07644
979 3.84141e-05 1.57149e-05 2.49745 8.79867e-06 5.47496e-06 1.04893
980 3.66995e-05 1.5561e-05 2.47241 8.94245e-06 5.17096e-06 1.04521
981 3.7934e-05 1.61361e-05 2.55466 8.73227e-06 5.39624e-06 1.03836
982 3.86967e-05 1.55743e-05 2.57918 9.08805e-06 5.29214e-06 1.06132
983 3.83879e-05 1.55523e-05 2.42351 8.69987e-06 5.21612e-06 1.02262
984 3.80613e-05 1.56283e-05 2.44224 9.03968e-06 5.26606e-06 1.05567
985 3.81818e-05 1.54626e-05 2.45387 8.61638e-06 5.18095e-06 0.988866
986 3.86731e-05 1.5438e-05 2.49774 8.95066e-06 5.25779e-06 1.04426
987 3.76672e-05 1.58898e-05 2.53894 8.63668e-06 5.48334e-06 1.0787
988 3.85511e-05 1.58143e-05 2.51793 8.79043e-06 5.52259e-06 1.06708
989 3.77541e-05 1.55519e-05 2.4415 8.69236e-06 5.50724e-06 1.07793
990 3.79422e-05 1.53885e-05 2.45067 8.49198e-06 5.31765e-06 1.03775
991 3.81549e-05 1.48936e-05 2.41724 8.76686e-06 5.11871e-06 1.02001
992 3.85731e-05 1.48782e-05 2.52052 8.88318e-06 5.11135e-06 1.01269
993 3.74477e-05 1.55156e-05 2.48186 8.4518e-06 5.06007e-06 1.00966
994 3.83476e-05 1.54475e-05 2.51261 8.51683e-06 4.97499e-06 0.977441
995 3.87256e-05 1.47448e-05 2.44403 8.94209e-06 5.2324e-06 1.03139
996 3.873e-05 1.56355e-05 2.65742 9.23079e-06 5.20743e-06 1.05255
997 3.85401e-05 1.56329e-05 2.43009 8.64002e-06 5.18008e-06 1.01242
998 3.89393e-05 1.5076e-05 2.46835 8.70436e-06 5.08091e-06 0.989692
999 3.82592e-05 1.49941e-05 2.44427 8.73952e-06 5.12427e-06 1.01066
1000 3.86797e-05 1.49372e-05 2.47271 8.25648e-06 5.26978e-06 1.02436
