10 0.000142009 8.65197e-05 17.6235 8.35954e-05 4.86761e-05 11.0522
11 0.000105332 6.61344e-05 13.9352 7.68141e-05 4.21798e-05 9.9788
12 0.000103746 7.27282e-05 15.0774 7.64821e-05 4.22987e-05 10.0394
13 0.000103148 6.19905e-05 13.3537 7.32382e-05 3.80746e-05 8.68754
14 9.12249e-05 5.72476e-05 12.5771 6.48247e-05 3.41637e-05 8.17752
15 8.92561e-05 5.97171e-05 12.1552 6.45164e-05 3.78705e-05 8.41653
16 8.50204e-05 5.52186e-05 11.3042 6.18714e-05 3.26946e-05 7.63556
17 8.69182e-05 5.05998e-05 10.9842 5.92768e-05 2.92054e-05 6.84326
18 9.53196e-05 5.5431e-05 11.3797 6.19295e-05 3.35191e-05 7.70195
19 7.6863e-05 4.99857e-05 10.2163 5.82998e-05 3.17298e-05 7.46616
20 7.67091e-05 4.44e-05 9.53839 5.71229e-05 2.82554e-05 6.93818
21 7.62361e-05 5.01929e-05 10.4334 5.36259e-05 3.00469e-05 7.11533
22 7.52298e-05 5.07922e-05 10.7804 5.5231e-05 2.8708e-05 7.05462
23 7.20598e-05 4.33506e-05 8.97144 5.04989e-05 2.71326e-05 6.38304
24 7.201e-05 5.03839e-05 10.124 5.29318e-05 2.89322e-05 7.05446
25 7.00705e-05 4.32966e-05 8.96659 4.93518e-05 2.49642e-05 5.98819
26 6.81363e-05 4.28318e-05 9.19405 5.08385e-05 2.63199e-05 6.46754
27 6.59509e-05 4.37531e-05 9.19536 4.8361e-05 2.67116e-05 6.2961
28 6.65661e-05 4.59932e-05 9.46258 4.71459e-05 2.66534e-05 6.358
29 6.23215e-05 4.51224e-05 9.23911 4.95038e-05 2.52814e-05 6.17388
30 6.11156e-05 4.04123e-05 8.32498 4.47358e-05 2.50469e-05 5.77659
31 6.29572e-05 4.13106e-05 8.79943 4.5786e-05 2.43991e-05 5.84123
32 6.57173e-05 3.95926e-05 8.5921 4.85832e-05 2.38329e-05 5.96577
33 5.83341e-05 3.68376e-05 7.72469 4.35773e-05 2.20188e-05 5.40919
34 6.19965e-05 3.9186e-05 8.38658 4.37358e-05 2.37416e-05 5.55765
35 6.20769e-05 4.09927e-05 8.738 4.24714e-05 2.36714e-05 5.56612
36 5.75769e-05 4.0291e-05 7.77733 4.41829e-05 2.42404e-05 5.76411
37 5.57393e-05 3.42964e-05 7.17304 4.23203e-05 2.16151e-05 5.14624
38 5.25635e-05 3.82256e-05 7.65267 4.13507e-05 2.1983e-05 5.34761
39 5.81093e-05 3.7092e-05 7.86414 4.54438e-05 2.14311e-05 5.28476
40 6.01559e-05 3.88416e-05 8.39974 4.22244e-05 2.22298e-05 5.33042
41 5.45322e-05 3.76393e-05 7.45458 4.04331e-05 2.31171e-05 5.42812
42 5.14366e-05 3.61866e-05 7.31482 4.0417e-05 2.27606e-05 5.24076
43 5.62826e-05 3.52384e-05 7.32467 4.25164e-05 2.12598e-05 5.22215
44 4.93918e-05 3.65949e-05 7.23447 4.09765e-05 2.1905e-05 5.20513
45 5.46937e-05 3.82834e-05 7.79566 4.12866e-05 2.23787e-05 5.31052
46 5.3977e-05 3.82822e-05 7.60227 3.79553e-05 2.22741e-05 5.13258
47 5.15485e-05 3.67336e-05 7.28624 3.92132e-05 2.07595e-05 5.10915
48 4.90165e-05 3.84565e-05 7.56428 3.87243e-05 2.17435e-05 5.17698
49 5.09724e-05 3.73148e-05 7.60114 3.88248e-05 2.15401e-05 5.17904
50 5.11434e-05 3.52872e-05 7.2643 3.94869e-05 2.00031e-05 4.99436
51 4.6717e-05 3.60683e-05 7.115 3.97064e-05 2.06075e-05 5.06614
52 5.02384e-05 3.70038e-05 7.51938 3.8915e-05 2.06302e-05 4.9914
53 5.03241e-05 3.44049e-05 7.04617 3.67222e-05 2.08082e-05 4.8985
54 5.0693e-05 3.11671e-05 6.6818 3.59384e-05 1.97874e-05 4.76966
55 4.56147e-05 3.34899e-05 6.75804 3.53356e-05 2.08873e-05 4.95133
56 4.78543e-05 3.25021e-05 6.48216 3.47022e-05 1.87989e-05 4.53731
57 4.78173e-05 3.17457e-05 6.32565 3.65631e-05 1.98583e-05 4.87298
58 4.45668e-05 3.19462e-05 6.55346 3.59766e-05 1.93644e-05 4.61587
59 4.83251e-05 3.48782e-05 6.99053 3.69938e-05 2.07598e-05 5.04785
60 4.85956e-05 3.46922e-05 7.05867 3.74988e-05 1.97282e-05 4.82873
61 4.74047e-05 3.06497e-05 6.35304 3.68181e-05 1.82597e-05 4.51427
62 4.40456e-05 3.2414e-05 6.7256 3.38639e-05 1.90156e-05 4.56727
63 4.57552e-05 3.00654e-05 6.35969 3.37173e-05 1.85186e-05 4.54875
64 4.86559e-05 3.13086e-05 6.59874 3.53583e-05 1.82272e-05 4.4701
65 4.40864e-05 3.18338e-05 6.27887 3.55944e-05 1.99575e-05 4.98637
66 4.48259e-05 3.15871e-05 6.28354 3.39239e-05 1.90022e-05 4.56811
67 4.52538e-05 3.05418e-05 6.35655 3.56719e-05 1.76134e-05 4.58272
68 4.46488e-05 3.20977e-05 6.37732 3.60532e-05 1.89461e-05 4.69001
69 4.58124e-05 3.15619e-05 6.37165 3.40695e-05 1.85653e-05 4.4859
70 4.61364e-05 3.25111e-05 6.52838 3.5178e-05 1.9086e-05 4.63596
71 4.33668e-05 2.85599e-05 5.97146 3.2815e-05 1.76281e-05 4.24302
72 4.62694e-05 3.07658e-05 6.32161 3.55827e-05 1.8215e-05 4.59108
73 4.23531e-05 3.16711e-05 6.32884 3.65062e-05 1.89585e-05 4.75603
74 4.57653e-05 2.93965e-05 6.29909 3.31007e-05 1.78957e-05 4.40695
75 4.06748e-05 2.87469e-05 5.86444 3.32883e-05 1.78949e-05 4.40949
76 4.32945e-05 2.87456e-05 5.99671 3.35675e-05 1.84415e-05 4.50911
77 4.1867e-05 3.06012e-05 6.16519 3.39352e-05 1.81943e-05 4.44062
78 3.98477e-05 3.09826e-05 6.38254 3.34718e-05 1.822e-05 4.50769
79 4.26382e-05 2.68033e-05 5.54899 3.36e-05 1.75742e-05 4.37603
80 4.19947e-05 3.04093e-05 6.25102 3.26222e-05 1.79582e-05 4.3882
81 4.33717e-05 2.9398e-05 6.13864 3.33152e-05 1.76917e-05 4.32859
82 4.22335e-05 2.8463e-05 5.68623 3.35349e-05 1.75414e-05 4.35978
83 4.07205e-05 2.87067e-05 5.68849 3.3137e-05 1.83123e-05 4.5022
84 4.33199e-05 2.85875e-05 5.94168 3.21404e-05 1.75055e-05 4.31987
85 4.2209e-05 2.836e-05 5.85008 3.38978e-05 1.75101e-05 4.41914
86 4.05747e-05 2.75147e-05 5.74142 3.28783e-05 1.69231e-05 4.27704
87 4.28763e-05 3.0745e-05 6.03997 3.38571e-05 1.8079e-05 4.44227
88 4.26671e-05 2.9703e-05 5.85969 3.19235e-05 1.76237e-05 4.27902
89 3.96106e-05 2.80415e-05 5.6961 3.11742e-05 1.67265e-05 4.09357
90 4.2821e-05 2.85382e-05 5.84279 3.17846e-05 1.75756e-05 4.29715
91 4.17419e-05 3.02529e-05 6.07719 2.94217e-05 1.71173e-05 4.08085
92 4.10139e-05 2.88233e-05 5.70476 3.04262e-05 1.66764e-05 4.07338
93 3.69076e-05 2.86216e-05 5.29328 3.18854e-05 1.84802e-05 4.50358
94 4.16938e-05 2.85336e-05 5.67616 3.14062e-05 1.78688e-05 4.36328
95 4.01713e-05 2.7816e-05 5.48621 3.28189e-05 1.83997e-05 4.54441
96 4.15988e-05 2.80533e-05 5.44857 3.22128e-05 1.77303e-05 4.35307
97 3.83366e-05 2.74624e-05 5.44858 3.12868e-05 1.68859e-05 4.13882
98 4.16281e-05 2.68918e-05 5.49214 2.9209e-05 1.58641e-05 3.84696
99 3.93387e-05 2.6465e-05 5.4297 3.02218e-05 1.6073e-05 3.94735
100 3.78068e-05 2.72839e-05 5.13201 3.0309e-05 1.77817e-05 4.31057
