10 6.94201e-05 1.38398e-05 0.845407 -4.81207e-06 2.20251e-05 4.92895
11 5.29695e-05 1.69843e-05 1.66274 -9.18444e-06 2.31448e-05 5.28287
12 0.025435 1.87574e-05 2.12509 -1.70094e-05 2.58881e-05 6.06561
13 4.6305e-05 1.8337e-05 1.90267 -9.97038e-06 2.22177e-05 4.98394
14 7.81203e-05 4.56097e-06 -0.87935 -1.1826e-05 1.80728e-05 4.2153
15 8.11601e-05 1.50925e-05 0.928768 -1.66595e-05 2.38009e-05 5.4539
16 4.91803e-05 1.01126e-05 0.0580155 -1.65251e-05 1.99196e-05 4.74353
17 3.33299e-05 6.0848e-06 -0.259822 -1.86235e-05 1.89358e-05 4.65994
18 3.67977e-05 9.72931e-06 0.115135 -1.79656e-05 1.95111e-05 4.70699
19 3.79227e-05 1.15438e-05 0.307089 -1.7697e-05 2.11123e-05 4.91337
20 3.82158e-05 1.05444e-05 0.106481 -1.43515e-05 1.80571e-05 4.15079
21 4.00739e-05 8.2298e-06 -0.429199 -1.67761e-05 1.94042e-05 4.4858
22 3.91472e-05 7.26761e-06 -0.618194 -1.66591e-05 1.7656e-05 4.18447
23 3.16077e-05 1.14334e-05 0.392134 -2.22519e-05 2.02759e-05 4.85032
24 3.88976e-05 9.51712e-06 -0.384773 -1.57349e-05 1.90225e-05 4.26685
25 3.6347e-05 5.5863e-06 -0.82269 -1.79334e-05 1.83342e-05 4.33823
26 3.27564e-05 6.80541e-06 -0.577666 -1.82638e-05 1.64772e-05 3.95596
27 3.73663e-05 8.35266e-06 -0.500232 -1.89004e-05 1.95587e-05 4.52773
28 3.80292e-05 6.43491e-06 -0.881436 -1.84807e-05 1.78041e-05 4.18738
29 3.47635e-05 7.34885e-06 -0.606322 -2.03383e-05 1.93073e-05 4.54558
30 3.45807e-05 9.48005e-06 -0.193534 -1.79759e-05 1.87072e-05 4.30921
31 3.4751e-05 6.15337e-06 -0.833401 -2.17914e-05 1.85145e-05 4.48935
32 3.54298e-05 6.366e-06 -0.798105 -2.00898e-05 1.72253e-05 4.14281
33 3.37321e-05 5.40784e-06 -0.91853 -2.10558e-05 1.64812e-05 4.02508
34 3.39782e-05 6.77859e-06 -0.67466 -2.2909e-05 1.74536e-05 4.35575
35 2.75736e-05 9.63919e-06 0.180227 -2.69556e-05 1.86803e-05 4.82464
36 3.60243e-05 5.75343e-06 -0.985402 -2.08637e-05 1.77058e-05 4.23716
37 3.57467e-05 5.89866e-06 -0.9972 -2.13984e-05 1.8456e-05 4.37525
38 3.49872e-05 9.01276e-06 -0.394834 -2.17832e-05 1.76108e-05 4.26692
39 3.39266e-05 7.46509e-06 -0.616317 -1.86768e-05 1.74187e-05 4.06841
40 3.38835e-05 1.06675e-05 -0.156423 -2.2164e-05 1.91178e-05 4.53046
41 3.58132e-05 7.46303e-06 -0.763229 -1.98994e-05 1.74926e-05 4.11359
42 3.44173e-05 8.17378e-06 -0.620053 -2.25567e-05 1.84039e-05 4.38789
43 3.03806e-05 7.48925e-06 -0.49043 -2.03653e-05 1.69265e-05 4.0076
44 3.3591e-05 8.47548e-06 -0.500926 -1.85258e-05 1.63903e-05 3.82402
45 2.79499e-05 1.05881e-05 0.133288 -2.64278e-05 1.93762e-05 4.78331
46 3.30789e-05 9.91056e-06 -0.248507 -2.29022e-05 1.94245e-05 4.59864
47 3.08232e-05 8.74462e-06 -0.307926 -2.26846e-05 1.72802e-05 4.19873
48 3.68757e-05 7.15434e-06 -0.949947 -2.25209e-05 1.79577e-05 4.28822
49 3.46031e-05 5.99591e-06 -1.0181 -2.09799e-05 1.747e-05 4.11266
50 3.38035e-05 1.02895e-05 -0.256156 -2.24346e-05 1.89247e-05 4.46139
51 3.38423e-05 6.76706e-06 -0.848069 -2.40229e-05 1.7662e-05 4.32966
52 3.15442e-05 1.05345e-05 -0.101261 -2.34637e-05 1.93407e-05 4.58824
53 3.12126e-05 8.55818e-06 -0.408849 -2.48735e-05 1.79139e-05 4.41997
54 3.34903e-05 8.63775e-06 -0.503554 -2.06622e-05 1.73919e-05 4.086
55 3.21465e-05 9.60471e-06 -0.267658 -2.06443e-05 1.76282e-05 4.13904
56 3.54324e-05 6.33946e-06 -0.975803 -1.99895e-05 1.70037e-05 3.98306
57 3.32534e-05 7.15146e-06 -0.744245 -2.36356e-05 1.73821e-05 4.24845
58 3.14365e-05 8.02431e-06 -0.54779 -2.43383e-05 1.80507e-05 4.37806
59 3.18643e-05 8.42182e-06 -0.471069 -2.34923e-05 1.74814e-05 4.24114
60 3.36735e-05 6.55086e-06 -0.900878 -2.25963e-05 1.79217e-05 4.27805
61 3.0032e-05 9.35206e-06 -0.256356 -2.43659e-05 1.87985e-05 4.49506
62 3.17398e-05 7.74821e-06 -0.631179 -2.34382e-05 1.85423e-05 4.41762
63 3.09733e-05 9.53389e-06 -0.254789 -2.28504e-05 1.76342e-05 4.22668
64 3.13512e-05 8.52089e-06 -0.406111 -2.39306e-05 1.80031e-05 4.36319
65 3.12278e-05 1.09952e-05 -0.0408826 -2.32255e-05 1.87051e-05 4.41398
66 3.12952e-05 1.04616e-05 -0.151994 -2.31465e-05 1.85184e-05 4.38794
67 3.17126e-05 9.1601e-06 -0.3847 -2.38587e-05 1.79237e-05 4.30901
68 3.06606e-05 8.07466e-06 -0.492945 -2.39183e-05 1.74272e-05 4.2388
69 3.10916e-05 8.01882e-06 -0.535477 -2.3474e-05 1.75943e-05 4.23822
70 3.33343e-05 7.3442e-06 -0.75613 -2.13056e-05 1.67878e-05 3.96976
71 3.38362e-05 7.67164e-06 -0.74106 -2.19098e-05 1.70452e-05 4.06695
72 3.15687e-05 7.12597e-06 -0.704994 -2.17552e-05 1.65619e-05 3.96452
73 3.0617e-05 9.23906e-06 -0.333406 -2.416e-05 1.84573e-05 4.42164
74 3.22704e-05 7.57921e-06 -0.687648 -2.26266e-05 1.69719e-05 4.07202
75 3.21885e-05 7.70555e-06 -0.645485 -2.1612e-05 1.68871e-05 4.01103
76 2.90643e-05 9.95809e-06 -0.0971578 -2.56646e-05 1.82028e-05 4.45781
77 3.20296e-05 9.55514e-06 -0.357669 -2.28094e-05 1.78374e-05 4.20707
78 3.16247e-05 1.00804e-05 -0.235211 -2.30479e-05 1.7247e-05 4.14604
79 3.2187e-05 8.75435e-06 -0.510116 -2.36074e-05 1.78523e-05 4.27622
80 3.10939e-05 8.20884e-06 -0.560577 -2.39184e-05 1.77273e-05 4.25613
81 2.96862e-05 7.75284e-06 -0.519617 -2.53186e-05 1.78313e-05 4.375
82 3.05828e-05 7.02404e-06 -0.695719 -2.28183e-05 1.65749e-05 4.0081
83 2.86406e-05 9.62895e-06 -0.157992 -2.50766e-05 1.83581e-05 4.44911
84 3.16144e-05 7.97336e-06 -0.586159 -2.53318e-05 1.74355e-05 4.30845
85 3.06741e-05 7.7286e-06 -0.613861 -2.46714e-05 1.81303e-05 4.36664
86 3.02877e-05 1.08035e-05 -0.0844214 -2.59918e-05 1.87987e-05 4.56951
87 3.1668e-05 1.00671e-05 -0.229031 -2.34638e-05 1.78824e-05 4.28748
88 3.19644e-05 1.13885e-05 -0.0330796 -2.29971e-05 1.89497e-05 4.43075
89 3.2516e-05 8.52072e-06 -0.568099 -2.17648e-05 1.71318e-05 4.03206
90 3.05536e-05 8.49059e-06 -0.457282 -2.2873e-05 1.69381e-05 4.06031
91 3.27809e-05 8.14834e-06 -0.649056 -2.31223e-05 1.77066e-05 4.21903
92 2.97377e-05 9.5222e-06 -0.287408 -2.47522e-05 1.83038e-05 4.37354
93 3.1891e-05 8.82723e-06 -0.489639 -2.26784e-05 1.7209e-05 4.09661
94 3.29361e-05 8.59831e-06 -0.59186 -2.31128e-05 1.75054e-05 4.16292
95 3.14476e-05 9.97348e-06 -0.280053 -2.46542e-05 1.80202e-05 4.34524
96 3.04514e-05 1.05203e-05 -0.161621 -2.41712e-05 1.83815e-05 4.36051
97 3.05793e-05 1.00056e-05 -0.229261 -2.31262e-05 1.72139e-05 4.10731
98 3.20346e-05 8.8362e-06 -0.494942 -2.28301e-05 1.72739e-05 4.11138
99 3.19817e-05 8.57215e-06 -0.578843 -2.44797e-05 1.79059e-05 4.2935
100 2.98232e-05 1.00269e-05 -0.209514 -2.48441e-05 1.82552e-05 4.38898
