10 0.000481739 7.33468e-05 15.5948 8.72939e-05 5.1514e-05 12.0126
11 0.000112199 7.02398e-05 14.9032 8.15558e-05 4.90367e-05 11.4273
12 0.000283932 6.49287e-05 13.8212 7.79359e-05 4.5195e-05 10.6862
13 9.94859e-05 6.2269e-05 13.2575 7.43711e-05 4.26211e-05 10.1744
14 9.41115e-05 5.98446e-05 12.6972 7.13085e-05 4.13095e-05 9.84016
15 9.00883e-05 5.80616e-05 12.2324 6.89964e-05 4.00184e-05 9.52405
16 8.68516e-05 5.73758e-05 12.0926 6.6115e-05 3.82097e-05 9.11819
17 8.40616e-05 5.47187e-05 11.4948 6.4354e-05 3.72802e-05 8.92145
18 8.14333e-05 5.18518e-05 10.8977 6.29376e-05 3.53634e-05 8.47537
19 7.96425e-05 5.23256e-05 10.8937 6.08156e-05 3.53511e-05 8.39353
20 7.73774e-05 5.06417e-05 10.5874 6.00102e-05 3.41975e-05 8.22003
21 7.51613e-05 4.93518e-05 10.2639 5.83872e-05 3.35358e-05 8.02218
22 7.30841e-05 4.90385e-05 10.2403 5.81818e-05 3.24008e-05 7.88507
23 7.17182e-05 4.78751e-05 9.91345 5.67303e-05 3.24644e-05 7.79055
24 7.07639e-05 4.70107e-05 9.84015 5.51716e-05 3.1445e-05 7.56935
25 6.72615e-05 4.57921e-05 9.43331 5.42357e-05 3.04249e-05 7.3379
26 6.74704e-05 4.47209e-05 9.33409 5.40089e-05 3.01598e-05 7.31755
27 6.68547e-05 4.48215e-05 9.31892 5.31343e-05 3.00998e-05 7.27937
28 6.49967e-05 4.43189e-05 9.24253 5.12867e-05 2.93395e-05 7.06829
29 6.43782e-05 4.32255e-05 8.98647 5.09214e-05 2.9146e-05 7.06734
30 6.28406e-05 4.35066e-05 8.92015 4.96601e-05 2.84385e-05 6.85521
31 6.23498e-05 4.15694e-05 8.57659 5.01831e-05 2.8033e-05 6.82461
32 6.09382e-05 4.11371e-05 8.50688 4.86878e-05 2.74077e-05 6.64289
33 6.08175e-05 4.11107e-05 8.50353 4.85266e-05 2.74935e-05 6.62029
34 5.89575e-05 4.13778e-05 8.44748 4.77793e-05 2.76588e-05 6.66911
35 5.87533e-05 3.9382e-05 8.15597 4.77512e-05 2.69359e-05 6.55867
36 5.82205e-05 3.95303e-05 8.17065 4.6268e-05 2.63141e-05 6.38895
37 5.79089e-05 3.99075e-05 8.16412 4.5935e-05 2.61852e-05 6.32981
38 5.58203e-05 3.87483e-05 7.93845 4.52151e-05 2.61188e-05 6.28838
39 5.60222e-05 3.77619e-05 7.81679 4.49651e-05 2.52999e-05 6.13839
40 5.64923e-05 3.80778e-05 7.83923 4.5352e-05 2.57011e-05 6.25525
41 5.4009e-05 3.72356e-05 7.62661 4.50243e-05 2.53877e-05 6.16909
42 5.4131e-05 3.68615e-05 7.59317 4.41423e-05 2.51504e-05 6.11123
43 5.37194e-05 3.6794e-05 7.5105 4.32261e-05 2.50577e-05 6.0276
44 5.35843e-05 3.63303e-05 7.39334 4.29534e-05 2.45601e-05 5.91279
45 5.20676e-05 3.66944e-05 7.46784 4.24904e-05 2.45446e-05 5.95359
46 5.23264e-05 3.60048e-05 7.29542 4.24216e-05 2.41965e-05 5.85247
47 5.20479e-05 3.60101e-05 7.40856 4.24648e-05 2.39909e-05 5.83273
48 5.19338e-05 3.57211e-05 7.28841 4.20143e-05 2.42142e-05 5.86236
49 5.08608e-05 3.45311e-05 7.13386 4.11461e-05 2.35912e-05 5.71619
50 5.06307e-05 3.5865e-05 7.24357 4.12899e-05 2.40425e-05 5.79274
51 5.0344e-05 3.4377e-05 7.03653 4.071e-05 2.34813e-05 5.70793
52 4.99393e-05 3.48591e-05 7.12825 4.08687e-05 2.35143e-05 5.68524
53 4.93141e-05 3.42992e-05 6.97086 4.07683e-05 2.33816e-05 5.69394
54 4.89212e-05 3.40221e-05 6.90224 4.06594e-05 2.34188e-05 5.66742
55 4.81128e-05 3.38954e-05 6.88923 4.03475e-05 2.29553e-05 5.59429
56 4.7987e-05 3.35062e-05 6.82262 3.94654e-05 2.27644e-05 5.51017
57 4.80756e-05 3.28142e-05 6.75846 3.92663e-05 2.27771e-05 5.51503
58 4.69284e-05 3.28584e-05 6.62527 3.92964e-05 2.29657e-05 5.55301
59 4.76037e-05 3.27775e-05 6.71706 3.91019e-05 2.2283e-05 5.45867
60 4.7091e-05 3.24944e-05 6.59632 3.88114e-05 2.25144e-05 5.46505
61 4.73935e-05 3.20613e-05 6.52906 3.81744e-05 2.21294e-05 5.36749
62 4.62155e-05 3.24996e-05 6.57016 3.81723e-05 2.2417e-05 5.41429
63 4.61717e-05 3.20044e-05 6.4915 3.77392e-05 2.22625e-05 5.38206
64 4.60279e-05 3.15819e-05 6.45185 3.77334e-05 2.22149e-05 5.36018
65 4.5583e-05 3.11041e-05 6.39901 3.79743e-05 2.18564e-05 5.3441
66 4.57078e-05 3.16743e-05 6.4463 3.72832e-05 2.18898e-05 5.29877
67 4.51949e-05 3.08678e-05 6.32364 3.68751e-05 2.16673e-05 5.24198
68 4.52984e-05 3.09613e-05 6.25008 3.66746e-05 2.13917e-05 5.1947
69 4.41581e-05 3.04277e-05 6.16864 3.70862e-05 2.16758e-05 5.27715
70 4.47782e-05 3.06724e-05 6.22222 3.66654e-05 2.15447e-05 5.23462
71 4.4571e-05 3.05958e-05 6.19038 3.62419e-05 2.13488e-05 5.17879
72 4.34435e-05 3.06588e-05 6.1815 3.66908e-05 2.14757e-05 5.22046
73 4.37913e-05 2.99036e-05 6.08746 3.63549e-05 2.13218e-05 5.18085
74 4.36162e-05 3.05334e-05 6.19896 3.62646e-05 2.14575e-05 5.20911
75 4.29553e-05 3.00792e-05 6.07013 3.63791e-05 2.12728e-05 5.18259
76 4.32766e-05 3.00431e-05 6.07172 3.60831e-05 2.13118e-05 5.1617
77 4.31573e-05 2.96047e-05 6.03425 3.58948e-05 2.10657e-05 5.12569
78 4.25713e-05 2.99896e-05 6.06065 3.5697e-05 2.10763e-05 5.12258
79 4.30218e-05 2.94634e-05 5.95357 3.58831e-05 2.10535e-05 5.12066
80 4.23278e-05 2.98905e-05 5.98388 3.50848e-05 2.09785e-05 5.06361
81 4.1927e-05 2.95391e-05 5.97334 3.5231e-05 2.06912e-05 5.04379
82 4.21434e-05 2.93645e-05 5.96537 3.53008e-05 2.10793e-05 5.09551
83 4.18663e-05 2.96262e-05 5.95122 3.51345e-05 2.11103e-05 5.11859
84 4.16199e-05 2.81955e-05 5.72804 3.46233e-05 2.05619e-05 4.99001
85 4.21598e-05 2.851e-05 5.79391 3.45751e-05 2.04454e-05 4.97066
86 4.12245e-05 2.85526e-05 5.77793 3.42849e-05 2.0492e-05 4.9742
87 4.10179e-05 2.91868e-05 5.87432 3.48069e-05 2.05533e-05 4.99768
88 4.13901e-05 2.82635e-05 5.70593 3.43745e-05 2.02426e-05 4.92788
89 4.09214e-05 2.78738e-05 5.65156 3.44195e-05 2.05703e-05 4.99775
90 4.10635e-05 2.88556e-05 5.8013 3.43806e-05 2.069e-05 5.01251
91 4.06529e-05 2.81575e-05 5.67505 3.45253e-05 2.03739e-05 4.96996
92 4.04191e-05 2.77624e-05 5.58846 3.42053e-05 2.02871e-05 4.95464
93 4.06347e-05 2.81551e-05 5.67088 3.38515e-05 2.02576e-05 4.90014
94 3.9663e-05 2.7253e-05 5.48639 3.37297e-05 2.02031e-05 4.90223
95 4.02437e-05 2.73028e-05 5.52027 3.37033e-05 2.01576e-05 4.90074
96 3.96123e-05 2.7358e-05 5.51062 3.35005e-05 2.01164e-05 4.88779
97 4.01699e-05 2.76112e-05 5.60719 3.34376e-05 1.99948e-05 4.86356
98 3.96134e-05 2.81036e-05 5.57005 3.36748e-05 2.0246e-05 4.91896
99 3.93581e-05 2.7435e-05 5.53786 3.31676e-05 1.99134e-05 4.83148
100 3.941e-05 2.73438e-05 5.4374 3.35668e-05 2.01151e-05 4.88932
101 3.94814e-05 2.73503e-05 5.47614 3.32768e-05 1.99997e-05 4.86174
102 3.89118e-05 2.65264e-05 5.33065 3.30853e-05 1.98074e-05 4.82095
103 3.94871e-05 2.72408e-05 5.452 3.33485e-05 2.01328e-05 4.86824
104 3.88197e-05 2.72384e-05 5.44838 3.29113e-05 1.97127e-05 4.79999
105 3.85887e-05 2.72074e-05 5.40399 3.31749e-05 2.0128e-05 4.87742
106 3.8784e-05 2.69024e-05 5.40956 3.30548e-05 1.99514e-05 4.85173
107 3.85915e-05 2.65281e-05 5.34353 3.26141e-05 1.96385e-05 4.77728
108 3.80233e-05 2.66823e-05 5.29911 3.29038e-05 1.99184e-05 4.85974
109 3.82127e-05 2.62845e-05 5.27833 3.27309e-05 1.97031e-05 4.80257
110 3.81054e-05 2.62185e-05 5.25475 3.26554e-05 1.96449e-05 4.79592
111 3.77056e-05 2.64056e-05 5.29396 3.2641e-05 1.96395e-05 4.79315
112 3.80808e-05 2.66518e-05 5.32951 3.26559e-05 1.9849e-05 4.81709
113 3.75404e-05 2.63049e-05 5.23356 3.25958e-05 1.98214e-05 4.80403
114 3.76438e-05 2.63575e-05 5.26382 3.2772e-05 1.98645e-05 4.82883
115 3.79614e-05 2.60161e-05 5.15729 3.24168e-05 1.97219e-05 4.80071
116 3.76341e-05 2.60628e-05 5.20434 3.24976e-05 1.96093e-05 4.78559
117 3.78362e-05 2.63187e-05 5.24685 3.22713e-05 1.94875e-05 4.74438
118 3.79203e-05 2.56571e-05 5.17768 3.18034e-05 1.92417e-05 4.68437
119 3.66575e-05 2.57409e-05 5.07548 3.23957e-05 1.95132e-05 4.76893
120 3.71009e-05 2.58522e-05 5.10417 3.20641e-05 1.94796e-05 4.74627
121 3.71892e-05 2.56092e-05 5.07938 3.17732e-05 1.96298e-05 4.76154
122 3.68278e-05 2.54914e-05 5.0958 3.21328e-05 1.92973e-05 4.71299
123 3.70555e-05 2.54522e-05 5.06376 3.17522e-05 1.95414e-05 4.75246
124 3.67275e-05 2.58319e-05 5.07927 3.16378e-05 1.93436e-05 4.7012
125 3.67697e-05 2.56256e-05 5.0415 3.15789e-05 1.95618e-05 4.74316
126 3.65664e-05 2.53925e-05 5.00815 3.14214e-05 1.93515e-05 4.68953
127 3.68461e-05 2.55756e-05 5.0783 3.11672e-05 1.95784e-05 4.72618
128 3.70068e-05 2.56619e-05 5.06699 3.12044e-05 1.92949e-05 4.67631
129 3.61884e-05 2.488e-05 4.93247 3.13859e-05 1.93763e-05 4.70759
130 3.64653e-05 2.51109e-05 4.99359 3.15276e-05 1.92061e-05 4.6768
131 3.57924e-05 2.53036e-05 4.98103 3.13901e-05 1.94529e-05 4.72073
132 3.58296e-05 2.52412e-05 4.97693 3.10945e-05 1.93431e-05 4.68368
133 3.59955e-05 2.50002e-05 4.93773 3.1372e-05 1.94245e-05 4.72333
134 3.60877e-05 2.49036e-05 4.92208 3.12278e-05 1.92553e-05 4.67293
135 3.61071e-05 2.46456e-05 4.90168 3.08079e-05 1.89641e-05 4.5995
136 3.60875e-05 2.47523e-05 4.88963 3.09068e-05 1.89295e-05 4.58582
137 3.60311e-05 2.43778e-05 4.84057 3.07814e-05 1.92328e-05 4.66441
138 3.57903e-05 2.46845e-05 4.86295 3.08841e-05 1.91722e-05 4.64801
139 3.55991e-05 2.45259e-05 4.8187 3.049e-05 1.88888e-05 4.57691
140 3.53864e-05 2.47922e-05 4.91874 3.08904e-05 1.90003e-05 4.63325
141 3.55913e-05 2.4239e-05 4.82835 3.09325e-05 1.90928e-05 4.63102
142 3.61151e-05 2.42581e-05 4.83571 3.02004e-05 1.8805e-05 4.54456
143 3.53688e-05 2.47028e-05 4.86674 3.08276e-05 1.92089e-05 4.65266
144 3.50008e-05 2.41842e-05 4.76481 3.08997e-05 1.90551e-05 4.638
145 3.49178e-05 2.44679e-05 4.81042 3.07483e-05 1.87793e-05 4.58157
146 3.51441e-05 2.46028e-05 4.8233 3.09164e-05 1.91773e-05 4.66671
147 3.51704e-05 2.39932e-05 4.70984 3.0659e-05 1.88876e-05 4.59784
148 3.47328e-05 2.39195e-05 4.74044 3.05889e-05 1.88746e-05 4.59821
149 3.50778e-05 2.44987e-05 4.7868 3.09976e-05 1.91459e-05 4.67017
150 3.5178e-05 2.37968e-05 4.68727 3.04994e-05 1.89437e-05 4.60885
151 3.5085e-05 2.41817e-05 4.74541 3.03626e-05 1.89641e-05 4.60493
152 3.48855e-05 2.39313e-05 4.69816 3.06317e-05 1.88992e-05 4.61017
153 3.47743e-05 2.35795e-05 4.63726 3.05141e-05 1.8934e-05 4.60328
154 3.41388e-05 2.38232e-05 4.69695 3.06849e-05 1.88656e-05 4.5994
155 3.46441e-05 2.36615e-05 4.69895 3.02071e-05 1.87275e-05 4.55503
156 3.51e-05 2.39833e-05 4.72963 3.01624e-05 1.88744e-05 4.58978
157 3.47449e-05 2.37138e-05 4.67036 3.00888e-05 1.872e-05 4.55192
158 3.43525e-05 2.34024e-05 4.6017 3.03118e-05 1.88862e-05 4.59942
159 3.47218e-05 2.3991e-05 4.64202 2.99658e-05 1.88854e-05 4.56764
160 3.476e-05 2.34275e-05 4.58779 2.97876e-05 1.87825e-05 4.54004
161 3.44882e-05 2.36403e-05 4.64056 3.04146e-05 1.87962e-05 4.57949
162 3.43687e-05 2.3444e-05 4.57924 3.02884e-05 1.87476e-05 4.58244
163 3.42223e-05 2.32993e-05 4.58602 3.04534e-05 1.88235e-05 4.60779
164 3.42846e-05 2.38452e-05 4.64636 2.97545e-05 1.87388e-05 4.53304
165 3.37626e-05 2.3531e-05 4.5577 3.0411e-05 1.89405e-05 4.62219
166 3.39219e-05 2.34312e-05 4.58614 2.9988e-05 1.88168e-05 4.58187
167 3.38916e-05 2.37015e-05 4.61478 3.03221e-05 1.87701e-05 4.56855
168 3.42066e-05 2.3393e-05 4.5786 2.97319e-05 1.86188e-05 4.51896
169 3.41712e-05 2.32784e-05 4.55477 2.96929e-05 1.86724e-05 4.53672
170 3.40791e-05 2.36762e-05 4.58285 3.00839e-05 1.89771e-05 4.5946
171 3.37852e-05 2.36887e-05 4.58768 3.00495e-05 1.89167e-05 4.58942
172 3.3584e-05 2.2923e-05 4.48057 2.98501e-05 1.84496e-05 4.50418
173 3.38192e-05 2.2943e-05 4.46001 2.97095e-05 1.87225e-05 4.55559
174 3.36972e-05 2.33691e-05 4.56169 2.97373e-05 1.86017e-05 4.5242
175 3.37683e-05 2.32345e-05 4.50714 2.98807e-05 1.88644e-05 4.57331
176 3.37486e-05 2.30847e-05 4.47388 2.96279e-05 1.88161e-05 4.56729
177 3.36158e-05 2.32024e-05 4.52211 2.94554e-05 1.85938e-05 4.51787
178 3.36661e-05 2.24815e-05 4.39008 2.97282e-05 1.85964e-05 4.52855
179 3.33806e-05 2.29675e-05 4.44266 2.97566e-05 1.8737e-05 4.56332
180 3.32185e-05 2.28143e-05 4.40084 2.97636e-05 1.86165e-05 4.54629
181 3.35633e-05 2.28189e-05 4.42917 3.00488e-05 1.88689e-05 4.59749
182 3.32121e-05 2.25111e-05 4.3807 2.95661e-05 1.84201e-05 4.48643
183 3.3157e-05 2.27402e-05 4.41022 2.98528e-05 1.86033e-05 4.54938
184 3.29125e-05 2.26236e-05 4.39676 2.96563e-05 1.85638e-05 4.52841
185 3.35579e-05 2.27362e-05 4.41082 2.96023e-05 1.86839e-05 4.54407
186 3.29364e-05 2.24605e-05 4.37339 2.93842e-05 1.8521e-05 4.50609
187 3.2908e-05 2.23361e-05 4.30702 2.96836e-05 1.85418e-05 4.52564
188 3.30864e-05 2.28392e-05 4.41544 2.96026e-05 1.8535e-05 4.51593
189 3.31999e-05 2.28643e-05 4.41288 2.93577e-05 1.86655e-05 4.52051
190 3.26556e-05 2.26184e-05 4.34968 2.97068e-05 1.88871e-05 4.5902
191 3.3218e-05 2.25711e-05 4.39345 2.98452e-05 1.8663e-05 4.56408
192 3.30384e-05 2.26293e-05 4.3807 2.91322e-05 1.85062e-05 4.48749
193 3.2684e-05 2.2895e-05 4.40648 2.94651e-05 1.85747e-05 4.52769
194 3.29154e-05 2.22367e-05 4.29294 2.92985e-05 1.85739e-05 4.51473
195 3.26757e-05 2.23123e-05 4.3407 2.96514e-05 1.84965e-05 4.52402
196 3.24936e-05 2.22706e-05 4.28299 2.94335e-05 1.85972e-05 4.52461
197 3.27458e-05 2.18584e-05 4.22479 2.92924e-05 1.84763e-05 4.49804
198 3.26548e-05 2.21096e-05 4.2795 2.91282e-05 1.85032e-05 4.49297
199 3.27289e-05 2.21669e-05 4.29954 2.92486e-05 1.84508e-05 4.49982
200 3.26191e-05 2.20545e-05 4.26944 2.90284e-05 1.84567e-05 4.48837
201 3.25456e-05 2.2253e-05 4.26506 2.93967e-05 1.85749e-05 4.52713
202 3.2231e-05 2.21931e-05 4.25346 2.9165e-05 1.85756e-05 4.50671
203 3.27256e-05 2.20091e-05 4.26863 2.91837e-05 1.83811e-05 4.47861
204 3.25783e-05 2.25039e-05 4.32199 2.91835e-05 1.85546e-05 4.52052
205 3.21978e-05 2.18349e-05 4.19858 2.92901e-05 1.83866e-05 4.49939
206 3.25952e-05 2.18191e-05 4.26137 2.92087e-05 1.82871e-05 4.46684
207 3.24023e-05 2.18287e-05 4.21565 2.9157e-05 1.8567e-05 4.51829
208 3.22973e-05 2.20103e-05 4.22921 2.90636e-05 1.84003e-05 4.4834
209 3.24208e-05 2.16613e-05 4.16431 2.91707e-05 1.84937e-05 4.5001
210 3.24372e-05 2.19916e-05 4.22578 2.89827e-05 1.85299e-05 4.49328
211 3.25704e-05 2.16326e-05 4.17736 2.87876e-05 1.85034e-05 4.4834
212 3.19932e-05 2.19196e-05 4.19504 2.93133e-05 1.8579e-05 4.5299
213 3.21854e-05 2.18193e-05 4.19781 2.89188e-05 1.84678e-05 4.4944
214 3.18975e-05 2.22942e-05 4.25633 2.92372e-05 1.8648e-05 4.53409
215 3.19423e-05 2.17729e-05 4.15681 2.93297e-05 1.83663e-05 4.50174
216 3.19244e-05 2.18867e-05 4.18536 2.88996e-05 1.86017e-05 4.51175
217 3.20395e-05 2.15154e-05 4.1645 2.91965e-05 1.83296e-05 4.48766
218 3.21792e-05 2.16443e-05 4.16136 2.87968e-05 1.84849e-05 4.48588
219 3.21461e-05 2.18527e-05 4.18248 2.89364e-05 1.83024e-05 4.46863
220 3.1998e-05 2.16969e-05 4.15664 2.88392e-05 1.83108e-05 4.45876
221 3.1707e-05 2.19e-05 4.15966 2.89236e-05 1.84905e-05 4.49421
222 3.17146e-05 2.14135e-05 4.09442 2.89527e-05 1.83112e-05 4.46748
223 3.20134e-05 2.18564e-05 4.14192 2.85289e-05 1.83773e-05 4.45065
224 3.16788e-05 2.13817e-05 4.08227 2.88303e-05 1.82184e-05 4.44105
225 3.18749e-05 2.14833e-05 4.10727 2.87263e-05 1.83939e-05 4.47084
226 3.1503e-05 2.14306e-05 4.07792 2.87094e-05 1.82691e-05 4.45387
227 3.15472e-05 2.13171e-05 4.08615 2.91479e-05 1.84602e-05 4.51256
228 3.17654e-05 2.14822e-05 4.11384 2.88172e-05 1.83362e-05 4.47415
229 3.18016e-05 2.14923e-05 4.10774 2.86572e-05 1.83889e-05 4.46584
230 3.13196e-05 2.11941e-05 4.04179 2.90651e-05 1.84834e-05 4.50963
231 3.14646e-05 2.12337e-05 4.03825 2.88794e-05 1.84195e-05 4.48284
232 3.13786e-05 2.16434e-05 4.08418 2.89372e-05 1.84955e-05 4.50156
233 3.14037e-05 2.15513e-05 4.08837 2.85221e-05 1.84506e-05 4.48376
234 3.16871e-05 2.1328e-05 4.07176 2.88942e-05 1.86278e-05 4.52469
235 3.15326e-05 2.11811e-05 4.05148 2.8485e-05 1.82291e-05 4.44019
236 3.11238e-05 2.11412e-05 4.01009 2.89095e-05 1.83689e-05 4.48815
237 3.11001e-05 2.14394e-05 4.06372 2.87161e-05 1.83624e-05 4.46708
238 3.15907e-05 2.11108e-05 4.01686 2.84089e-05 1.82462e-05 4.43052
239 3.14135e-05 2.12665e-05 4.04878 2.84825e-05 1.83079e-05 4.44894
240 3.10098e-05 2.13922e-05 4.02012 2.8757e-05 1.83887e-05 4.48378
241 3.12027e-05 2.0764e-05 3.95245 2.84037e-05 1.80728e-05 4.40249
242 3.15137e-05 2.08871e-05 3.96331 2.84881e-05 1.81916e-05 4.42574
243 3.12779e-05 2.08769e-05 3.97057 2.85485e-05 1.8276e-05 4.45317
244 3.10174e-05 2.10608e-05 3.96911 2.86199e-05 1.8504e-05 4.49217
245 3.14069e-05 2.13149e-05 4.04305 2.85356e-05 1.83911e-05 4.47634
246 3.10125e-05 2.1216e-05 4.00572 2.86594e-05 1.84333e-05 4.49551
247 3.12981e-05 2.06822e-05 3.91766 2.83314e-05 1.83226e-05 4.45017
248 3.09216e-05 2.1131e-05 3.99169 2.87908e-05 1.83927e-05 4.4868
249 3.10493e-05 2.10151e-05 3.9945 2.86445e-05 1.83991e-05 4.48721
250 3.13151e-05 2.06845e-05 3.97151 2.85216e-05 1.82304e-05 4.44886
251 3.12609e-05 2.11238e-05 4.02051 2.83896e-05 1.82199e-05 4.43578
252 3.11824e-05 2.1098e-05 4.00774 2.84278e-05 1.83088e-05 4.45525
253 3.09503e-05 2.07865e-05 3.94089 2.84414e-05 1.82576e-05 4.4466
254 3.10174e-05 2.07423e-05 3.92283 2.83953e-05 1.83936e-05 4.47418
255 3.12488e-05 2.07997e-05 3.95136 2.81357e-05 1.81755e-05 4.41552
256 3.12091e-05 2.07745e-05 3.92111 2.83677e-05 1.84503e-05 4.47184
257 3.08737e-05 2.0774e-05 3.9035 2.8344e-05 1.8347e-05 4.46166
258 3.07727e-05 2.06416e-05 3.9278 2.84742e-05 1.81819e-05 4.44229
259 3.08517e-05 2.08668e-05 3.91074 2.8394e-05 1.84148e-05 4.47639
260 3.09779e-05 2.0572e-05 3.92867 2.84186e-05 1.81683e-05 4.43015
261 3.06785e-05 2.09986e-05 3.95376 2.85841e-05 1.83763e-05 4.47269
262 3.05657e-05 2.11361e-05 3.9376 2.85664e-05 1.85569e-05 4.51274
263 3.08352e-05 2.07945e-05 3.90159 2.8064e-05 1.82367e-05 4.42374
264 3.05687e-05 2.108e-05 3.91771 2.82147e-05 1.83521e-05 4.45212
265 3.07673e-05 2.03377e-05 3.85047 2.81785e-05 1.82246e-05 4.4366
266 3.08524e-05 2.0685e-05 3.86605 2.83775e-05 1.84902e-05 4.4908
267 3.05198e-05 2.06228e-05 3.88018 2.86905e-05 1.8383e-05 4.48851
268 3.0841e-05 2.07648e-05 3.91492 2.7951e-05 1.82282e-05 4.42009
269 3.0681e-05 2.04583e-05 3.87206 2.84476e-05 1.81248e-05 4.43259
270 3.06228e-05 2.02505e-05 3.81811 2.85434e-05 1.82504e-05 4.45462
271 3.05759e-05 2.07006e-05 3.8533 2.81255e-05 1.83856e-05 4.46051
272 3.0378e-05 2.06035e-05 3.79979 2.85162e-05 1.84183e-05 4.49721
273 3.06416e-05 2.05159e-05 3.8165 2.8149e-05 1.82214e-05 4.43224
274 3.02894e-05 2.006e-05 3.82701 2.85737e-05 1.82483e-05 4.46646
275 3.06567e-05 2.06286e-05 3.86362 2.81223e-05 1.84515e-05 4.47529
276 3.07331e-05 2.09504e-05 3.93331 2.80187e-05 1.81642e-05 4.41349
277 3.08792e-05 2.0564e-05 3.85715 2.80061e-05 1.83221e-05 4.44009
278 3.07938e-05 2.03783e-05 3.81797 2.82158e-05 1.83447e-05 4.45377
279 3.03713e-05 2.05079e-05 3.79541 2.83222e-05 1.8284e-05 4.45261
280 3.05279e-05 2.03975e-05 3.82285 2.84789e-05 1.84285e-05 4.48835
281 3.03939e-05 2.0457e-05 3.81365 2.80145e-05 1.82043e-05 4.41965
282 3.0203e-05 2.05521e-05 3.82842 2.83584e-05 1.83681e-05 4.48058
283 3.00288e-05 2.05189e-05 3.8005 2.82266e-05 1.84053e-05 4.48051
284 3.03761e-05 2.01227e-05 3.76441 2.81809e-05 1.81402e-05 4.41314
285 3.0201e-05 2.0534e-05 3.78615 2.84274e-05 1.85597e-05 4.51628
286 3.03367e-05 2.03232e-05 3.78214 2.81359e-05 1.82502e-05 4.44178
287 3.02023e-05 2.03253e-05 3.76508 2.81397e-05 1.8291e-05 4.45405
288 3.02263e-05 2.03884e-05 3.79101 2.80648e-05 1.81802e-05 4.42417
289 2.99598e-05 2.01459e-05 3.76335 2.82613e-05 1.82263e-05 4.45253
290 3.00991e-05 2.00832e-05 3.7308 2.82323e-05 1.83302e-05 4.46443
291 3.02208e-05 1.98955e-05 3.71483 2.85589e-05 1.82615e-05 4.46961
292 2.99445e-05 2.02603e-05 3.75269 2.84039e-05 1.82854e-05 4.46306
293 3.02433e-05 2.03602e-05 3.77496 2.79085e-05 1.8398e-05 4.45458
294 3.00114e-05 2.05073e-05 3.78038 2.83214e-05 1.84039e-05 4.48011
295 3.01127e-05 2.0206e-05 3.76265 2.78764e-05 1.82743e-05 4.43338
296 3.00371e-05 2.02965e-05 3.74365 2.80918e-05 1.83107e-05 4.45132
297 3.00635e-05 2.03271e-05 3.75321 2.78426e-05 1.82843e-05 4.43777
298 3.05404e-05 2.00722e-05 3.74942 2.78147e-05 1.81277e-05 4.40385
299 3.01587e-05 2.00802e-05 3.70707 2.80604e-05 1.8354e-05 4.46106
300 3.01027e-05 1.96471e-05 3.66962 2.81843e-05 1.82291e-05 4.45176
301 3.0054e-05 2.01978e-05 3.74064 2.82472e-05 1.83258e-05 4.46962
302 3.00375e-05 1.96859e-05 3.69226 2.80641e-05 1.80329e-05 4.40157
303 2.97957e-05 2.00255e-05 3.72254 2.79583e-05 1.82931e-05 4.44614
304 3.01136e-05 2.00383e-05 3.71876 2.79322e-05 1.82333e-05 4.42934
305 2.97373e-05 2.0414e-05 3.73485 2.82754e-05 1.84401e-05 4.48855
306 3.01453e-05 1.96421e-05 3.66064 2.79906e-05 1.81406e-05 4.41427
307 3.01564e-05 2.00695e-05 3.6877 2.80152e-05 1.82865e-05 4.44884
308 2.98724e-05 1.98876e-05 3.6795 2.8053e-05 1.8227e-05 4.44101
309 2.95501e-05 1.97884e-05 3.63178 2.81813e-05 1.81634e-05 4.43991
310 2.9872e-05 2.03306e-05 3.74327 2.81739e-05 1.83207e-05 4.46952
311 2.99335e-05 1.99965e-05 3.69509 2.78671e-05 1.83371e-05 4.45269
312 2.99898e-05 2.01011e-05 3.7047 2.80166e-05 1.84023e-05 4.46979
313 2.99873e-05 2.02948e-05 3.75141 2.78809e-05 1.82877e-05 4.43554
314 2.9583e-05 1.99825e-05 3.6572 2.83427e-05 1.83964e-05 4.49074
315 2.98245e-05 2.00649e-05 3.64794 2.78043e-05 1.84371e-05 4.46499
316 2.95136e-05 2.00498e-05 3.68459 2.78681e-05 1.82414e-05 4.43364
317 2.95946e-05 2.00872e-05 3.66467 2.79417e-05 1.83303e-05 4.45859
318 2.94553e-05 2.00115e-05 3.65637 2.83136e-05 1.83915e-05 4.49391
319 2.97095e-05 1.9618e-05 3.62438 2.80807e-05 1.8335e-05 4.46844
320 2.9846e-05 1.96058e-05 3.61106 2.78794e-05 1.81493e-05 4.42304
321 2.96962e-05 1.99657e-05 3.66174 2.7973e-05 1.81563e-05 4.42351
322 3.00611e-05 1.97397e-05 3.62613 2.76645e-05 1.82008e-05 4.4164
323 2.92093e-05 1.95601e-05 3.5707 2.84395e-05 1.83447e-05 4.49423
324 2.9882e-05 1.97071e-05 3.64938 2.79875e-05 1.82685e-05 4.45392
325 2.97048e-05 1.96162e-05 3.62071 2.79695e-05 1.81873e-05 4.43116
326 2.93865e-05 1.97859e-05 3.60439 2.80508e-05 1.8213e-05 4.4425
327 2.93731e-05 1.97817e-05 3.62211 2.81072e-05 1.82732e-05 4.45903
328 2.96608e-05 1.94464e-05 3.53703 2.801e-05 1.83744e-05 4.46763
329 2.95267e-05 2.0071e-05 3.67039 2.78105e-05 1.82142e-05 4.43805
330 2.97119e-05 1.94446e-05 3.57198 2.77638e-05 1.80936e-05 4.4075
331 2.92943e-05 1.9672e-05 3.58091 2.80583e-05 1.8438e-05 4.48603
332 2.92309e-05 1.98764e-05 3.5949 2.80694e-05 1.83299e-05 4.46498
333 2.9704e-05 1.95836e-05 3.6008 2.8003e-05 1.82189e-05 4.44206
334 2.98175e-05 1.9638e-05 3.5908 2.77323e-05 1.81582e-05 4.41813
335 2.97695e-05 1.95826e-05 3.58507 2.78751e-05 1.82409e-05 4.43746
336 2.92967e-05 1.97507e-05 3.6082 2.79781e-05 1.82276e-05 4.43598
337 2.95854e-05 1.93807e-05 3.5434 2.77929e-05 1.81747e-05 4.42502
338 2.91469e-05 1.9569e-05 3.56968 2.81672e-05 1.84645e-05 4.50571
339 2.93668e-05 1.94809e-05 3.59064 2.79578e-05 1.82072e-05 4.44156
340 2.96267e-05 1.94671e-05 3.54931 2.77846e-05 1.8143e-05 4.4168
341 2.96442e-05 1.96956e-05 3.57706 2.78945e-05 1.81968e-05 4.43272
342 2.95467e-05 1.95527e-05 3.56378 2.76171e-05 1.82184e-05 4.42979
343 2.95825e-05 1.94959e-05 3.52287 2.75424e-05 1.82825e-05 4.42796
344 2.94885e-05 1.96611e-05 3.56652 2.78553e-05 1.82488e-05 4.44331
345 2.94204e-05 1.92724e-05 3.51288 2.77652e-05 1.8187e-05 4.42615
346 2.92406e-05 1.94835e-05 3.54529 2.77272e-05 1.82755e-05 4.43802
347 2.93981e-05 1.92472e-05 3.54929 2.78899e-05 1.81798e-05 4.42984
348 2.93371e-05 1.93624e-05 3.55842 2.81071e-05 1.82316e-05 4.45976
349 2.93676e-05 1.94322e-05 3.51427 2.77852e-05 1.81919e-05 4.42546
350 2.94668e-05 1.94847e-05 3.53972 2.78757e-05 1.82888e-05 4.45298
351 2.92968e-05 1.95934e-05 3.53785 2.77682e-05 1.83177e-05 4.44977
352 2.91344e-05 1.94689e-05 3.51566 2.79954e-05 1.84343e-05 4.48559
353 2.929e-05 1.90155e-05 3.46225 2.78863e-05 1.81194e-05 4.42715
354 2.93886e-05 1.92903e-05 3.48313 2.77539e-05 1.81269e-05 4.41121
355 2.91306e-05 1.94603e-05 3.52459 2.75931e-05 1.79944e-05 4.38179
356 2.91723e-05 1.91649e-05 3.48628 2.79007e-05 1.81276e-05 4.42784
357 2.89351e-05 1.92699e-05 3.48759 2.79668e-05 1.82875e-05 4.4592
358 2.92597e-05 1.90626e-05 3.47125 2.77205e-05 1.81413e-05 4.41798
359 2.90677e-05 1.89572e-05 3.47422 2.79644e-05 1.81782e-05 4.43673
360 2.93259e-05 1.90574e-05 3.47066 2.79087e-05 1.8108e-05 4.42259
361 2.90385e-05 1.93465e-05 3.49131 2.797e-05 1.83193e-05 4.47307
362 2.92209e-05 1.90687e-05 3.48949 2.79166e-05 1.81056e-05 4.42418
363 2.92919e-05 1.90005e-05 3.46427 2.78271e-05 1.82792e-05 4.45083
364 2.90145e-05 1.92051e-05 3.49612 2.80373e-05 1.81681e-05 4.44205
365 2.91586e-05 1.90786e-05 3.43863 2.76133e-05 1.81379e-05 4.42164
366 2.91841e-05 1.93452e-05 3.48688 2.77765e-05 1.80921e-05 4.40874
367 2.93368e-05 1.8781e-05 3.41155 2.77671e-05 1.81549e-05 4.42328
368 2.9284e-05 1.94036e-05 3.48302 2.77252e-05 1.83077e-05 4.45039
369 2.89965e-05 1.91772e-05 3.48148 2.77868e-05 1.82509e-05 4.44782
370 2.89772e-05 1.92761e-05 3.48329 2.79582e-05 1.82294e-05 4.44664
371 2.90621e-05 1.9032e-05 3.42797 2.79653e-05 1.83321e-05 4.47226
372 2.91417e-05 1.92965e-05 3.49205 2.7737e-05 1.82586e-05 4.44724
373 2.9228e-05 1.9204e-05 3.46357 2.76986e-05 1.8224e-05 4.4373
374 2.8787e-05 1.95046e-05 3.46274 2.78403e-05 1.83145e-05 4.46083
375 2.86962e-05 1.91034e-05 3.41805 2.79739e-05 1.83526e-05 4.47028
376 2.89904e-05 1.92044e-05 3.43537 2.76179e-05 1.83621e-05 4.46011
377 2.90478e-05 1.90951e-05 3.46756 2.76952e-05 1.81685e-05 4.42674
378 2.88842e-05 1.94261e-05 3.49992 2.77343e-05 1.83117e-05 4.45374
379 2.92072e-05 1.9053e-05 3.43938 2.77157e-05 1.81822e-05 4.42476
380 2.87221e-05 1.91774e-05 3.45481 2.78967e-05 1.83371e-05 4.47257
381 2.88862e-05 1.89844e-05 3.43708 2.77307e-05 1.82192e-05 4.43683
382 2.89172e-05 1.9098e-05 3.43945 2.7579e-05 1.81026e-05 4.40848
383 2.90463e-05 1.90079e-05 3.46639 2.77298e-05 1.80629e-05 4.41078
384 2.90303e-05 1.91221e-05 3.39278 2.76086e-05 1.83726e-05 4.46191
385 2.87735e-05 1.89404e-05 3.38874 2.7781e-05 1.81732e-05 4.42877
386 2.88412e-05 1.88828e-05 3.36986 2.77153e-05 1.8211e-05 4.44172
387 2.88688e-05 1.90679e-05 3.41581 2.77157e-05 1.82844e-05 4.45271
388 2.85786e-05 1.88077e-05 3.40829 2.78562e-05 1.81536e-05 4.43636
389 2.89128e-05 1.87654e-05 3.36805 2.7747e-05 1.82463e-05 4.44462
390 2.87682e-05 1.90793e-05 3.41003 2.78589e-05 1.82423e-05 4.45365
391 2.89645e-05 1.87273e-05 3.39584 2.77296e-05 1.82116e-05 4.43965
392 2.8722e-05 1.87337e-05 3.39463 2.79307e-05 1.81217e-05 4.43603
393 2.86776e-05 1.89875e-05 3.3609 2.77358e-05 1.82735e-05 4.45251
394 2.8575e-05 1.88136e-05 3.3615 2.77542e-05 1.81728e-05 4.43411
395 2.87092e-05 1.89836e-05 3.4004 2.7837e-05 1.8243e-05 4.45255
396 2.88982e-05 1.85253e-05 3.3391 2.76161e-05 1.81085e-05 4.41552
397 2.87844e-05 1.89286e-05 3.3757 2.76498e-05 1.83252e-05 4.45258
398 2.90029e-05 1.88063e-05 3.38274 2.76162e-05 1.81588e-05 4.42332
399 2.86937e-05 1.8682e-05 3.33082 2.77806e-05 1.82544e-05 4.45235
400 2.85874e-05 1.88578e-05 3.36135 2.78126e-05 1.82099e-05 4.44075
401 2.872e-05 1.92377e-05 3.40433 2.79138e-05 1.84105e-05 4.48333
402 2.87979e-05 1.86893e-05 3.31185 2.78097e-05 1.81431e-05 4.43014
403 2.87994e-05 1.85288e-05 3.31318 2.79434e-05 1.82282e-05 4.45354
404 2.86823e-05 1.84142e-05 3.28817 2.7775e-05 1.80926e-05 4.42359
405 2.85303e-05 1.87369e-05 3.33221 2.79396e-05 1.83526e-05 4.47642
406 2.8983e-05 1.89074e-05 3.36893 2.72829e-05 1.81696e-05 4.40372
407 2.88383e-05 1.873e-05 3.35723 2.75975e-05 1.82349e-05 4.43848
408 2.84732e-05 1.92652e-05 3.36643 2.7635e-05 1.83461e-05 4.45924
409 2.85007e-05 1.8826e-05 3.33531 2.7974e-05 1.83197e-05 4.47952
410 2.82544e-05 1.84214e-05 3.23967 2.78497e-05 1.82569e-05 4.46141
411 2.86488e-05 1.89328e-05 3.3479 2.78053e-05 1.84418e-05 4.48715
412 2.864e-05 1.87141e-05 3.36091 2.77631e-05 1.81478e-05 4.43076
413 2.86118e-05 1.87357e-05 3.35527 2.75499e-05 1.82072e-05 4.42896
414 2.86915e-05 1.87251e-05 3.29757 2.74757e-05 1.81271e-05 4.40998
415 2.84328e-05 1.87444e-05 3.29657 2.77982e-05 1.84015e-05 4.48017
416 2.8774e-05 1.86466e-05 3.3263 2.76348e-05 1.81232e-05 4.41863
417 2.86572e-05 1.86116e-05 3.31499 2.77088e-05 1.81664e-05 4.43487
418 2.85882e-05 1.87612e-05 3.32006 2.76635e-05 1.81019e-05 4.42017
419 2.83204e-05 1.87003e-05 3.30293 2.78773e-05 1.82478e-05 4.45634
420 2.86403e-05 1.87355e-05 3.32329 2.73769e-05 1.81821e-05 4.41729
421 2.87349e-05 1.86518e-05 3.31865 2.77458e-05 1.82809e-05 4.4585
422 2.86451e-05 1.85967e-05 3.29211 2.76172e-05 1.81443e-05 4.42414
423 2.82012e-05 1.8796e-05 3.3009 2.76431e-05 1.82639e-05 4.44975
424 2.83318e-05 1.82411e-05 3.24753 2.79432e-05 1.81616e-05 4.44796
425 2.8751e-05 1.8211e-05 3.23829 2.75948e-05 1.81773e-05 4.42768
426 2.85623e-05 1.83475e-05 3.25701 2.77235e-05 1.81938e-05 4.43861
427 2.83504e-05 1.85755e-05 3.28397 2.78074e-05 1.8271e-05 4.46214
428 2.85375e-05 1.85906e-05 3.28488 2.75414e-05 1.82082e-05 4.43196
429 2.85325e-05 1.88249e-05 3.28726 2.7607e-05 1.8275e-05 4.44897
430 2.81308e-05 1.86051e-05 3.26252 2.78037e-05 1.82069e-05 4.44871
431 2.85264e-05 1.83991e-05 3.23786 2.76e-05 1.82031e-05 4.43956
432 2.85865e-05 1.87598e-05 3.31174 2.77367e-05 1.8232e-05 4.45049
433 2.84915e-05 1.87714e-05 3.2784 2.73126e-05 1.81786e-05 4.41443
434 2.82414e-05 1.86739e-05 3.2733 2.77298e-05 1.82273e-05 4.44275
435 2.82055e-05 1.8508e-05 3.25953 2.78187e-05 1.82159e-05 4.44843
436 2.84977e-05 1.84351e-05 3.24157 2.74603e-05 1.81157e-05 4.40914
437 2.83265e-05 1.8496e-05 3.24238 2.75322e-05 1.81492e-05 4.427
438 2.82068e-05 1.86803e-05 3.27519 2.76136e-05 1.8215e-05 4.44021
439 2.84876e-05 1.84488e-05 3.25766 2.76401e-05 1.82334e-05 4.4402
440 2.85436e-05 1.86059e-05 3.27082 2.758e-05 1.81991e-05 4.43194
441 2.82385e-05 1.85306e-05 3.26849 2.7704e-05 1.82134e-05 4.44489
442 2.80707e-05 1.84882e-05 3.23198 2.7799e-05 1.84032e-05 4.48591
443 2.82401e-05 1.85439e-05 3.2354 2.77474e-05 1.84378e-05 4.48619
444 2.80884e-05 1.87008e-05 3.26212 2.78453e-05 1.8269e-05 4.46355
445 2.83493e-05 1.83129e-05 3.20132 2.76608e-05 1.82428e-05 4.44314
446 2.8579e-05 1.866e-05 3.27324 2.73839e-05 1.80938e-05 4.40547
447 2.8409e-05 1.81499e-05 3.21221 2.75046e-05 1.81322e-05 4.41827
448 2.84369e-05 1.82408e-05 3.21329 2.76066e-05 1.81996e-05 4.44079
449 2.85709e-05 1.86635e-05 3.32026 2.76476e-05 1.81884e-05 4.43595
450 2.86034e-05 1.82977e-05 3.26217 2.74123e-05 1.80344e-05 4.39852
451 2.8448e-05 1.83241e-05 3.23503 2.76723e-05 1.8155e-05 4.43451
452 2.82525e-05 1.83609e-05 3.20976 2.77763e-05 1.8262e-05 4.45666
453 2.83732e-05 1.85504e-05 3.23662 2.76496e-05 1.83798e-05 4.47455
454 2.84098e-05 1.83839e-05 3.22737 2.74717e-05 1.82155e-05 4.43507
455 2.80876e-05 1.85401e-05 3.21603 2.7545e-05 1.81834e-05 4.43229
456 2.78805e-05 1.83203e-05 3.21761 2.78973e-05 1.82832e-05 4.4708
457 2.80931e-05 1.83271e-05 3.19625 2.76818e-05 1.82855e-05 4.4561
458 2.79861e-05 1.85806e-05 3.24047 2.77562e-05 1.8282e-05 4.45997
459 2.8371e-05 1.80703e-05 3.18253 2.76875e-05 1.82133e-05 4.44564
460 2.79588e-05 1.84577e-05 3.22838 2.77295e-05 1.82586e-05 4.45551
461 2.82397e-05 1.83795e-05 3.20843 2.75271e-05 1.82223e-05 4.43681
462 2.84131e-05 1.80712e-05 3.13662 2.7489e-05 1.82239e-05 4.43583
463 2.79227e-05 1.83639e-05 3.19437 2.76843e-05 1.82306e-05 4.44672
464 2.79069e-05 1.82949e-05 3.17827 2.77235e-05 1.83069e-05 4.46845
465 2.85066e-05 1.79507e-05 3.16054 2.74342e-05 1.81211e-05 4.41531
466 2.80815e-05 1.81636e-05 3.1704 2.76748e-05 1.82592e-05 4.45567
467 2.8012e-05 1.81615e-05 3.17346 2.77781e-05 1.81884e-05 4.44227
468 2.81841e-05 1.82682e-05 3.18469 2.76419e-05 1.81888e-05 4.44069
469 2.81194e-05 1.81888e-05 3.17072 2.7882e-05 1.82311e-05 4.45954
470 2.80709e-05 1.79909e-05 3.14942 2.7651e-05 1.81294e-05 4.43112
471 2.80933e-05 1.84483e-05 3.21512 2.76218e-05 1.82346e-05 4.44652
472 2.798e-05 1.81547e-05 3.18084 2.76778e-05 1.82351e-05 4.45232
473 2.79861e-05 1.83565e-05 3.1589 2.7649e-05 1.83199e-05 4.46448
474 2.8279e-05 1.80732e-05 3.16326 2.75256e-05 1.82738e-05 4.44587
475 2.81315e-05 1.81326e-05 3.15314 2.75985e-05 1.82387e-05 4.4486
476 2.82393e-05 1.80336e-05 3.13469 2.74818e-05 1.81966e-05 4.42857
477 2.78742e-05 1.82335e-05 3.18893 2.7736e-05 1.81905e-05 4.45187
478 2.81445e-05 1.82354e-05 3.18219 2.75418e-05 1.82874e-05 4.4565
479 2.81058e-05 1.82533e-05 3.13385 2.76296e-05 1.84119e-05 4.47942
480 2.79071e-05 1.81635e-05 3.13856 2.77635e-05 1.83411e-05 4.47757
481 2.8068e-05 1.79677e-05 3.1431 2.76126e-05 1.82268e-05 4.4438
482 2.82596e-05 1.8059e-05 3.15093 2.74459e-05 1.81304e-05 4.41763
483 2.80609e-05 1.80928e-05 3.14275 2.74403e-05 1.82044e-05 4.43
484 2.81036e-05 1.80093e-05 3.10889 2.7447e-05 1.82179e-05 4.43573
485 2.80604e-05 1.80417e-05 3.12309 2.76401e-05 1.82546e-05 4.45331
486 2.80467e-05 1.82755e-05 3.15642 2.7564e-05 1.82001e-05 4.43953
487 2.80614e-05 1.77694e-05 3.09721 2.76457e-05 1.82177e-05 4.44737
488 2.79287e-05 1.79946e-05 3.12249 2.79086e-05 1.82605e-05 4.46847
489 2.76825e-05 1.82178e-05 3.15441 2.77472e-05 1.8264e-05 4.45637
490 2.80255e-05 1.80388e-05 3.10854 2.77992e-05 1.835e-05 4.48042
491 2.78865e-05 1.81038e-05 3.13937 2.76664e-05 1.82194e-05 4.44909
492 2.82227e-05 1.79756e-05 3.14611 2.75072e-05 1.823e-05 4.44223
493 2.80999e-05 1.81324e-05 3.10932 2.75423e-05 1.8244e-05 4.44415
494 2.79568e-05 1.76752e-05 3.05834 2.75225e-05 1.81297e-05 4.42789
495 2.80859e-05 1.81615e-05 3.16146 2.74621e-05 1.81222e-05 4.42043
496 2.78806e-05 1.79753e-05 3.08494 2.7562e-05 1.82619e-05 4.44843
497 2.82307e-05 1.8111e-05 3.13927 2.73052e-05 1.8133e-05 4.40923
498 2.7923e-05 1.80801e-05 3.10473 2.75408e-05 1.81738e-05 4.43221
499 2.7825e-05 1.81642e-05 3.11974 2.77275e-05 1.82235e-05 4.45436
500 2.80894e-05 1.81018e-05 3.11978 2.75834e-05 1.83186e-05 4.4603
501 2.77907e-05 1.80607e-05 3.09807 2.7691e-05 1.82728e-05 4.46186
502 2.79854e-05 1.7914e-05 3.08135 2.76935e-05 1.83643e-05 4.47428
503 2.81032e-05 1.78562e-05 3.09376 2.73867e-05 1.81119e-05 4.41255
504 2.79365e-05 1.79962e-05 3.07065 2.77577e-05 1.83315e-05 4.47436
505 2.77954e-05 1.76935e-05 3.05988 2.76977e-05 1.81726e-05 4.44072
506 2.78039e-05 1.77815e-05 3.09646 2.77005e-05 1.81129e-05 4.4318
507 2.78809e-05 1.80138e-05 3.0898 2.75024e-05 1.82767e-05 4.45
508 2.75459e-05 1.82382e-05 3.11601 2.76386e-05 1.8234e-05 4.45402
509 2.79826e-05 1.79849e-05 3.09761 2.74413e-05 1.81591e-05 4.42555
510 2.79333e-05 1.7762e-05 3.07142 2.75802e-05 1.81799e-05 4.43381
511 2.785e-05 1.79763e-05 3.08013 2.76166e-05 1.82748e-05 4.45521
512 2.77994e-05 1.80286e-05 3.08067 2.76462e-05 1.8323e-05 4.46837
513 2.78651e-05 1.78866e-05 3.06647 2.77895e-05 1.82928e-05 4.4693
514 2.78442e-05 1.78251e-05 3.04792 2.7482e-05 1.82468e-05 4.4415
515 2.77781e-05 1.81307e-05 3.10662 2.74365e-05 1.82844e-05 4.45186
516 2.78222e-05 1.78604e-05 3.06409 2.75088e-05 1.81669e-05 4.43153
517 2.77585e-05 1.77156e-05 3.0546 2.77563e-05 1.8197e-05 4.4567
518 2.77642e-05 1.78019e-05 3.02682 2.77769e-05 1.81979e-05 4.4533
519 2.79997e-05 1.76716e-05 3.04285 2.76006e-05 1.81769e-05 4.4426
520 2.78965e-05 1.80424e-05 3.04724 2.73041e-05 1.82238e-05 4.43141
521 2.77962e-05 1.72763e-05 2.95971 2.76427e-05 1.81787e-05 4.44095
522 2.78586e-05 1.78601e-05 3.05318 2.7365e-05 1.81864e-05 4.42815
523 2.76675e-05 1.81814e-05 3.09066 2.74749e-05 1.8225e-05 4.44146
524 2.79335e-05 1.77892e-05 3.03079 2.76432e-05 1.83202e-05 4.46583
525 2.74957e-05 1.79049e-05 3.03498 2.78476e-05 1.83192e-05 4.47929
526 2.80477e-05 1.77467e-05 3.02506 2.75079e-05 1.8243e-05 4.44505
527 2.75797e-05 1.77057e-05 3.00027 2.76399e-05 1.81296e-05 4.43395
528 2.74136e-05 1.75831e-05 2.99942 2.77539e-05 1.80479e-05 4.4283
529 2.75956e-05 1.81033e-05 3.07093 2.77886e-05 1.83585e-05 4.48362
530 2.7651e-05 1.75866e-05 3.02982 2.7544e-05 1.807e-05 4.4204
531 2.7925e-05 1.75027e-05 3.01424 2.73701e-05 1.82016e-05 4.43067
532 2.7596e-05 1.77902e-05 3.01752 2.78996e-05 1.83218e-05 4.48292
533 2.76849e-05 1.79196e-05 3.06079 2.76645e-05 1.82868e-05 4.46291
534 2.77314e-05 1.80036e-05 3.03618 2.74568e-05 1.8257e-05 4.44657
535 2.77517e-05 1.75846e-05 2.99321 2.76084e-05 1.81814e-05 4.44124
536 2.78628e-05 1.77399e-05 3.02815 2.74906e-05 1.81554e-05 4.43059
537 2.77896e-05 1.75962e-05 2.9737 2.75412e-05 1.82575e-05 4.45273
538 2.77979e-05 1.78745e-05 3.02658 2.73548e-05 1.82958e-05 4.44657
539 2.77386e-05 1.75155e-05 3.00459 2.75163e-05 1.80917e-05 4.42295
540 2.75921e-05 1.73471e-05 2.96684 2.78645e-05 1.81882e-05 4.45696
541 2.74007e-05 1.82092e-05 3.07052 2.76261e-05 1.82631e-05 4.46235
542 2.78946e-05 1.80502e-05 3.03173 2.75099e-05 1.82947e-05 4.45636
543 2.78439e-05 1.78315e-05 3.05948 2.74798e-05 1.82223e-05 4.43939
544 2.78252e-05 1.75476e-05 2.98487 2.75952e-05 1.82593e-05 4.4561
545 2.77958e-05 1.78239e-05 3.02387 2.75103e-05 1.81637e-05 4.43555
546 2.76999e-05 1.76534e-05 3.00149 2.74533e-05 1.81759e-05 4.43226
547 2.76612e-05 1.74752e-05 2.96714 2.74823e-05 1.8184e-05 4.43498
548 2.77539e-05 1.75764e-05 2.96608 2.74326e-05 1.82067e-05 4.4366
549 2.75849e-05 1.76699e-05 2.97281 2.76157e-05 1.82362e-05 4.45129
550 2.73755e-05 1.77686e-05 2.98136 2.7899e-05 1.83298e-05 4.48858
551 2.77345e-05 1.78369e-05 3.00368 2.74095e-05 1.82022e-05 4.43704
552 2.75267e-05 1.77228e-05 3.02154 2.76415e-05 1.81928e-05 4.44671
553 2.74806e-05 1.78413e-05 3.02714 2.77171e-05 1.83697e-05 4.48677
554 2.73351e-05 1.77467e-05 3.0048 2.77383e-05 1.82077e-05 4.45456
555 2.77152e-05 1.74787e-05 2.94874 2.74921e-05 1.82842e-05 4.45583
556 2.75046e-05 1.76512e-05 2.98344 2.7891e-05 1.82128e-05 4.46513
557 2.75745e-05 1.75218e-05 2.96459 2.76193e-05 1.81419e-05 4.43511
558 2.76138e-05 1.78167e-05 3.00334 2.72992e-05 1.82203e-05 4.43554
559 2.73485e-05 1.76934e-05 2.99896 2.78645e-05 1.82734e-05 4.47419
560 2.75073e-05 1.76006e-05 2.99201 2.7742e-05 1.82681e-05 4.46568
561 2.76088e-05 1.77482e-05 2.96378 2.76031e-05 1.83171e-05 4.46422
562 2.76167e-05 1.7698e-05 2.971 2.75323e-05 1.82191e-05 4.44326
563 2.75433e-05 1.75814e-05 2.9799 2.75308e-05 1.81745e-05 4.43986
564 2.74129e-05 1.79372e-05 3.01815 2.7649e-05 1.83262e-05 4.47381
565 2.73539e-05 1.77568e-05 3.00563 2.76701e-05 1.83082e-05 4.46772
566 2.74619e-05 1.77682e-05 2.96178 2.7549e-05 1.82721e-05 4.45604
567 2.74773e-05 1.7492e-05 2.94047 2.77557e-05 1.83277e-05 4.47772
568 2.77456e-05 1.76904e-05 2.98738 2.7602e-05 1.83255e-05 4.46829
569 2.75429e-05 1.77414e-05 2.94952 2.75716e-05 1.83232e-05 4.46809
570 2.75813e-05 1.76134e-05 2.95761 2.74219e-05 1.81436e-05 4.43013
571 2.75906e-05 1.77523e-05 2.99964 2.74018e-05 1.81838e-05 4.43374
572 2.71898e-05 1.77377e-05 2.98264 2.7717e-05 1.83544e-05 4.47843
573 2.7621e-05 1.74138e-05 2.93991 2.74777e-05 1.81372e-05 4.42732
574 2.74053e-05 1.7374e-05 2.92493 2.76757e-05 1.82639e-05 4.46381
575 2.75944e-05 1.75915e-05 2.94834 2.75787e-05 1.81915e-05 4.4447
576 2.75068e-05 1.73553e-05 2.92769 2.73922e-05 1.81515e-05 4.42552
577 2.73071e-05 1.77721e-05 2.93338 2.78294e-05 1.84836e-05 4.51027
578 2.74731e-05 1.76649e-05 2.96043 2.76268e-05 1.83752e-05 4.48121
579 2.74014e-05 1.75366e-05 2.94506 2.77593e-05 1.82389e-05 4.46274
580 2.76591e-05 1.74338e-05 2.90239 2.75184e-05 1.8282e-05 4.45684
581 2.75356e-05 1.77589e-05 2.9742 2.75677e-05 1.82763e-05 4.45725
582 2.74174e-05 1.76241e-05 2.94768 2.76339e-05 1.83026e-05 4.46586
583 2.7588e-05 1.7271e-05 2.89638 2.73917e-05 1.82394e-05 4.44356
584 2.73601e-05 1.77471e-05 2.97994 2.77712e-05 1.83922e-05 4.49392
585 2.7298e-05 1.7554e-05 2.95819 2.77784e-05 1.82766e-05 4.47065
586 2.74239e-05 1.77049e-05 2.97478 2.76508e-05 1.82413e-05 4.45633
587 2.74324e-05 1.74397e-05 2.92698 2.76007e-05 1.82178e-05 4.44951
588 2.72962e-05 1.80842e-05 3.03638 2.75602e-05 1.83915e-05 4.47775
589 2.72926e-05 1.74892e-05 2.91271 2.7848e-05 1.82839e-05 4.47528
590 2.74213e-05 1.75159e-05 2.92118 2.77429e-05 1.8323e-05 4.47167
591 2.71852e-05 1.74629e-05 2.88652 2.77081e-05 1.83622e-05 4.48061
592 2.76052e-05 1.76272e-05 2.93217 2.74891e-05 1.82731e-05 4.45399
593 2.76319e-05 1.76182e-05 2.93798 2.7466e-05 1.82641e-05 4.45074
594 2.74777e-05 1.74083e-05 2.91908 2.75967e-05 1.8245e-05 4.45656
595 2.72976e-05 1.74848e-05 2.92549 2.76049e-05 1.82112e-05 4.44963
596 2.7572e-05 1.75091e-05 2.90623 2.75218e-05 1.82851e-05 4.45783
597 2.73647e-05 1.73409e-05 2.9024 2.76054e-05 1.82448e-05 4.45877
598 2.69635e-05 1.73694e-05 2.90821 2.79902e-05 1.82539e-05 4.47997
599 2.75093e-05 1.78402e-05 2.94714 2.73167e-05 1.82398e-05 4.43779
600 2.73222e-05 1.73707e-05 2.86406 2.76951e-05 1.83131e-05 4.471
601 2.72272e-05 1.78481e-05 2.96185 2.76795e-05 1.82614e-05 4.4591
602 2.74063e-05 1.70733e-05 2.86242 2.77828e-05 1.8265e-05 4.46855
603 2.71925e-05 1.7466e-05 2.90471 2.76905e-05 1.82826e-05 4.4688
604 2.72791e-05 1.75772e-05 2.89764 2.76619e-05 1.83479e-05 4.47518
605 2.74124e-05 1.72683e-05 2.87574 2.76891e-05 1.82829e-05 4.46672
606 2.72992e-05 1.7541e-05 2.91191 2.75524e-05 1.82893e-05 4.46018
607 2.74462e-05 1.72421e-05 2.86022 2.74787e-05 1.81996e-05 4.43951
608 2.73922e-05 1.74558e-05 2.87686 2.75424e-05 1.83479e-05 4.46777
609 2.75091e-05 1.7073e-05 2.85427 2.74465e-05 1.81908e-05 4.43877
610 2.7173e-05 1.74087e-05 2.87873 2.77415e-05 1.83595e-05 4.48663
611 2.73105e-05 1.73141e-05 2.90218 2.76555e-05 1.82474e-05 4.45868
612 2.73743e-05 1.75483e-05 2.87992 2.73742e-05 1.82363e-05 4.44323
613 2.75006e-05 1.73254e-05 2.87207 2.7474e-05 1.82327e-05 4.44581
614 2.73816e-05 1.75601e-05 2.89186 2.7578e-05 1.82903e-05 4.46027
615 2.73366e-05 1.74292e-05 2.90214 2.76137e-05 1.82128e-05 4.44909
616 2.7334e-05 1.75427e-05 2.87413 2.76107e-05 1.82696e-05 4.45705
617 2.71091e-05 1.75447e-05 2.90294 2.77748e-05 1.83158e-05 4.47523
618 2.70812e-05 1.75025e-05 2.90416 2.78189e-05 1.83057e-05 4.4755
619 2.75444e-05 1.73133e-05 2.87512 2.75607e-05 1.8298e-05 4.46407
620 2.73124e-05 1.73524e-05 2.87156 2.75465e-05 1.82591e-05 4.45433
621 2.75078e-05 1.74147e-05 2.90131 2.74988e-05 1.82471e-05 4.45323
622 2.75368e-05 1.75885e-05 2.92642 2.74604e-05 1.82024e-05 4.44042
623 2.72428e-05 1.7379e-05 2.85589 2.74353e-05 1.82918e-05 4.45106
624 2.72424e-05 1.7192e-05 2.87512 2.7704e-05 1.82127e-05 4.45745
625 2.73426e-05 1.7203e-05 2.85899 2.7517e-05 1.82051e-05 4.44342
626 2.74165e-05 1.69796e-05 2.82206 2.74696e-05 1.81487e-05 4.43358
627 2.75576e-05 1.72986e-05 2.8876 2.74348e-05 1.80829e-05 4.41943
628 2.75528e-05 1.71642e-05 2.84562 2.733e-05 1.81016e-05 4.41787
629 2.72999e-05 1.70948e-05 2.84184 2.76163e-05 1.81933e-05 4.44945
630 2.72447e-05 1.71436e-05 2.83482 2.76828e-05 1.83048e-05 4.47134
631 2.7342e-05 1.71054e-05 2.79167 2.75128e-05 1.83092e-05 4.46143
632 2.72778e-05 1.70755e-05 2.81559 2.7568e-05 1.83201e-05 4.47003
633 2.69774e-05 1.75436e-05 2.86366 2.7842e-05 1.84405e-05 4.50289
634 2.73094e-05 1.73069e-05 2.85986 2.74533e-05 1.81294e-05 4.42663
635 2.74298e-05 1.73313e-05 2.84164 2.73365e-05 1.81567e-05 4.42564
636 2.72265e-05 1.72261e-05 2.84691 2.77138e-05 1.83081e-05 4.47706
637 2.71296e-05 1.73722e-05 2.82642 2.74713e-05 1.82354e-05 4.4489
638 2.71379e-05 1.72401e-05 2.8512 2.7741e-05 1.82454e-05 4.46711
639 2.7238e-05 1.72844e-05 2.82089 2.75232e-05 1.83167e-05 4.46527
640 2.70181e-05 1.74116e-05 2.85144 2.76652e-05 1.83256e-05 4.47639
641 2.72039e-05 1.7336e-05 2.83907 2.75569e-05 1.83521e-05 4.47476
642 2.71066e-05 1.71423e-05 2.80298 2.76894e-05 1.82477e-05 4.46223
643 2.74125e-05 1.74219e-05 2.83608 2.74252e-05 1.8258e-05 4.44887
644 2.72089e-05 1.7038e-05 2.79126 2.75359e-05 1.83003e-05 4.46313
645 2.75245e-05 1.7224e-05 2.85254 2.73733e-05 1.81455e-05 4.42674
646 2.72631e-05 1.69933e-05 2.82061 2.75706e-05 1.81472e-05 4.4398
647 2.72328e-05 1.7255e-05 2.83418 2.76574e-05 1.83593e-05 4.48116
648 2.67585e-05 1.74456e-05 2.84115 2.79449e-05 1.83035e-05 4.48757
649 2.67703e-05 1.71774e-05 2.77501 2.7768e-05 1.83512e-05 4.48921
650 2.71062e-05 1.72421e-05 2.84983 2.76658e-05 1.82874e-05 4.46802
651 2.71281e-05 1.71413e-05 2.76132 2.7777e-05 1.84041e-05 4.49346
652 2.70075e-05 1.72194e-05 2.81439 2.77604e-05 1.83987e-05 4.49517
653 2.72003e-05 1.74938e-05 2.8669 2.7454e-05 1.83276e-05 4.46336
654 2.71467e-05 1.70194e-05 2.77694 2.77495e-05 1.83247e-05 4.48028
655 2.70411e-05 1.71249e-05 2.81609 2.7779e-05 1.82928e-05 4.47876
656 2.71603e-05 1.72343e-05 2.81862 2.76303e-05 1.83165e-05 4.47291
657 2.71506e-05 1.73218e-05 2.81235 2.75925e-05 1.83135e-05 4.46859
658 2.73238e-05 1.71329e-05 2.81608 2.75857e-05 1.83102e-05 4.46708
659 2.69844e-05 1.70455e-05 2.7844 2.77517e-05 1.83335e-05 4.48214
660 2.71082e-05 1.73295e-05 2.82407 2.76909e-05 1.84267e-05 4.49374
661 2.72493e-05 1.68949e-05 2.77211 2.74828e-05 1.82088e-05 4.44752
662 2.69966e-05 1.72054e-05 2.79706 2.77894e-05 1.84272e-05 4.50119
663 2.72962e-05 1.72121e-05 2.79685 2.74999e-05 1.82391e-05 4.44885
664 2.72455e-05 1.71533e-05 2.7707 2.75977e-05 1.83357e-05 4.47401
665 2.73664e-05 1.72298e-05 2.83121 2.74632e-05 1.82202e-05 4.44323
666 2.69985e-05 1.73185e-05 2.82076 2.76579e-05 1.82784e-05 4.47007
667 2.72426e-05 1.71476e-05 2.77062 2.74728e-05 1.82181e-05 4.44896
668 2.70625e-05 1.76555e-05 2.83456 2.76384e-05 1.83773e-05 4.48401
669 2.71073e-05 1.73322e-05 2.81013 2.75641e-05 1.8271e-05 4.45992
670 2.70086e-05 1.71723e-05 2.8079 2.7763e-05 1.83241e-05 4.48459
671 2.72822e-05 1.72037e-05 2.79622 2.76656e-05 1.83385e-05 4.47613
672 2.71365e-05 1.72317e-05 2.79128 2.74171e-05 1.82495e-05 4.45003
673 2.71166e-05 1.69812e-05 2.77035 2.75633e-05 1.8187e-05 4.44429
674 2.69555e-05 1.69854e-05 2.7519 2.77375e-05 1.83031e-05 4.47334
675 2.70791e-05 1.71587e-05 2.77864 2.76607e-05 1.83216e-05 4.47552
676 2.71512e-05 1.70493e-05 2.76908 2.76715e-05 1.83156e-05 4.47502
677 2.71115e-05 1.70545e-05 2.77506 2.75831e-05 1.8291e-05 4.46509
678 2.71904e-05 1.7052e-05 2.79791 2.75734e-05 1.81684e-05 4.44236
679 2.71482e-05 1.69397e-05 2.74706 2.74518e-05 1.81738e-05 4.43668
680 2.72031e-05 1.71221e-05 2.74917 2.73704e-05 1.82809e-05 4.4532
681 2.70473e-05 1.6976e-05 2.75782 2.76847e-05 1.82921e-05 4.47218
682 2.71515e-05 1.70178e-05 2.76939 2.74473e-05 1.81493e-05 4.43291
683 2.73567e-05 1.70777e-05 2.76514 2.74069e-05 1.82091e-05 4.4396
684 2.71976e-05 1.70561e-05 2.77137 2.73604e-05 1.82125e-05 4.43769
685 2.68393e-05 1.7139e-05 2.77154 2.77195e-05 1.83812e-05 4.49205
686 2.69294e-05 1.70043e-05 2.73143 2.7609e-05 1.8222e-05 4.45476
687 2.68775e-05 1.72574e-05 2.77739 2.77043e-05 1.82796e-05 4.47204
688 2.71469e-05 1.73095e-05 2.81397 2.76517e-05 1.83775e-05 4.48073
689 2.70096e-05 1.69583e-05 2.75593 2.77282e-05 1.8287e-05 4.47434
690 2.69319e-05 1.71663e-05 2.78517 2.76781e-05 1.82799e-05 4.47303
691 2.70268e-05 1.70385e-05 2.78064 2.77991e-05 1.82523e-05 4.47342
692 2.702e-05 1.69453e-05 2.73618 2.77196e-05 1.83454e-05 4.48329
693 2.68771e-05 1.71842e-05 2.77668 2.76978e-05 1.83417e-05 4.48015
694 2.70282e-05 1.69963e-05 2.74292 2.75483e-05 1.83032e-05 4.46606
695 2.70562e-05 1.73187e-05 2.80374 2.75768e-05 1.83348e-05 4.4735
696 2.71407e-05 1.71106e-05 2.75048 2.75223e-05 1.83493e-05 4.47194
697 2.69537e-05 1.71031e-05 2.71916 2.76686e-05 1.83021e-05 4.47172
698 2.69759e-05 1.69827e-05 2.74485 2.77725e-05 1.83118e-05 4.47851
699 2.70816e-05 1.68824e-05 2.71909 2.75783e-05 1.82753e-05 4.46547
700 2.72055e-05 1.69166e-05 2.76761 2.74992e-05 1.8241e-05 4.45238
701 2.68154e-05 1.73364e-05 2.77123 2.75926e-05 1.83674e-05 4.48031
702 2.72465e-05 1.68067e-05 2.72164 2.75084e-05 1.81901e-05 4.44559
703 2.68897e-05 1.7129e-05 2.77716 2.77373e-05 1.8296e-05 4.47555
704 2.69815e-05 1.6782e-05 2.72717 2.74488e-05 1.81977e-05 4.44042
705 2.69454e-05 1.6893e-05 2.75066 2.77091e-05 1.82637e-05 4.46875
706 2.71046e-05 1.68497e-05 2.71884 2.73951e-05 1.82175e-05 4.44242
707 2.69206e-05 1.70013e-05 2.74116 2.76373e-05 1.82231e-05 4.4568
708 2.6852e-05 1.72819e-05 2.77169 2.76366e-05 1.83964e-05 4.48506
709 2.69963e-05 1.69605e-05 2.6971 2.75629e-05 1.83987e-05 4.48187
710 2.72022e-05 1.69803e-05 2.73376 2.75714e-05 1.83226e-05 4.46838
711 2.69836e-05 1.71137e-05 2.73903 2.75024e-05 1.82016e-05 4.44429
712 2.69513e-05 1.7172e-05 2.7734 2.75235e-05 1.81778e-05 4.44314
713 2.69179e-05 1.71669e-05 2.71427 2.75421e-05 1.83445e-05 4.47349
714 2.70097e-05 1.68403e-05 2.70532 2.75969e-05 1.83118e-05 4.47205
715 2.67927e-05 1.71459e-05 2.74003 2.77897e-05 1.8374e-05 4.49346
716 2.69085e-05 1.70464e-05 2.6839 2.75479e-05 1.82976e-05 4.46504
717 2.66879e-05 1.71473e-05 2.7366 2.79413e-05 1.8414e-05 4.51126
718 2.69612e-05 1.70526e-05 2.72748 2.76131e-05 1.82941e-05 4.46679
719 2.6625e-05 1.69537e-05 2.70458 2.77574e-05 1.83514e-05 4.48888
720 2.68626e-05 1.71395e-05 2.75043 2.75178e-05 1.82641e-05 4.45892
721 2.73472e-05 1.67764e-05 2.70179 2.74699e-05 1.82625e-05 4.4545
722 2.68561e-05 1.72496e-05 2.73452 2.76914e-05 1.84316e-05 4.4972
723 2.67684e-05 1.69554e-05 2.67947 2.75923e-05 1.82939e-05 4.46554
724 2.68084e-05 1.70355e-05 2.72307 2.77161e-05 1.83184e-05 4.47799
725 2.73904e-05 1.70237e-05 2.75083 2.72551e-05 1.8158e-05 4.42154
726 2.70624e-05 1.68107e-05 2.71723 2.76367e-05 1.83105e-05 4.47364
727 2.70297e-05 1.68364e-05 2.67996 2.75323e-05 1.82562e-05 4.45857
728 2.66729e-05 1.70071e-05 2.6736 2.77318e-05 1.84163e-05 4.49777
729 2.72582e-05 1.68082e-05 2.70674 2.73884e-05 1.81645e-05 4.43308
730 2.6847e-05 1.65593e-05 2.66907 2.77868e-05 1.81855e-05 4.45903
731 2.68509e-05 1.68995e-05 2.69305 2.7717e-05 1.83566e-05 4.48292
732 2.66102e-05 1.71797e-05 2.71122 2.76942e-05 1.82986e-05 4.47539
733 2.70395e-05 1.67905e-05 2.69338 2.75047e-05 1.82753e-05 4.45954
734 2.70633e-05 1.67794e-05 2.67192 2.74464e-05 1.82514e-05 4.45166
735 2.66355e-05 1.7095e-05 2.72655 2.79268e-05 1.83831e-05 4.50203
736 2.68759e-05 1.70832e-05 2.74276 2.75341e-05 1.82567e-05 4.45713
737 2.68672e-05 1.67807e-05 2.66729 2.77107e-05 1.83366e-05 4.48295
738 2.70998e-05 1.66774e-05 2.67112 2.74705e-05 1.81951e-05 4.44243
739 2.69751e-05 1.67754e-05 2.68401 2.76789e-05 1.83393e-05 4.47785
740 2.72423e-05 1.67519e-05 2.69355 2.74429e-05 1.82556e-05 4.4503
741 2.68561e-05 1.70655e-05 2.72551 2.77351e-05 1.83064e-05 4.48054
742 2.67482e-05 1.66339e-05 2.6398 2.77029e-05 1.83068e-05 4.47365
743 2.69634e-05 1.70798e-05 2.72157 2.74728e-05 1.82932e-05 4.45778
744 2.68553e-05 1.68243e-05 2.69865 2.76628e-05 1.83039e-05 4.47426
745 2.70602e-05 1.68125e-05 2.70053 2.74548e-05 1.82763e-05 4.45609
746 2.68718e-05 1.69934e-05 2.68881 2.76525e-05 1.83361e-05 4.47791
747 2.69961e-05 1.67859e-05 2.67438 2.7519e-05 1.82404e-05 4.45486
748 2.69467e-05 1.67626e-05 2.68435 2.76841e-05 1.82728e-05 4.47129
749 2.67994e-05 1.68541e-05 2.68168 2.75887e-05 1.8279e-05 4.46513
750 2.69988e-05 1.67721e-05 2.66076 2.73506e-05 1.82305e-05 4.44495
751 2.69559e-05 1.67279e-05 2.66994 2.75227e-05 1.82541e-05 4.45752
752 2.68005e-05 1.69017e-05 2.70767 2.7606e-05 1.82447e-05 4.46136
753 2.70685e-05 1.69287e-05 2.68095 2.7512e-05 1.83503e-05 4.47267
754 2.68566e-05 1.69502e-05 2.68936 2.76099e-05 1.82805e-05 4.46911
755 2.6882e-05 1.69844e-05 2.66536 2.76996e-05 1.83709e-05 4.4868
756 2.68411e-05 1.6644e-05 2.63709 2.76475e-05 1.82782e-05 4.4689
757 2.71503e-05 1.69822e-05 2.70822 2.73805e-05 1.83211e-05 4.46107
758 2.68327e-05 1.69567e-05 2.69916 2.76514e-05 1.82867e-05 4.46983
759 2.69032e-05 1.68006e-05 2.68998 2.75679e-05 1.82489e-05 4.45902
760 2.68936e-05 1.68718e-05 2.6663 2.75641e-05 1.82925e-05 4.46479
761 2.67793e-05 1.67968e-05 2.66581 2.77266e-05 1.82996e-05 4.47759
762 2.69612e-05 1.68547e-05 2.66439 2.76118e-05 1.83959e-05 4.48586
763 2.68567e-05 1.69761e-05 2.68568 2.75656e-05 1.833e-05 4.47308
764 2.68274e-05 1.66835e-05 2.64771 2.7655e-05 1.822e-05 4.45625
765 2.68395e-05 1.66611e-05 2.63623 2.76113e-05 1.81758e-05 4.44775
766 2.69376e-05 1.66311e-05 2.64107 2.74573e-05 1.81379e-05 4.43265
767 2.6775e-05 1.67449e-05 2.64356 2.76017e-05 1.8216e-05 4.45329
768 2.68766e-05 1.69556e-05 2.69729 2.75073e-05 1.81983e-05 4.44613
769 2.66734e-05 1.67441e-05 2.64377 2.76297e-05 1.82854e-05 4.46766
770 2.68712e-05 1.67356e-05 2.63292 2.76568e-05 1.83089e-05 4.47508
771 2.66351e-05 1.66158e-05 2.65011 2.77734e-05 1.82718e-05 4.47409
772 2.68852e-05 1.68605e-05 2.66985 2.74789e-05 1.82504e-05 4.45184
773 2.66232e-05 1.68955e-05 2.65999 2.76702e-05 1.82967e-05 4.47211
774 2.68394e-05 1.65812e-05 2.61409 2.76366e-05 1.82513e-05 4.46351
775 2.68574e-05 1.68748e-05 2.65103 2.76332e-05 1.8426e-05 4.49208
776 2.66987e-05 1.68487e-05 2.64347 2.76475e-05 1.83129e-05 4.47695
777 2.69325e-05 1.6862e-05 2.65282 2.75291e-05 1.83547e-05 4.4735
778 2.67826e-05 1.6638e-05 2.62239 2.76071e-05 1.82435e-05 4.45956
779 2.692e-05 1.64032e-05 2.60046 2.75194e-05 1.83052e-05 4.46438
780 2.64904e-05 1.67996e-05 2.64915 2.78342e-05 1.83499e-05 4.49636
781 2.66586e-05 1.66221e-05 2.62084 2.76916e-05 1.82615e-05 4.46666
782 2.67962e-05 1.66522e-05 2.66543 2.76904e-05 1.82495e-05 4.46493
783 2.66645e-05 1.68945e-05 2.65875 2.77887e-05 1.83147e-05 4.48221
784 2.68282e-05 1.6806e-05 2.66459 2.76264e-05 1.82925e-05 4.46964
785 2.66295e-05 1.67911e-05 2.63527 2.76351e-05 1.83248e-05 4.47732
786 2.6909e-05 1.66403e-05 2.63503 2.74683e-05 1.8199e-05 4.44622
787 2.67825e-05 1.67342e-05 2.61412 2.75882e-05 1.83334e-05 4.47515
788 2.68244e-05 1.68353e-05 2.65968 2.75339e-05 1.82468e-05 4.45969
789 2.68195e-05 1.67361e-05 2.63833 2.76172e-05 1.8296e-05 4.47073
790 2.66468e-05 1.65878e-05 2.5993 2.76901e-05 1.82246e-05 4.46165
791 2.67776e-05 1.67592e-05 2.61341 2.75687e-05 1.83369e-05 4.47338
792 2.67816e-05 1.70619e-05 2.64273 2.76224e-05 1.83697e-05 4.48168
793 2.67955e-05 1.69423e-05 2.63839 2.75212e-05 1.82786e-05 4.46003
794 2.67946e-05 1.66831e-05 2.62311 2.7817e-05 1.83548e-05 4.49158
795 2.66627e-05 1.67893e-05 2.59955 2.77236e-05 1.8343e-05 4.48184
796 2.69116e-05 1.66999e-05 2.62416 2.74375e-05 1.83061e-05 4.46402
797 2.68095e-05 1.64227e-05 2.58681 2.75209e-05 1.81978e-05 4.44896
798 2.69387e-05 1.65534e-05 2.58401 2.73815e-05 1.82036e-05 4.44012
799 2.67957e-05 1.68159e-05 2.64176 2.74724e-05 1.82504e-05 4.45262
800 2.66009e-05 1.68524e-05 2.63801 2.78208e-05 1.83529e-05 4.49218
801 2.66733e-05 1.6616e-05 2.60458 2.76274e-05 1.83276e-05 4.47516
802 2.64905e-05 1.68382e-05 2.60244 2.77977e-05 1.84231e-05 4.50343
803 2.65197e-05 1.67695e-05 2.60484 2.76872e-05 1.82798e-05 4.47198
804 2.66796e-05 1.67498e-05 2.64038 2.77236e-05 1.83383e-05 4.48661
805 2.68623e-05 1.64807e-05 2.59246 2.74762e-05 1.82037e-05 4.44413
806 2.66379e-05 1.67064e-05 2.61354 2.77929e-05 1.83013e-05 4.47817
807 2.67689e-05 1.64854e-05 2.57092 2.75659e-05 1.82141e-05 4.4528
808 2.68409e-05 1.68359e-05 2.61982 2.74892e-05 1.83203e-05 4.46783
809 2.66122e-05 1.65636e-05 2.5586 2.77184e-05 1.82895e-05 4.47328
810 2.67816e-05 1.674e-05 2.59919 2.75988e-05 1.83343e-05 4.47633
811 2.66998e-05 1.66559e-05 2.61903 2.77313e-05 1.82794e-05 4.47281
812 2.64792e-05 1.67756e-05 2.61271 2.78161e-05 1.83975e-05 4.49884
813 2.67083e-05 1.66566e-05 2.60781 2.75978e-05 1.83099e-05 4.4705
814 2.67837e-05 1.6729e-05 2.58925 2.76571e-05 1.84016e-05 4.4893
815 2.64367e-05 1.68909e-05 2.59472 2.77511e-05 1.84273e-05 4.50067
816 2.65978e-05 1.67715e-05 2.60672 2.75195e-05 1.82826e-05 4.46389
817 2.6628e-05 1.69311e-05 2.63534 2.76207e-05 1.83087e-05 4.47241
818 2.67123e-05 1.66834e-05 2.59092 2.77402e-05 1.83459e-05 4.48559
819 2.65889e-05 1.6878e-05 2.63249 2.76181e-05 1.82997e-05 4.47315
820 2.66194e-05 1.69296e-05 2.63645 2.76305e-05 1.83709e-05 4.48263
821 2.66501e-05 1.66718e-05 2.58252 2.77236e-05 1.82707e-05 4.47065
822 2.67504e-05 1.67306e-05 2.57415 2.76646e-05 1.83946e-05 4.49187
823 2.67294e-05 1.69012e-05 2.63283 2.74185e-05 1.82505e-05 4.45202
824 2.6651e-05 1.66633e-05 2.57847 2.763e-05 1.82717e-05 4.4663
825 2.67359e-05 1.65723e-05 2.5517 2.76391e-05 1.83237e-05 4.47385
826 2.67797e-05 1.65618e-05 2.5873 2.75562e-05 1.83086e-05 4.47061
827 2.68523e-05 1.64213e-05 2.55472 2.74931e-05 1.82779e-05 4.45696
828 2.6755e-05 1.66632e-05 2.6058 2.77276e-05 1.82791e-05 4.47477
829 2.66741e-05 1.6487e-05 2.56402 2.76902e-05 1.8321e-05 4.48048
830 2.66677e-05 1.66159e-05 2.58359 2.76178e-05 1.82689e-05 4.46362
831 2.66209e-05 1.66109e-05 2.57282 2.77748e-05 1.83117e-05 4.48337
832 2.66882e-05 1.65625e-05 2.56394 2.77366e-05 1.83408e-05 4.48492
833 2.65295e-05 1.67941e-05 2.57654 2.77193e-05 1.83992e-05 4.49591
834 2.68309e-05 1.63945e-05 2.53911 2.75161e-05 1.82532e-05 4.45739
835 2.66029e-05 1.6711e-05 2.59737 2.76088e-05 1.82918e-05 4.46938
836 2.67768e-05 1.6337e-05 2.55103 2.76862e-05 1.82366e-05 4.46516
837 2.64614e-05 1.65646e-05 2.58467 2.77771e-05 1.83023e-05 4.47827
838 2.66092e-05 1.65545e-05 2.54799 2.764e-05 1.83563e-05 4.48156
839 2.65975e-05 1.62946e-05 2.51727 2.75991e-05 1.81839e-05 4.44878
840 2.65462e-05 1.64885e-05 2.56678 2.77531e-05 1.83247e-05 4.48363
841 2.65449e-05 1.65737e-05 2.57283 2.76346e-05 1.82944e-05 4.47014
842 2.65892e-05 1.67379e-05 2.56591 2.76476e-05 1.82659e-05 4.46593
843 2.67114e-05 1.6527e-05 2.5515 2.76123e-05 1.82718e-05 4.46354
844 2.67118e-05 1.65994e-05 2.5462 2.75181e-05 1.8328e-05 4.47054
845 2.67099e-05 1.65202e-05 2.55321 2.77927e-05 1.83746e-05 4.49363
846 2.66092e-05 1.65284e-05 2.57089 2.76306e-05 1.82424e-05 4.46125
847 2.66571e-05 1.67406e-05 2.56608 2.77428e-05 1.84003e-05 4.49476
848 2.66229e-05 1.6487e-05 2.55802 2.78559e-05 1.83116e-05 4.48648
849 2.68063e-05 1.61778e-05 2.50853 2.74536e-05 1.82268e-05 4.44993
850 2.67357e-05 1.67675e-05 2.59477 2.76786e-05 1.83788e-05 4.48829
851 2.67396e-05 1.63293e-05 2.56202 2.77205e-05 1.81999e-05 4.45851
852 2.64335e-05 1.66526e-05 2.55116 2.7686e-05 1.82628e-05 4.46889
853 2.63248e-05 1.65099e-05 2.53322 2.78777e-05 1.837e-05 4.49767
854 2.6514e-05 1.65652e-05 2.53691 2.76966e-05 1.8311e-05 4.47792
855 2.6653e-05 1.64257e-05 2.52326 2.75315e-05 1.82093e-05 4.45213
856 2.67343e-05 1.6594e-05 2.55745 2.75214e-05 1.83651e-05 4.47762
857 2.64869e-05 1.6457e-05 2.55136 2.77426e-05 1.83165e-05 4.48026
858 2.63763e-05 1.66735e-05 2.54318 2.77317e-05 1.8373e-05 4.4901
859 2.63317e-05 1.67115e-05 2.55181 2.79631e-05 1.84541e-05 4.51778
860 2.66269e-05 1.67574e-05 2.55074 2.76567e-05 1.83841e-05 4.48659
861 2.67277e-05 1.63836e-05 2.54607 2.76661e-05 1.82526e-05 4.46465
862 2.66383e-05 1.6375e-05 2.51227 2.77425e-05 1.83374e-05 4.48302
863 2.67158e-05 1.65345e-05 2.55947 2.76901e-05 1.82921e-05 4.47494
864 2.66297e-05 1.65719e-05 2.55204 2.76553e-05 1.83267e-05 4.47767
865 2.64987e-05 1.6419e-05 2.55198 2.78482e-05 1.83669e-05 4.49716
866 2.65619e-05 1.66231e-05 2.56187 2.77781e-05 1.83399e-05 4.48765
867 2.66877e-05 1.66281e-05 2.57101 2.7663e-05 1.83778e-05 4.48699
868 2.6651e-05 1.65731e-05 2.53853 2.76945e-05 1.83054e-05 4.477
869 2.64657e-05 1.66394e-05 2.56716 2.7856e-05 1.84301e-05 4.50732
870 2.67777e-05 1.66019e-05 2.54468 2.76347e-05 1.82989e-05 4.47087
871 2.66996e-05 1.68122e-05 2.57317 2.74856e-05 1.83584e-05 4.47402
872 2.65948e-05 1.65432e-05 2.56311 2.76319e-05 1.82318e-05 4.46186
873 2.66113e-05 1.66831e-05 2.53695 2.75737e-05 1.83481e-05 4.47614
874 2.6256e-05 1.66266e-05 2.53833 2.79497e-05 1.83733e-05 4.50304
875 2.65422e-05 1.64382e-05 2.54237 2.7806e-05 1.83856e-05 4.49811
876 2.65385e-05 1.63815e-05 2.49694 2.77591e-05 1.83809e-05 4.49256
877 2.66124e-05 1.6584e-05 2.53747 2.76574e-05 1.83652e-05 4.48391
878 2.68177e-05 1.61945e-05 2.47864 2.75352e-05 1.82711e-05 4.4599
879 2.6649e-05 1.63629e-05 2.52157 2.75386e-05 1.82484e-05 4.45552
880 2.64786e-05 1.66106e-05 2.53854 2.78025e-05 1.83873e-05 4.49542
881 2.63553e-05 1.69079e-05 2.55798 2.77398e-05 1.83872e-05 4.49336
882 2.6453e-05 1.65605e-05 2.52318 2.75633e-05 1.82895e-05 4.46416
883 2.66907e-05 1.63687e-05 2.53908 2.77185e-05 1.81934e-05 4.45773
884 2.65599e-05 1.63267e-05 2.51044 2.77636e-05 1.83146e-05 4.48093
885 2.64735e-05 1.63082e-05 2.49702 2.79006e-05 1.82725e-05 4.48447
886 2.65119e-05 1.65545e-05 2.54595 2.78938e-05 1.83163e-05 4.49013
887 2.62556e-05 1.66053e-05 2.54135 2.78633e-05 1.83859e-05 4.49911
888 2.63742e-05 1.65773e-05 2.52582 2.78735e-05 1.83548e-05 4.49505
889 2.65058e-05 1.63254e-05 2.5169 2.77319e-05 1.83284e-05 4.48288
890 2.64313e-05 1.64671e-05 2.5161 2.77127e-05 1.82831e-05 4.4723
891 2.63778e-05 1.64704e-05 2.52927 2.77954e-05 1.83166e-05 4.48453
892 2.66124e-05 1.66125e-05 2.53672 2.76371e-05 1.83547e-05 4.48218
893 2.64591e-05 1.65782e-05 2.53428 2.78046e-05 1.82705e-05 4.47584
894 2.64528e-05 1.65851e-05 2.53999 2.75982e-05 1.83701e-05 4.48341
895 2.65644e-05 1.64874e-05 2.51379 2.75736e-05 1.82769e-05 4.46515
896 2.64694e-05 1.64377e-05 2.53488 2.76748e-05 1.83139e-05 4.47543
897 2.64127e-05 1.64796e-05 2.49946 2.78525e-05 1.83887e-05 4.50165
898 2.64667e-05 1.66313e-05 2.49269 2.76956e-05 1.83496e-05 4.48501
899 2.65884e-05 1.63608e-05 2.49097 2.77231e-05 1.82821e-05 4.47229
900 2.662e-05 1.65973e-05 2.54434 2.75979e-05 1.8346e-05 4.47738
901 2.67028e-05 1.63316e-05 2.49681 2.76255e-05 1.82948e-05 4.47142
902 2.67306e-05 1.6451e-05 2.51652 2.76552e-05 1.83197e-05 4.47524
903 2.66497e-05 1.6399e-05 2.51683 2.77108e-05 1.82941e-05 4.47524
904 2.65568e-05 1.64465e-05 2.48569 2.76114e-05 1.83254e-05 4.47425
905 2.63119e-05 1.62268e-05 2.48376 2.79195e-05 1.83824e-05 4.50293
906 2.65283e-05 1.63141e-05 2.4947 2.76586e-05 1.8355e-05 4.48224
907 2.64663e-05 1.6536e-05 2.49353 2.76342e-05 1.83635e-05 4.48244
908 2.65625e-05 1.66228e-05 2.51055 2.7473e-05 1.82772e-05 4.45604
909 2.63821e-05 1.64439e-05 2.50657 2.79212e-05 1.83766e-05 4.50084
910 2.65651e-05 1.64435e-05 2.5047 2.7718e-05 1.83388e-05 4.48528
911 2.6348e-05 1.63019e-05 2.46851 2.7886e-05 1.83299e-05 4.49233
912 2.66412e-05 1.64144e-05 2.50211 2.75694e-05 1.82916e-05 4.46633
913 2.64542e-05 1.64136e-05 2.48357 2.75464e-05 1.82823e-05 4.46411
914 2.64852e-05 1.6417e-05 2.50289 2.76562e-05 1.8307e-05 4.47565
915 2.64672e-05 1.66592e-05 2.50874 2.78186e-05 1.83739e-05 4.49489
916 2.65641e-05 1.62549e-05 2.48008 2.76607e-05 1.82439e-05 4.46278
917 2.65492e-05 1.65197e-05 2.53261 2.7733e-05 1.83621e-05 4.48914
918 2.64043e-05 1.64729e-05 2.48101 2.77542e-05 1.84021e-05 4.49635
919 2.63529e-05 1.65157e-05 2.47561 2.78424e-05 1.83016e-05 4.48498
920 2.65987e-05 1.64175e-05 2.47754 2.74621e-05 1.82502e-05 4.45319
921 2.65191e-05 1.67363e-05 2.53062 2.75638e-05 1.83321e-05 4.47258
922 2.66714e-05 1.64436e-05 2.49983 2.76143e-05 1.82977e-05 4.4712
923 2.641e-05 1.63762e-05 2.45171 2.77974e-05 1.8381e-05 4.49333
924 2.63918e-05 1.62959e-05 2.45543 2.77689e-05 1.83397e-05 4.48627
925 2.65235e-05 1.62739e-05 2.45674 2.76406e-05 1.83168e-05 4.47353
926 2.65067e-05 1.65063e-05 2.50025 2.74798e-05 1.82562e-05 4.45539
927 2.64428e-05 1.66399e-05 2.49805 2.7696e-05 1.83177e-05 4.47884
928 2.64005e-05 1.65304e-05 2.49833 2.77724e-05 1.83195e-05 4.48161
929 2.66321e-05 1.63999e-05 2.51984 2.75011e-05 1.82469e-05 4.45696
930 2.62898e-05 1.665e-05 2.51255 2.76562e-05 1.83759e-05 4.48751
931 2.64996e-05 1.63852e-05 2.4965 2.77287e-05 1.83339e-05 4.48358
932 2.66869e-05 1.63373e-05 2.4725 2.75843e-05 1.83187e-05 4.47194
933 2.66634e-05 1.621e-05 2.44776 2.74015e-05 1.82796e-05 4.45349
934 2.63633e-05 1.65107e-05 2.46962 2.76309e-05 1.82584e-05 4.46514
935 2.6449e-05 1.64299e-05 2.47336 2.78061e-05 1.84271e-05 4.50323
936 2.63997e-05 1.65087e-05 2.4917 2.7711e-05 1.83174e-05 4.48137
937 2.63624e-05 1.63216e-05 2.43586 2.79252e-05 1.83295e-05 4.49458
938 2.65836e-05 1.61597e-05 2.44395 2.76986e-05 1.83046e-05 4.47709
939 2.65293e-05 1.61806e-05 2.44856 2.7695e-05 1.83268e-05 4.48035
940 2.65905e-05 1.62373e-05 2.43757 2.75105e-05 1.81444e-05 4.4388
941 2.65499e-05 1.64186e-05 2.476 2.76521e-05 1.83552e-05 4.4851
942 2.65662e-05 1.64625e-05 2.48138 2.75461e-05 1.83284e-05 4.47166
943 2.63294e-05 1.64975e-05 2.46407 2.77625e-05 1.83586e-05 4.48943
944 2.63863e-05 1.63708e-05 2.46846 2.77573e-05 1.83646e-05 4.49122
945 2.61579e-05 1.64072e-05 2.47038 2.77293e-05 1.82553e-05 4.47039
946 2.63946e-05 1.63673e-05 2.46505 2.76867e-05 1.82621e-05 4.47075
947 2.62454e-05 1.63625e-05 2.45769 2.77344e-05 1.81823e-05 4.45804
948 2.63557e-05 1.63111e-05 2.46119 2.77341e-05 1.82834e-05 4.47631
949 2.64517e-05 1.62433e-05 2.43814 2.78134e-05 1.84054e-05 4.50216
950 2.63601e-05 1.63519e-05 2.45376 2.78288e-05 1.83914e-05 4.49909
951 2.64627e-05 1.66541e-05 2.49517 2.76555e-05 1.83591e-05 4.48263
952 2.6418e-05 1.6449e-05 2.45653 2.75646e-05 1.82941e-05 4.46471
953 2.64017e-05 1.60257e-05 2.40679 2.77058e-05 1.8308e-05 4.47702
954 2.6225e-05 1.64115e-05 2.45608 2.77401e-05 1.8359e-05 4.48993
955 2.64423e-05 1.64233e-05 2.45305 2.76375e-05 1.83457e-05 4.47875
956 2.6544e-05 1.63232e-05 2.42892 2.76729e-05 1.8359e-05 4.48628
957 2.64842e-05 1.62326e-05 2.44647 2.76882e-05 1.82866e-05 4.47442
958 2.65104e-05 1.62044e-05 2.41184 2.76999e-05 1.82632e-05 4.47097
959 2.64798e-05 1.61868e-05 2.45238 2.76639e-05 1.82787e-05 4.47037
960 2.65225e-05 1.62026e-05 2.43938 2.76566e-05 1.82732e-05 4.47031
961 2.63932e-05 1.64406e-05 2.42638 2.7691e-05 1.83125e-05 4.47547
962 2.62897e-05 1.64705e-05 2.4455 2.77549e-05 1.8344e-05 4.48591
963 2.63864e-05 1.60548e-05 2.40778 2.78764e-05 1.82922e-05 4.48361
964 2.6419e-05 1.62718e-05 2.43608 2.76776e-05 1.82721e-05 4.46875
965 2.64908e-05 1.65331e-05 2.46191 2.75745e-05 1.83066e-05 4.47028
966 2.63466e-05 1.64127e-05 2.45954 2.76458e-05 1.83395e-05 4.47994
967 2.6092e-05 1.64406e-05 2.43235 2.78115e-05 1.83554e-05 4.49247
968 2.65061e-05 1.61984e-05 2.42389 2.76132e-05 1.8241e-05 4.46229
969 2.66302e-05 1.6146e-05 2.41505 2.75117e-05 1.8257e-05 4.45791
970 2.61729e-05 1.6504e-05 2.46193 2.77937e-05 1.83926e-05 4.49788
971 2.64247e-05 1.614e-05 2.41851 2.77099e-05 1.82993e-05 4.4775
972 2.62418e-05 1.62887e-05 2.43105 2.79071e-05 1.8409e-05 4.50683
973 2.6395e-05 1.62311e-05 2.41646 2.77807e-05 1.83531e-05 4.48975
974 2.62695e-05 1.64181e-05 2.42885 2.78984e-05 1.84011e-05 4.50591
975 2.66437e-05 1.60848e-05 2.41727 2.76552e-05 1.831e-05 4.47472
976 2.64443e-05 1.65205e-05 2.44936 2.77379e-05 1.84094e-05 4.49687
977 2.62444e-05 1.62669e-05 2.40713 2.7857e-05 1.83877e-05 4.49943
978 2.63383e-05 1.66692e-05 2.46101 2.7798e-05 1.84449e-05 4.50902
979 2.63351e-05 1.6562e-05 2.46138 2.77018e-05 1.83784e-05 4.48993
980 2.63232e-05 1.63504e-05 2.42867 2.78177e-05 1.83495e-05 4.49101
981 2.64728e-05 1.63495e-05 2.45047 2.75891e-05 1.83466e-05 4.47788
982 2.63708e-05 1.61487e-05 2.41532 2.77944e-05 1.83396e-05 4.48973
983 2.63979e-05 1.62568e-05 2.41363 2.76528e-05 1.82964e-05 4.4729
984 2.62118e-05 1.62707e-05 2.40848 2.79604e-05 1.84953e-05 4.52372
985 2.63774e-05 1.61254e-05 2.41426 2.77918e-05 1.83244e-05 4.48624
986 2.64366e-05 1.62653e-05 2.43809 2.76393e-05 1.83151e-05 4.47646
987 2.628e-05 1.62607e-05 2.40474 2.76635e-05 1.83415e-05 4.48111
988 2.63414e-05 1.63981e-05 2.42945 2.76233e-05 1.83425e-05 4.47925
989 2.61556e-05 1.61316e-05 2.39893 2.77915e-05 1.8293e-05 4.48144
990 2.64054e-05 1.63842e-05 2.43975 2.76857e-05 1.83498e-05 4.4845
991 2.63492e-05 1.64698e-05 2.44682 2.75894e-05 1.83813e-05 4.48401
992 2.62823e-05 1.63109e-05 2.42503 2.76649e-05 1.83525e-05 4.48529
993 2.63916e-05 1.63e-05 2.41367 2.77629e-05 1.83357e-05 4.48737
994 2.62588e-05 1.65246e-05 2.44207 2.78388e-05 1.84272e-05 4.50493
995 2.6326e-05 1.59578e-05 2.38928 2.77771e-05 1.82408e-05 4.47042
996 2.6336e-05 1.61614e-05 2.41308 2.77718e-05 1.83169e-05 4.48333
997 2.64381e-05 1.61819e-05 2.39253 2.77075e-05 1.8302e-05 4.47708
998 2.64102e-05 1.59858e-05 2.35625 2.76525e-05 1.82419e-05 4.46255
999 2.66877e-05 1.6255e-05 2.40093 2.75124e-05 1.83418e-05 4.47235
1000 2.61964e-05 1.65466e-05 2.45572 2.77399e-05 1.83313e-05 4.4835
