# ../optics --mode=conv_modified_vs_classical --conv-start=10 --conv-end=1000 --values-start=0.5 --values-end=1 --repetitions=1000 --xsigma=1.2 --output-file=comparison_1000_32_1000_xsigma1.2.txt --multiplier=32 ldata.txt
10 8.13681e-05 6.62792e-05 12.957 5.75079e-05 4.02823e-05 8.21334
11 7.4232e-05 7.35577e-05 13.4886 5.14638e-05 4.15883e-05 7.98181
12 6.28348e-05 6.25748e-05 11.7666 4.82401e-05 3.82201e-05 7.55658
13 6.66149e-05 6.48732e-05 12.0268 4.70113e-05 3.66802e-05 7.21655
14 5.66054e-05 5.94275e-05 10.9584 4.1996e-05 3.41384e-05 6.60953
15 5.91178e-05 5.40102e-05 10.2621 4.2984e-05 3.05112e-05 6.14477
16 5.28162e-05 5.38272e-05 9.94394 4.06075e-05 3.06057e-05 5.97617
17 5.19898e-05 5.59078e-05 10.5141 3.7969e-05 2.93324e-05 5.83452
18 4.9188e-05 5.15933e-05 9.56887 3.77815e-05 2.81206e-05 5.53783
19 4.68904e-05 5.16857e-05 9.40889 3.53732e-05 2.80811e-05 5.39075
20 4.86732e-05 5.45086e-05 10.0413 3.62467e-05 2.76241e-05 5.48486
21 4.44245e-05 5.17511e-05 9.3706 3.53726e-05 2.62467e-05 5.1082
22 4.35738e-05 4.64315e-05 8.50929 3.40685e-05 2.62701e-05 5.12487
23 4.23711e-05 4.68372e-05 8.71603 3.34163e-05 2.59396e-05 5.13348
24 4.08647e-05 4.84426e-05 8.87005 3.18144e-05 2.50219e-05 4.85706
25 3.93385e-05 4.64652e-05 8.33139 3.11396e-05 2.45374e-05 4.69529
26 3.80303e-05 4.3461e-05 8.10775 3.00574e-05 2.35063e-05 4.64225
27 3.91578e-05 4.43278e-05 8.12624 3.17031e-05 2.33636e-05 4.58716
28 3.82204e-05 4.37579e-05 7.9633 2.96919e-05 2.27167e-05 4.41834
29 3.73053e-05 4.44978e-05 8.05867 2.92603e-05 2.28486e-05 4.46662
30 3.45326e-05 3.99069e-05 7.30809 2.78899e-05 2.26569e-05 4.37359
31 3.57357e-05 4.12957e-05 7.4287 2.79807e-05 2.20922e-05 4.10763
32 3.53422e-05 4.26643e-05 7.88175 2.78571e-05 2.16759e-05 4.26574
33 3.27341e-05 3.90241e-05 7.20018 2.55099e-05 2.04094e-05 3.95108
34 3.26846e-05 4.11716e-05 7.45228 2.64371e-05 2.09918e-05 4.07135
35 3.21476e-05 4.08799e-05 7.28576 2.57502e-05 2.10258e-05 3.95712
36 3.28301e-05 4.06882e-05 7.35722 2.52373e-05 2.0648e-05 3.9046
37 3.18311e-05 4.11304e-05 7.49731 2.53177e-05 2.02161e-05 3.93754
38 3.05252e-05 3.72854e-05 6.77829 2.42274e-05 1.96508e-05 3.759
39 3.09042e-05 3.83929e-05 7.04664 2.44839e-05 2.00679e-05 3.88859
40 2.93689e-05 3.89125e-05 7.07942 2.30379e-05 1.9684e-05 3.80186
41 3.01126e-05 3.74607e-05 6.84651 2.4119e-05 1.93817e-05 3.74038
42 3.03985e-05 3.69744e-05 6.67459 2.35547e-05 1.887e-05 3.62001
43 2.79837e-05 3.79646e-05 6.88221 2.2268e-05 1.9015e-05 3.60375
44 2.85974e-05 3.58892e-05 6.42323 2.2058e-05 1.81742e-05 3.398
45 2.80263e-05 3.74619e-05 6.66448 2.20453e-05 1.93774e-05 3.64881
46 2.9219e-05 3.4547e-05 6.31347 2.30187e-05 1.83654e-05 3.58523
47 2.76825e-05 3.52611e-05 6.40467 2.15092e-05 1.77035e-05 3.40657
48 2.70009e-05 3.70421e-05 6.55605 2.09595e-05 1.82069e-05 3.4018
49 2.73453e-05 3.56054e-05 6.32841 2.13734e-05 1.78739e-05 3.35428
50 2.74376e-05 3.47161e-05 6.40135 2.18903e-05 1.75181e-05 3.38668
51 2.61585e-05 3.4309e-05 6.24771 2.02509e-05 1.71769e-05 3.2349
52 2.78657e-05 3.74318e-05 6.60505 2.14076e-05 1.82312e-05 3.42288
53 2.70644e-05 3.55558e-05 6.53768 2.10853e-05 1.73464e-05 3.42029
54 2.65536e-05 3.63786e-05 6.46688 2.01226e-05 1.82625e-05 3.46508
55 2.61057e-05 3.32866e-05 5.84647 2.08425e-05 1.70727e-05 3.13401
56 2.55433e-05 3.39721e-05 6.06208 2.00924e-05 1.73788e-05 3.26055
57 2.5978e-05 3.37533e-05 6.06265 2.02731e-05 1.70251e-05 3.23791
58 2.49585e-05 3.11156e-05 5.61585 1.96692e-05 1.62636e-05 3.05181
59 2.48685e-05 3.40408e-05 5.97127 1.97507e-05 1.64694e-05 3.05843
60 2.53707e-05 3.39957e-05 6.05562 2.0395e-05 1.67693e-05 3.13635
61 2.44884e-05 3.22511e-05 5.67018 1.91465e-05 1.63622e-05 3.00208
62 2.44092e-05 3.27261e-05 5.8521 1.8751e-05 1.57717e-05 2.92123
63 2.45078e-05 3.1694e-05 5.73612 1.93e-05 1.56411e-05 2.94026
64 2.31441e-05 3.31692e-05 5.80792 1.84686e-05 1.6162e-05 2.96182
65 2.22883e-05 3.44652e-05 5.94248 1.7636e-05 1.68666e-05 3.0301
66 2.32853e-05 3.35745e-05 5.90738 1.76976e-05 1.66549e-05 3.01762
67 2.36553e-05 2.9952e-05 5.34696 1.76764e-05 1.55111e-05 2.8713
68 2.34247e-05 3.22779e-05 5.80348 1.82735e-05 1.55862e-05 2.8867
69 2.38347e-05 3.20636e-05 5.78739 1.82544e-05 1.60189e-05 2.92603
70 2.31371e-05 3.20106e-05 5.77417 1.79117e-05 1.56031e-05 2.90555
71 2.13762e-05 3.13731e-05 5.56516 1.7346e-05 1.52938e-05 2.83529
72 2.25141e-05 3.26009e-05 5.82598 1.7759e-05 1.59944e-05 2.97947
73 2.29904e-05 3.20823e-05 5.74673 1.75999e-05 1.50108e-05 2.82244
74 2.20972e-05 3.34853e-05 5.94243 1.72088e-05 1.60123e-05 2.94423
75 2.25678e-05 3.1804e-05 5.69674 1.73188e-05 1.53163e-05 2.825
76 2.1667e-05 3.3282e-05 5.85251 1.67967e-05 1.53121e-05 2.78996
77 2.18936e-05 3.06801e-05 5.4173 1.65085e-05 1.50263e-05 2.77123
78 2.17296e-05 3.15585e-05 5.45324 1.72003e-05 1.4938e-05 2.73228
79 2.09607e-05 3.11458e-05 5.45152 1.67568e-05 1.50139e-05 2.78264
80 2.11299e-05 2.94007e-05 5.22254 1.64513e-05 1.45239e-05 2.68354
81 2.19251e-05 3.21191e-05 5.67039 1.68092e-05 1.48919e-05 2.73545
82 2.08434e-05 3.05613e-05 5.37371 1.62863e-05 1.47811e-05 2.69328
83 2.14582e-05 2.96514e-05 5.24092 1.69955e-05 1.48054e-05 2.71977
84 2.08136e-05 3.11832e-05 5.47432 1.62493e-05 1.49328e-05 2.72743
85 2.0614e-05 2.86607e-05 5.09715 1.65104e-05 1.42046e-05 2.60632
86 2.06989e-05 3.06295e-05 5.4214 1.58474e-05 1.47143e-05 2.69998
87 2.11733e-05 2.96108e-05 5.2396 1.63289e-05 1.48585e-05 2.75009
88 2.01856e-05 2.95718e-05 5.2548 1.57025e-05 1.4235e-05 2.62614
89 2.12238e-05 3.04427e-05 5.44483 1.6307e-05 1.44958e-05 2.67138
90 1.89483e-05 2.82654e-05 4.95889 1.57687e-05 1.41149e-05 2.61722
91 2.06493e-05 2.90975e-05 5.19364 1.51858e-05 1.34335e-05 2.47609
92 2.00378e-05 2.96823e-05 5.17255 1.58843e-05 1.41337e-05 2.54224
93 1.95272e-05 3.01458e-05 5.35698 1.47903e-05 1.44187e-05 2.63759
94 1.93663e-05 2.84564e-05 4.99796 1.43878e-05 1.42221e-05 2.513
95 2.02814e-05 2.86253e-05 5.06614 1.60071e-05 1.33399e-05 2.44093
96 1.9978e-05 2.77429e-05 4.90266 1.55276e-05 1.34407e-05 2.40882
97 1.88439e-05 2.62843e-05 4.62042 1.47553e-05 1.30029e-05 2.35221
98 1.92043e-05 3.1619e-05 5.51061 1.4487e-05 1.47299e-05 2.63105
99 1.87858e-05 2.83978e-05 4.95398 1.45702e-05 1.33874e-05 2.3627
100 1.93555e-05 2.8426e-05 4.97086 1.46015e-05 1.39721e-05 2.51064
101 1.98072e-05 2.93737e-05 5.17586 1.45634e-05 1.3749e-05 2.49481
102 1.90738e-05 2.86032e-05 4.94508 1.48719e-05 1.35196e-05 2.41382
103 1.91869e-05 2.88989e-05 5.05671 1.45495e-05 1.38972e-05 2.45358
104 1.89541e-05 2.85205e-05 4.96647 1.43139e-05 1.30102e-05 2.32934
105 1.89275e-05 2.72235e-05 4.78766 1.45873e-05 1.33437e-05 2.38267
106 1.94066e-05 2.58468e-05 4.59161 1.48271e-05 1.27997e-05 2.33101
107 1.89856e-05 2.71708e-05 4.73043 1.46689e-05 1.38862e-05 2.43873
108 1.81565e-05 2.67023e-05 4.71448 1.44265e-05 1.3358e-05 2.45548
109 1.78025e-05 2.80449e-05 4.92042 1.36384e-05 1.36157e-05 2.48556
110 1.76162e-05 2.93198e-05 5.13157 1.35528e-05 1.36147e-05 2.42871
111 1.84781e-05 2.73792e-05 4.78765 1.40379e-05 1.34565e-05 2.40962
112 1.83228e-05 2.69914e-05 4.7119 1.39562e-05 1.28247e-05 2.28657
113 1.83249e-05 3.00342e-05 5.24251 1.40377e-05 1.41219e-05 2.56991
114 1.83574e-05 2.74991e-05 4.86647 1.39811e-05 1.28059e-05 2.31332
115 1.84517e-05 2.68094e-05 4.74138 1.40343e-05 1.34475e-05 2.42812
116 1.82523e-05 2.70068e-05 4.75715 1.38309e-05 1.29674e-05 2.26507
117 1.82252e-05 2.64157e-05 4.52746 1.35948e-05 1.31652e-05 2.30498
118 1.80382e-05 2.82907e-05 4.96305 1.37277e-05 1.32063e-05 2.40721
119 1.7977e-05 2.73696e-05 4.76283 1.40416e-05 1.27426e-05 2.26127
120 1.76796e-05 2.80566e-05 4.95147 1.39848e-05 1.31218e-05 2.34318
121 1.81154e-05 2.73989e-05 4.7591 1.3545e-05 1.32322e-05 2.2838
122 1.8323e-05 2.78851e-05 4.77526 1.40557e-05 1.28505e-05 2.25182
123 1.71847e-05 2.69567e-05 4.71612 1.26433e-05 1.25692e-05 2.23798
124 1.78825e-05 2.9196e-05 5.10541 1.34561e-05 1.29361e-05 2.30202
125 1.70453e-05 2.77419e-05 4.82358 1.36884e-05 1.27025e-05 2.29247
126 1.7531e-05 2.55766e-05 4.48796 1.34283e-05 1.21842e-05 2.21802
127 1.70253e-05 2.88478e-05 4.97075 1.31028e-05 1.30001e-05 2.30399
128 1.75157e-05 2.62827e-05 4.57057 1.35972e-05 1.26087e-05 2.22761
129 1.7337e-05 2.75933e-05 4.80757 1.32149e-05 1.30401e-05 2.30858
130 1.72784e-05 2.63887e-05 4.62585 1.28776e-05 1.26808e-05 2.23045
131 1.74266e-05 2.73827e-05 4.75468 1.35528e-05 1.31067e-05 2.31218
132 1.71364e-05 2.84941e-05 4.90196 1.30274e-05 1.28099e-05 2.26357
133 1.70311e-05 2.64635e-05 4.6365 1.30018e-05 1.29296e-05 2.30991
134 1.71807e-05 2.7419e-05 4.7687 1.26683e-05 1.28736e-05 2.28289
135 1.66712e-05 2.7871e-05 4.76947 1.28231e-05 1.28668e-05 2.24868
136 1.74891e-05 2.74822e-05 4.80002 1.30635e-05 1.28244e-05 2.26593
137 1.62979e-05 2.6955e-05 4.70672 1.21087e-05 1.23983e-05 2.16258
138 1.61128e-05 2.55249e-05 4.42909 1.29348e-05 1.23253e-05 2.2307
139 1.68551e-05 2.61584e-05 4.57567 1.25228e-05 1.22368e-05 2.14215
140 1.70079e-05 2.57055e-05 4.48955 1.27721e-05 1.22315e-05 2.13903
141 1.62341e-05 2.62519e-05 4.51737 1.27737e-05 1.26324e-05 2.21107
142 1.67684e-05 2.70546e-05 4.68053 1.25425e-05 1.28499e-05 2.25554
143 1.56199e-05 2.54436e-05 4.45012 1.22577e-05 1.21964e-05 2.15864
144 1.65562e-05 2.74085e-05 4.75378 1.26511e-05 1.27285e-05 2.2356
145 1.6699e-05 2.67557e-05 4.62916 1.24126e-05 1.28e-05 2.23777
146 1.58578e-05 2.69638e-05 4.70624 1.2355e-05 1.21657e-05 2.17473
147 1.58173e-05 2.59006e-05 4.48902 1.19824e-05 1.24384e-05 2.18727
148 1.67511e-05 2.64854e-05 4.58307 1.24388e-05 1.22482e-05 2.14947
149 1.54109e-05 2.73596e-05 4.63096 1.18948e-05 1.26752e-05 2.19978
150 1.5728e-05 2.42659e-05 4.23635 1.19489e-05 1.21178e-05 2.14748
151 1.63073e-05 2.56426e-05 4.50722 1.20874e-05 1.22738e-05 2.17097
152 1.65082e-05 2.69541e-05 4.67311 1.23592e-05 1.20346e-05 2.05773
153 1.59339e-05 2.59744e-05 4.51082 1.16895e-05 1.18094e-05 2.10377
154 1.60906e-05 2.57075e-05 4.47504 1.2235e-05 1.2002e-05 2.11114
155 1.63461e-05 2.56518e-05 4.5144 1.28185e-05 1.16642e-05 2.10191
156 1.63861e-05 2.70823e-05 4.68827 1.17095e-05 1.21416e-05 2.10797
157 1.53219e-05 2.64497e-05 4.47721 1.17402e-05 1.20694e-05 2.06225
158 1.60899e-05 2.6372e-05 4.57711 1.17718e-05 1.22102e-05 2.13972
159 1.60563e-05 2.55656e-05 4.3665 1.19298e-05 1.21164e-05 2.08755
160 1.60178e-05 2.54557e-05 4.36627 1.20283e-05 1.15255e-05 2.0063
161 1.5855e-05 2.54374e-05 4.44392 1.15996e-05 1.1421e-05 1.97751
162 1.5778e-05 2.65036e-05 4.57924 1.12225e-05 1.22438e-05 2.11692
163 1.54433e-05 2.54214e-05 4.34622 1.16336e-05 1.23074e-05 2.09422
164 1.58568e-05 2.53886e-05 4.31542 1.16983e-05 1.18461e-05 2.00399
165 1.57541e-05 2.6086e-05 4.47137 1.14147e-05 1.18196e-05 1.99798
166 1.59132e-05 2.66281e-05 4.57843 1.15664e-05 1.22776e-05 2.10181
167 1.65088e-05 2.52449e-05 4.36762 1.20036e-05 1.1872e-05 2.06585
168 1.60271e-05 2.69619e-05 4.65307 1.17081e-05 1.21018e-05 2.09784
169 1.5788e-05 2.64318e-05 4.51782 1.19079e-05 1.19584e-05 2.05349
170 1.59265e-05 2.56317e-05 4.39148 1.13814e-05 1.146e-05 1.94846
171 1.49709e-05 2.60973e-05 4.45673 1.16196e-05 1.22898e-05 2.12096
172 1.55559e-05 2.47327e-05 4.23258 1.15811e-05 1.18947e-05 2.10408
173 1.50344e-05 2.41211e-05 4.1744 1.13996e-05 1.15784e-05 2.02969
174 1.52551e-05 2.56787e-05 4.52055 1.11026e-05 1.14898e-05 2.02288
175 1.59489e-05 2.42332e-05 4.10325 1.10926e-05 1.16294e-05 1.94035
176 1.48907e-05 2.6713e-05 4.56032 1.10114e-05 1.24198e-05 2.07356
177 1.50789e-05 2.57661e-05 4.42221 1.13948e-05 1.17267e-05 2.05006
178 1.50637e-05 2.50303e-05 4.20335 1.10876e-05 1.1793e-05 1.97801
179 1.52156e-05 2.6011e-05 4.49768 1.1181e-05 1.19299e-05 2.05171
180 1.53528e-05 2.42476e-05 4.16979 1.1069e-05 1.08402e-05 1.83058
181 1.45089e-05 2.48737e-05 4.22239 1.08779e-05 1.16681e-05 2.00904
182 1.55898e-05 2.65856e-05 4.52844 1.10766e-05 1.24964e-05 2.10328
183 1.53034e-05 2.39415e-05 4.11026 1.13193e-05 1.12901e-05 1.98132
184 1.51985e-05 2.53453e-05 4.31771 1.08415e-05 1.17618e-05 1.97754
185 1.47526e-05 2.54925e-05 4.42876 1.07521e-05 1.18119e-05 2.04257
186 1.45563e-05 2.62115e-05 4.53166 1.08424e-05 1.21106e-05 2.09794
187 1.5594e-05 2.65556e-05 4.55424 1.16727e-05 1.18571e-05 2.00522
188 1.41384e-05 2.49062e-05 4.25496 1.08684e-05 1.15694e-05 1.99626
189 1.47715e-05 2.438e-05 4.21581 1.05504e-05 1.11309e-05 1.91275
190 1.48816e-05 2.44297e-05 4.22096 1.14385e-05 1.17163e-05 2.0237
191 1.46854e-05 2.68948e-05 4.51373 1.10719e-05 1.21281e-05 2.04254
192 1.45857e-05 2.47655e-05 4.28503 1.08599e-05 1.14003e-05 1.97704
193 1.52043e-05 2.71514e-05 4.6151 1.07077e-05 1.20806e-05 2.01748
194 1.52446e-05 2.50344e-05 4.30538 1.13896e-05 1.15858e-05 1.99604
195 1.45468e-05 2.42086e-05 4.10035 1.09377e-05 1.10231e-05 1.88189
196 1.44099e-05 2.52678e-05 4.32199 1.06596e-05 1.14234e-05 1.95206
197 1.45936e-05 2.52959e-05 4.37676 1.04433e-05 1.13893e-05 1.95007
198 1.5066e-05 2.4784e-05 4.2451 1.10794e-05 1.13919e-05 1.96311
199 1.43143e-05 2.59109e-05 4.34809 1.02598e-05 1.16968e-05 1.9792
200 1.4888e-05 2.42538e-05 4.11793 1.03302e-05 1.1418e-05 1.93001
201 1.4289e-05 2.53468e-05 4.31921 1.04675e-05 1.09189e-05 1.82249
202 1.38471e-05 2.53425e-05 4.27179 1.0588e-05 1.1593e-05 1.97365
203 1.40307e-05 2.57595e-05 4.30145 1.00289e-05 1.23447e-05 2.02131
204 1.40845e-05 2.4624e-05 4.19494 1.01431e-05 1.14211e-05 1.92186
205 1.4325e-05 2.39553e-05 4.07791 1.03373e-05 1.12585e-05 1.91452
206 1.42423e-05 2.44193e-05 4.1208 1.02424e-05 1.12094e-05 1.90296
207 1.35402e-05 2.51399e-05 4.26399 9.98101e-06 1.15234e-05 1.94976
208 1.43451e-05 2.63193e-05 4.43594 1.05272e-05 1.20153e-05 1.99033
209 1.43748e-05 2.56114e-05 4.32844 1.05933e-05 1.17907e-05 2.00008
210 1.46654e-05 2.56186e-05 4.39382 1.07824e-05 1.1332e-05 1.95816
211 1.4547e-05 2.37457e-05 4.05929 1.03665e-05 1.16383e-05 2.00429
212 1.34997e-05 2.45003e-05 4.21751 9.94475e-06 1.11604e-05 1.89982
213 1.40278e-05 2.30108e-05 3.91912 1.01046e-05 1.11574e-05 1.90485
214 1.40211e-05 2.37201e-05 4.03857 9.66401e-06 1.12425e-05 1.87761
215 1.37104e-05 2.39986e-05 4.03814 1.0159e-05 1.10873e-05 1.87373
216 1.37068e-05 2.35663e-05 3.93865 9.70514e-06 1.14065e-05 1.90173
217 1.36504e-05 2.44585e-05 4.09874 9.86502e-06 1.12321e-05 1.89025
218 1.41469e-05 2.23391e-05 3.78405 1.02227e-05 1.10992e-05 1.89198
219 1.35473e-05 2.38647e-05 4.03054 9.88758e-06 1.1207e-05 1.89643
220 1.36822e-05 2.52466e-05 4.26311 9.50201e-06 1.10466e-05 1.8315
221 1.34566e-05 2.51198e-05 4.26555 9.94054e-06 1.12589e-05 1.92529
222 1.38346e-05 2.57518e-05 4.34416 1.02873e-05 1.13688e-05 1.88309
223 1.35583e-05 2.4107e-05 4.09352 1.01527e-05 1.10006e-05 1.85702
224 1.33891e-05 2.46873e-05 4.20919 1.00425e-05 1.11928e-05 1.91383
225 1.39612e-05 2.44987e-05 4.17523 1.03182e-05 1.14234e-05 1.91938
226 1.353e-05 2.3825e-05 3.99546 1.01523e-05 1.13008e-05 1.92705
227 1.37005e-05 2.41589e-05 4.00725 1.04128e-05 1.12917e-05 1.88279
228 1.46009e-05 2.50642e-05 4.26012 1.03862e-05 1.0858e-05 1.80848
229 1.40743e-05 2.33635e-05 3.96157 1.0149e-05 1.10272e-05 1.85242
230 1.31129e-05 2.48825e-05 4.26872 9.42263e-06 1.13733e-05 1.95737
231 1.35707e-05 2.3519e-05 3.97786 9.68325e-06 1.09961e-05 1.82376
232 1.33247e-05 2.44912e-05 4.17372 9.7753e-06 1.12874e-05 1.89405
233 1.39826e-05 2.28997e-05 3.906 9.99246e-06 1.10962e-05 1.84686
234 1.31592e-05 2.51749e-05 4.29138 9.17044e-06 1.13467e-05 1.88577
235 1.3682e-05 2.39507e-05 4.00655 9.66732e-06 1.09316e-05 1.83263
236 1.39697e-05 2.4185e-05 4.14019 1.00766e-05 1.10335e-05 1.87584
237 1.37287e-05 2.57903e-05 4.31757 9.55291e-06 1.14379e-05 1.87675
238 1.3285e-05 2.42303e-05 4.0449 9.5256e-06 1.12828e-05 1.87907
239 1.353e-05 2.46707e-05 4.12865 9.31718e-06 1.15574e-05 1.90079
240 1.29722e-05 2.41876e-05 4.08888 9.4829e-06 1.09847e-05 1.82256
241 1.38261e-05 2.41782e-05 4.1019 9.67602e-06 1.10158e-05 1.84332
242 1.35756e-05 2.51527e-05 4.2109 9.39174e-06 1.12479e-05 1.85714
243 1.38593e-05 2.5175e-05 4.20752 9.66885e-06 1.13052e-05 1.88808
244 1.37024e-05 2.31902e-05 3.87714 9.46469e-06 1.09765e-05 1.80903
245 1.343e-05 2.51219e-05 4.17932 9.16253e-06 1.13707e-05 1.82722
246 1.2977e-05 2.42479e-05 4.04035 9.39519e-06 1.10164e-05 1.85203
247 1.31277e-05 2.34597e-05 3.9613 9.49482e-06 1.12992e-05 1.90258
248 1.29026e-05 2.48608e-05 4.2023 9.71917e-06 1.09155e-05 1.84057
249 1.30254e-05 2.32841e-05 3.94534 9.26543e-06 1.07821e-05 1.7985
250 1.32762e-05 2.53233e-05 4.2265 9.19469e-06 1.12077e-05 1.85853
251 1.343e-05 2.28412e-05 3.79934 9.08779e-06 1.09624e-05 1.78153
252 1.28802e-05 2.30931e-05 3.92946 9.52942e-06 1.09717e-05 1.88536
253 1.35008e-05 2.49412e-05 4.23645 9.50178e-06 1.12456e-05 1.8541
254 1.2987e-05 2.33921e-05 3.96775 9.01765e-06 1.09467e-05 1.81268
255 1.31426e-05 2.41832e-05 4.05508 9.11592e-06 1.11378e-05 1.8473
256 1.29979e-05 2.41978e-05 4.07374 8.89278e-06 1.08536e-05 1.79439
257 1.29854e-05 2.37969e-05 3.9803 9.38408e-06 1.07433e-05 1.78862
258 1.31285e-05 2.36489e-05 3.98018 9.16258e-06 1.09775e-05 1.82232
259 1.24986e-05 2.40775e-05 4.07743 9.33811e-06 1.1016e-05 1.86276
260 1.32543e-05 2.30667e-05 3.86903 9.16451e-06 1.10823e-05 1.82573
261 1.2939e-05 2.34341e-05 3.94903 9.26967e-06 1.11225e-05 1.83486
262 1.29727e-05 2.36575e-05 4.00677 9.02384e-06 1.0721e-05 1.7973
263 1.28178e-05 2.44266e-05 4.16322 9.1172e-06 1.10157e-05 1.84266
264 1.28714e-05 2.31771e-05 3.87178 9.29268e-06 1.09969e-05 1.83789
265 1.26657e-05 2.42745e-05 4.06067 9.00762e-06 1.09888e-05 1.81002
266 1.33025e-05 2.32645e-05 3.96492 9.164e-06 1.05507e-05 1.76306
267 1.2551e-05 2.51616e-05 4.23402 8.86172e-06 1.14041e-05 1.90505
268 1.31237e-05 2.31052e-05 3.81035 8.88362e-06 1.10646e-05 1.79167
269 1.2792e-05 2.22504e-05 3.73502 9.05161e-06 1.03491e-05 1.71271
270 1.21734e-05 2.21692e-05 3.7461 9.1402e-06 1.06375e-05 1.8118
271 1.25652e-05 2.42543e-05 4.06051 8.78338e-06 1.07666e-05 1.77129
272 1.26506e-05 2.38962e-05 3.97906 8.93481e-06 1.10891e-05 1.82094
273 1.27123e-05 2.33702e-05 3.85026 8.96836e-06 1.07498e-05 1.77198
274 1.30203e-05 2.34906e-05 3.90707 9.11338e-06 1.10349e-05 1.79126
275 1.24734e-05 2.3897e-05 3.96545 9.04155e-06 1.11876e-05 1.86229
276 1.28886e-05 2.36319e-05 4.02901 9.08355e-06 1.08549e-05 1.83344
277 1.28851e-05 2.3249e-05 3.85242 8.88901e-06 1.10333e-05 1.82331
278 1.22659e-05 2.21117e-05 3.68791 8.77829e-06 1.06636e-05 1.75841
279 1.27136e-05 2.35835e-05 3.96077 8.69139e-06 1.07845e-05 1.78995
280 1.2295e-05 2.34954e-05 3.91959 8.79215e-06 1.07486e-05 1.7844
281 1.23703e-05 2.38868e-05 3.97624 8.76695e-06 1.09937e-05 1.82223
282 1.28893e-05 2.30615e-05 3.83662 8.69723e-06 1.0651e-05 1.7414
283 1.26175e-05 2.29384e-05 3.84451 9.0378e-06 1.09445e-05 1.79678
284 1.23215e-05 2.37649e-05 3.99094 8.7029e-06 1.10406e-05 1.84587
285 1.24765e-05 2.24213e-05 3.7579 8.8294e-06 1.08032e-05 1.77977
286 1.24001e-05 2.3548e-05 3.88984 8.60969e-06 1.08758e-05 1.76195
287 1.23064e-05 2.21419e-05 3.66331 8.41573e-06 1.035e-05 1.6863
288 1.23033e-05 2.4321e-05 4.03691 8.66561e-06 1.08136e-05 1.79244
289 1.24272e-05 2.39668e-05 3.99872 8.56572e-06 1.08174e-05 1.76528
290 1.27538e-05 2.36393e-05 3.93608 8.9379e-06 1.10192e-05 1.81726
291 1.23464e-05 2.42586e-05 4.02251 8.58744e-06 1.10133e-05 1.80591
292 1.30562e-05 2.26162e-05 3.79547 8.79698e-06 1.03981e-05 1.67594
293 1.21865e-05 2.44272e-05 4.10023 8.36742e-06 1.10171e-05 1.82556
294 1.26192e-05 2.33475e-05 3.87202 8.54437e-06 1.07671e-05 1.72106
295 1.23698e-05 2.44976e-05 4.05993 9.06354e-06 1.10481e-05 1.81656
296 1.30214e-05 2.4693e-05 4.10374 9.02482e-06 1.11275e-05 1.82007
297 1.24709e-05 2.25189e-05 3.75061 8.53105e-06 1.05711e-05 1.7165
298 1.26725e-05 2.42105e-05 4.01767 8.61516e-06 1.10287e-05 1.78575
299 1.23193e-05 2.34013e-05 3.92741 8.41289e-06 1.0547e-05 1.70599
300 1.23911e-05 2.33008e-05 3.89099 8.73431e-06 1.0625e-05 1.76589
301 1.27545e-05 2.3304e-05 3.90871 8.58296e-06 1.06012e-05 1.73492
302 1.2297e-05 2.23252e-05 3.70018 8.40978e-06 1.07753e-05 1.74881
303 1.27118e-05 2.19224e-05 3.69419 8.7566e-06 1.04224e-05 1.72299
304 1.24188e-05 2.33123e-05 3.83632 8.4281e-06 1.09457e-05 1.76021
305 1.2462e-05 2.32315e-05 3.87046 8.54056e-06 1.05929e-05 1.72499
306 1.20058e-05 2.34128e-05 3.84931 8.42597e-06 1.09626e-05 1.79948
307 1.24898e-05 2.35609e-05 3.9232 8.41291e-06 1.06737e-05 1.74458
308 1.21112e-05 2.38933e-05 3.96833 8.51149e-06 1.08143e-05 1.767
309 1.23341e-05 2.48763e-05 4.14418 8.59327e-06 1.10819e-05 1.80993
310 1.21208e-05 2.26661e-05 3.74469 8.28225e-06 1.03617e-05 1.67789
311 1.22614e-05 2.31699e-05 3.87499 8.54555e-06 1.06327e-05 1.75164
312 1.2017e-05 2.30379e-05 3.75845 8.11142e-06 1.08185e-05 1.73253
313 1.24976e-05 2.34788e-05 3.90529 8.58584e-06 1.07794e-05 1.77862
314 1.21117e-05 2.30508e-05 3.81111 8.28687e-06 1.07275e-05 1.75026
315 1.20346e-05 2.35907e-05 3.86714 8.43078e-06 1.06498e-05 1.71216
316 1.11966e-05 2.37794e-05 3.91102 8.20964e-06 1.11523e-05 1.83444
317 1.20525e-05 2.31946e-05 3.7987 8.43639e-06 1.0709e-05 1.72777
318 1.16705e-05 2.34533e-05 3.94125 8.00274e-06 1.07247e-05 1.75804
319 1.18883e-05 2.28698e-05 3.75547 8.53979e-06 1.06921e-05 1.73027
320 1.18603e-05 2.46756e-05 4.09039 8.19533e-06 1.07914e-05 1.76342
321 1.19765e-05 2.29185e-05 3.80455 8.23178e-06 1.05745e-05 1.75451
322 1.14668e-05 2.45794e-05 4.07105 8.12074e-06 1.10637e-05 1.80802
323 1.16232e-05 2.34434e-05 3.93632 8.29594e-06 1.05661e-05 1.74608
324 1.17542e-05 2.40485e-05 3.99939 8.13658e-06 1.08603e-05 1.77763
325 1.20366e-05 2.37147e-05 3.88025 8.33779e-06 1.08635e-05 1.76349
326 1.18279e-05 2.39986e-05 3.95611 8.11901e-06 1.11384e-05 1.82043
327 1.23927e-05 2.36546e-05 3.88868 8.45936e-06 1.09924e-05 1.79277
328 1.19462e-05 2.35771e-05 3.90665 8.27792e-06 1.08129e-05 1.75684
329 1.17265e-05 2.1816e-05 3.5798 7.83299e-06 1.04795e-05 1.69544
330 1.20792e-05 2.46211e-05 4.07955 8.17229e-06 1.071e-05 1.73446
331 1.14758e-05 2.34571e-05 3.88098 8.17381e-06 1.05249e-05 1.7116
332 1.17302e-05 2.29781e-05 3.82377 8.07772e-06 1.06692e-05 1.73883
333 1.20905e-05 2.24717e-05 3.72076 7.96767e-06 1.0546e-05 1.69622
334 1.13757e-05 2.3006e-05 3.80867 7.97323e-06 1.08159e-05 1.76189
335 1.19637e-05 2.28413e-05 3.79586 8.07598e-06 1.06438e-05 1.75796
336 1.15454e-05 2.24123e-05 3.71609 7.98289e-06 1.09145e-05 1.79534
337 1.19695e-05 2.25168e-05 3.66753 8.08238e-06 1.08458e-05 1.75472
338 1.18357e-05 2.30855e-05 3.8243 7.93265e-06 1.08644e-05 1.77128
339 1.1729e-05 2.22931e-05 3.66114 7.99127e-06 1.06357e-05 1.74035
340 1.1792e-05 2.29353e-05 3.7899 8.18783e-06 1.08176e-05 1.74162
341 1.18556e-05 2.40878e-05 3.97475 8.06804e-06 1.05896e-05 1.69583
342 1.18147e-05 2.35652e-05 3.87685 8.22337e-06 1.04563e-05 1.70603
343 1.2482e-05 2.3178e-05 3.84157 8.39308e-06 1.06599e-05 1.71685
344 1.18044e-05 2.22363e-05 3.637 7.94585e-06 1.0665e-05 1.73142
345 1.1843e-05 2.27234e-05 3.71641 8.06134e-06 1.0647e-05 1.71388
346 1.15008e-05 2.37748e-05 3.90976 8.33886e-06 1.07204e-05 1.75404
347 1.20239e-05 2.40743e-05 3.98003 8.21696e-06 1.07033e-05 1.72377
348 1.12147e-05 2.38778e-05 3.93267 7.55621e-06 1.11089e-05 1.78795
349 1.18965e-05 2.28561e-05 3.78192 8.0494e-06 1.03049e-05 1.65343
350 1.17594e-05 2.42018e-05 3.98221 7.91862e-06 1.08825e-05 1.75145
351 1.17994e-05 2.38192e-05 3.99328 7.75346e-06 1.07815e-05 1.73081
352 1.21645e-05 2.19491e-05 3.5981 8.11978e-06 1.03559e-05 1.64919
353 1.14797e-05 2.17856e-05 3.57214 7.9113e-06 1.03071e-05 1.67522
354 1.11754e-05 2.24953e-05 3.64367 7.48751e-06 1.0696e-05 1.72435
355 1.12298e-05 2.34485e-05 3.84564 8.00731e-06 1.04882e-05 1.69884
356 1.15199e-05 2.3888e-05 3.9065 7.79344e-06 1.07066e-05 1.70786
357 1.1333e-05 2.32109e-05 3.8408 8.09421e-06 1.05433e-05 1.72371
358 1.17145e-05 2.35513e-05 3.87997 8.01828e-06 1.04412e-05 1.67206
359 1.11609e-05 2.26849e-05 3.64518 8.06668e-06 1.07321e-05 1.70695
360 1.1687e-05 2.3677e-05 3.861 7.91122e-06 1.06662e-05 1.70242
361 1.17459e-05 2.26199e-05 3.72429 8.01089e-06 1.03934e-05 1.69756
362 1.16506e-05 2.2732e-05 3.74292 7.81279e-06 1.05251e-05 1.6989
363 1.12321e-05 2.30721e-05 3.82334 7.6841e-06 1.02444e-05 1.6837
364 1.14361e-05 2.26679e-05 3.70623 7.92934e-06 1.07201e-05 1.72488
365 1.16647e-05 2.177e-05 3.54208 8.0775e-06 1.04041e-05 1.67785
366 1.14856e-05 2.34383e-05 3.80974 7.61781e-06 1.09073e-05 1.77523
367 1.1358e-05 2.41371e-05 3.96204 7.80145e-06 1.0676e-05 1.73268
368 1.14017e-05 2.17377e-05 3.58201 7.40964e-06 1.00817e-05 1.63323
369 1.15662e-05 2.35004e-05 3.81505 7.41066e-06 1.06692e-05 1.68512
370 1.11596e-05 2.2583e-05 3.68583 7.81467e-06 1.04285e-05 1.69898
371 1.15768e-05 2.23531e-05 3.68938 7.19347e-06 1.0134e-05 1.63035
372 1.13382e-05 2.31415e-05 3.76665 7.51158e-06 1.08265e-05 1.7245
373 1.10593e-05 2.25305e-05 3.6845 7.25265e-06 1.05594e-05 1.66958
374 1.13912e-05 2.15528e-05 3.51747 7.89474e-06 1.02105e-05 1.65892
375 1.15526e-05 2.23627e-05 3.66295 7.72707e-06 1.07217e-05 1.73868
376 1.173e-05 2.26827e-05 3.74843 7.81572e-06 1.02372e-05 1.64658
377 1.13538e-05 2.38945e-05 3.90629 7.54145e-06 1.10179e-05 1.74709
378 1.1425e-05 2.40541e-05 3.8738 7.69172e-06 1.06154e-05 1.67379
379 1.1951e-05 2.34797e-05 3.8637 7.81737e-06 1.06991e-05 1.72831
380 1.07192e-05 2.34038e-05 3.83205 7.24393e-06 1.05793e-05 1.69529
381 1.22491e-05 2.18788e-05 3.60295 7.70969e-06 1.02701e-05 1.61493
382 1.13116e-05 2.27587e-05 3.77064 7.0798e-06 1.05627e-05 1.69893
383 1.1144e-05 2.3924e-05 3.93324 7.58223e-06 1.09199e-05 1.79175
384 1.13598e-05 2.2626e-05 3.70984 7.81499e-06 1.04597e-05 1.70813
385 1.15309e-05 2.25991e-05 3.71141 7.67269e-06 1.037e-05 1.67298
386 1.15655e-05 2.25065e-05 3.67808 7.35664e-06 1.03093e-05 1.60786
387 1.13575e-05 2.38099e-05 3.98251 7.68061e-06 1.06472e-05 1.7321
388 1.09292e-05 2.31231e-05 3.74877 7.4974e-06 1.05318e-05 1.69992
389 1.14403e-05 2.27359e-05 3.7287 7.70411e-06 1.04041e-05 1.64704
390 1.14895e-05 2.3898e-05 3.88612 7.59101e-06 1.064e-05 1.6703
391 1.1244e-05 2.28781e-05 3.72103 7.6738e-06 1.0536e-05 1.6863
392 1.10557e-05 2.35149e-05 3.86237 7.19688e-06 1.08828e-05 1.75432
393 1.10496e-05 2.30821e-05 3.78095 7.61959e-06 1.04946e-05 1.68713
394 1.09979e-05 2.29964e-05 3.77309 7.26085e-06 1.08401e-05 1.72364
395 1.08307e-05 2.30458e-05 3.72979 7.4963e-06 1.02987e-05 1.64007
396 1.13153e-05 2.10054e-05 3.424 7.41908e-06 9.8583e-06 1.57044
397 1.10856e-05 2.2938e-05 3.71061 7.7567e-06 1.05387e-05 1.67153
398 1.15791e-05 2.34815e-05 3.84519 7.65016e-06 1.05004e-05 1.69019
399 1.14017e-05 2.41487e-05 3.98507 7.62686e-06 1.05364e-05 1.70886
400 1.12868e-05 2.17934e-05 3.55746 6.92532e-06 1.02756e-05 1.63377
401 1.1588e-05 2.31586e-05 3.73727 7.58924e-06 1.05074e-05 1.656
402 1.13496e-05 2.22375e-05 3.67225 7.50341e-06 1.04061e-05 1.65701
403 1.11723e-05 2.27271e-05 3.75326 7.27272e-06 1.03682e-05 1.67022
404 1.14687e-05 2.2462e-05 3.63255 7.78892e-06 1.03716e-05 1.64507
405 1.09865e-05 2.32142e-05 3.77893 7.60107e-06 1.07712e-05 1.74434
406 1.1091e-05 2.29812e-05 3.73423 7.26688e-06 1.06081e-05 1.69325
407 1.16322e-05 2.22503e-05 3.62994 7.99319e-06 1.02051e-05 1.63419
408 1.11618e-05 2.40642e-05 3.90532 7.47426e-06 1.0928e-05 1.7497
409 1.14465e-05 2.15955e-05 3.51145 7.25924e-06 1.02892e-05 1.61665
410 1.04385e-05 2.27312e-05 3.67453 6.87823e-06 1.03708e-05 1.65225
411 1.1406e-05 2.31504e-05 3.7664 7.50846e-06 1.05658e-05 1.6804
412 1.12219e-05 2.37665e-05 3.8682 7.44535e-06 1.04139e-05 1.63533
413 1.08459e-05 2.28887e-05 3.77894 7.13064e-06 1.05024e-05 1.69101
414 1.10119e-05 2.16424e-05 3.49006 7.32338e-06 1.00509e-05 1.58409
415 1.10018e-05 2.29669e-05 3.77024 7.6151e-06 1.00351e-05 1.63189
416 1.05672e-05 2.29411e-05 3.72793 7.15679e-06 1.05273e-05 1.69028
417 1.10414e-05 2.28534e-05 3.71348 7.16679e-06 1.05602e-05 1.67873
418 1.1258e-05 2.3952e-05 3.85144 7.4026e-06 1.08463e-05 1.69012
419 1.10566e-05 2.33869e-05 3.8222 7.40329e-06 1.04982e-05 1.66895
420 1.10052e-05 2.19591e-05 3.5632 6.96914e-06 1.00227e-05 1.56328
421 1.09883e-05 2.20399e-05 3.54906 7.44323e-06 1.03485e-05 1.65911
422 1.06585e-05 2.25364e-05 3.71932 7.21149e-06 1.02455e-05 1.66378
423 1.11327e-05 2.2895e-05 3.7196 7.0842e-06 1.04781e-05 1.65913
424 1.05996e-05 2.29169e-05 3.73871 7.08046e-06 1.06519e-05 1.70029
425 1.08624e-05 2.26679e-05 3.68059 7.17928e-06 1.06567e-05 1.70231
426 1.08646e-05 2.31018e-05 3.78051 7.39655e-06 1.02502e-05 1.64621
427 1.07318e-05 2.21834e-05 3.62545 7.4285e-06 1.01269e-05 1.66397
428 1.08666e-05 2.22472e-05 3.62301 7.32408e-06 1.02206e-05 1.62161
429 1.11218e-05 2.25519e-05 3.65747 7.23584e-06 1.02301e-05 1.61955
430 1.06521e-05 2.35841e-05 3.79213 7.07809e-06 1.07264e-05 1.70999
431 1.11662e-05 2.32782e-05 3.78623 7.47182e-06 1.04886e-05 1.66258
432 1.07596e-05 2.15249e-05 3.48439 7.09672e-06 1.05317e-05 1.68109
433 1.04419e-05 2.3566e-05 3.86832 7.21575e-06 1.03938e-05 1.65082
434 1.07637e-05 2.30154e-05 3.70471 7.36913e-06 1.05918e-05 1.68245
435 1.09371e-05 2.25707e-05 3.67878 7.29812e-06 1.02958e-05 1.63723
436 1.07197e-05 2.12086e-05 3.44906 7.10139e-06 1.02651e-05 1.65217
437 1.06426e-05 2.20244e-05 3.62536 7.05993e-06 9.9841e-06 1.60853
438 1.05484e-05 2.30197e-05 3.75878 6.9287e-06 1.0573e-05 1.68709
439 1.04231e-05 2.24647e-05 3.64436 6.76978e-06 1.03558e-05 1.64737
440 1.05835e-05 2.25249e-05 3.65241 7.30546e-06 1.00223e-05 1.57858
441 1.11154e-05 2.24047e-05 3.57074 7.17275e-06 1.03525e-05 1.60566
442 1.04945e-05 2.25003e-05 3.65803 7.14416e-06 1.03492e-05 1.64886
443 1.09191e-05 2.40439e-05 3.90349 7.2248e-06 1.06655e-05 1.69846
444 1.06434e-05 2.40371e-05 3.93976 6.95512e-06 1.07004e-05 1.71858
445 1.05447e-05 2.20528e-05 3.56294 6.95758e-06 1.03727e-05 1.63274
446 1.09436e-05 2.19337e-05 3.54385 6.93563e-06 1.03633e-05 1.63422
447 1.10469e-05 2.21887e-05 3.57126 6.94149e-06 1.05886e-05 1.64516
448 1.1224e-05 2.12104e-05 3.41799 7.01076e-06 1.02343e-05 1.60041
449 1.08938e-05 2.28309e-05 3.6834 6.78122e-06 1.0538e-05 1.65805
450 1.02721e-05 2.25573e-05 3.65495 7.03286e-06 1.04975e-05 1.67545
451 1.07436e-05 2.24522e-05 3.63117 6.67271e-06 1.01462e-05 1.60431
452 1.09952e-05 2.27015e-05 3.61887 7.10414e-06 1.06437e-05 1.67844
453 1.01515e-05 2.23493e-05 3.60522 6.87688e-06 1.05184e-05 1.68692
454 1.05994e-05 2.24179e-05 3.59694 6.9159e-06 1.05596e-05 1.67019
455 1.04158e-05 2.29533e-05 3.67504 6.94858e-06 1.05687e-05 1.66696
456 1.04147e-05 2.35392e-05 3.83564 6.90882e-06 1.04154e-05 1.64948
457 1.13154e-05 2.1996e-05 3.57238 7.24624e-06 1.03527e-05 1.6332
458 1.09086e-05 2.26473e-05 3.62834 7.13916e-06 1.05264e-05 1.65216
459 1.08206e-05 2.17584e-05 3.50475 7.12675e-06 1.02192e-05 1.61872
460 1.06549e-05 2.30227e-05 3.74467 7.14913e-06 1.01334e-05 1.62349
461 1.06995e-05 2.37953e-05 3.83697 6.92324e-06 1.04293e-05 1.63524
462 1.06051e-05 2.19332e-05 3.52538 6.93079e-06 1.02244e-05 1.60523
463 1.04988e-05 2.29974e-05 3.69645 6.95005e-06 1.03446e-05 1.62363
464 1.05095e-05 2.27695e-05 3.6855 6.97852e-06 1.03209e-05 1.63472
465 1.03634e-05 2.34616e-05 3.81591 6.82535e-06 1.04924e-05 1.66479
466 1.05508e-05 2.28855e-05 3.71353 6.84753e-06 1.03364e-05 1.64577
467 1.04347e-05 2.50519e-05 4.05931 6.90828e-06 1.10135e-05 1.73086
468 1.04536e-05 2.29129e-05 3.73532 6.61461e-06 1.0316e-05 1.63061
469 1.06615e-05 2.27431e-05 3.70175 7.23459e-06 1.00539e-05 1.59847
470 1.029e-05 2.31601e-05 3.7108 6.71582e-06 1.05746e-05 1.68331
471 1.0634e-05 2.23725e-05 3.64053 6.79981e-06 1.00905e-05 1.59123
472 1.06522e-05 2.38729e-05 3.89443 6.81831e-06 1.059e-05 1.68991
473 1.04035e-05 2.23879e-05 3.65418 6.83916e-06 1.03566e-05 1.65037
474 1.07652e-05 2.2418e-05 3.60796 6.81161e-06 1.03037e-05 1.62252
475 1.05009e-05 2.33171e-05 3.72634 6.68553e-06 1.07303e-05 1.67179
476 1.03542e-05 2.21508e-05 3.56095 6.77176e-06 1.03806e-05 1.64938
477 1.06077e-05 2.26248e-05 3.63101 6.60105e-06 1.04648e-05 1.65238
478 1.02386e-05 2.32962e-05 3.79939 6.52277e-06 1.04115e-05 1.6287
479 1.09941e-05 2.19683e-05 3.51936 7.03168e-06 1.02451e-05 1.58561
480 1.00743e-05 2.30005e-05 3.70235 6.75593e-06 1.07059e-05 1.70085
481 1.03668e-05 2.23786e-05 3.57002 6.73838e-06 1.05445e-05 1.66214
482 1.05865e-05 2.1901e-05 3.51122 6.83981e-06 1.01548e-05 1.61128
483 1.04569e-05 2.24944e-05 3.60988 6.6913e-06 1.06519e-05 1.67851
484 1.03084e-05 2.2549e-05 3.66831 6.59006e-06 1.02253e-05 1.62958
485 1.02796e-05 2.25105e-05 3.60614 6.7058e-06 1.03376e-05 1.62525
486 1.06769e-05 2.26541e-05 3.61634 7.02357e-06 1.05255e-05 1.65457
487 1.09366e-05 2.14299e-05 3.45977 6.76575e-06 1.007e-05 1.5668
488 1.02433e-05 2.20962e-05 3.56968 6.68296e-06 1.01432e-05 1.61734
489 1.05666e-05 2.28327e-05 3.69209 6.75913e-06 1.02829e-05 1.61806
490 1.04622e-05 2.15499e-05 3.43112 6.71263e-06 1.01556e-05 1.60715
491 1.04368e-05 2.28249e-05 3.66406 6.72252e-06 1.02209e-05 1.59071
492 1.03426e-05 2.24633e-05 3.65231 6.86405e-06 1.01965e-05 1.62689
493 1.03192e-05 2.29804e-05 3.71816 6.62904e-06 1.04563e-05 1.64521
494 1.07178e-05 2.27214e-05 3.61922 7.03747e-06 1.0749e-05 1.69943
495 1.02748e-05 2.30237e-05 3.68574 6.47475e-06 1.05348e-05 1.65451
496 1.039e-05 2.25354e-05 3.63313 6.57423e-06 1.02081e-05 1.60053
497 1.03628e-05 2.32437e-05 3.71809 6.85732e-06 1.05384e-05 1.6554
498 1.04771e-05 2.22357e-05 3.57087 6.46981e-06 1.02512e-05 1.6058
499 1.05879e-05 2.19941e-05 3.53831 6.57969e-06 1.03575e-05 1.63864
500 1.02453e-05 2.29346e-05 3.71142 6.5747e-06 1.03957e-05 1.65409
501 1.01779e-05 2.19322e-05 3.51059 6.61313e-06 1.03658e-05 1.61914
502 1.07164e-05 2.27236e-05 3.60718 6.73014e-06 1.04288e-05 1.6298
503 1.0028e-05 2.20233e-05 3.53214 6.62114e-06 1.03681e-05 1.64335
504 1.0212e-05 2.27708e-05 3.65215 6.61086e-06 1.04839e-05 1.6427
505 1.02768e-05 2.25377e-05 3.61107 6.72706e-06 1.0313e-05 1.60992
506 1.01355e-05 2.20186e-05 3.5122 6.39128e-06 1.04384e-05 1.64174
507 1.00164e-05 2.25225e-05 3.64661 6.37866e-06 1.02639e-05 1.6398
508 1.00801e-05 2.36045e-05 3.79687 6.87491e-06 1.05938e-05 1.67896
509 1.04137e-05 2.15024e-05 3.45708 6.63398e-06 9.99681e-06 1.58643
510 1.04262e-05 2.14566e-05 3.40373 6.61628e-06 1.02033e-05 1.60433
511 1.03232e-05 2.29833e-05 3.68531 6.46307e-06 1.06001e-05 1.6593
512 1.02031e-05 2.27571e-05 3.62428 6.59071e-06 1.04023e-05 1.64038
513 1.03071e-05 2.29103e-05 3.67097 6.65223e-06 1.06419e-05 1.66624
514 1.01294e-05 2.30029e-05 3.70304 6.77428e-06 1.03579e-05 1.63083
515 9.98493e-06 2.25552e-05 3.60226 6.51222e-06 1.01216e-05 1.58126
516 9.92747e-06 2.34735e-05 3.7699 6.70917e-06 1.05719e-05 1.67464
517 1.03984e-05 2.2386e-05 3.59763 6.68796e-06 1.01279e-05 1.60259
518 1.03537e-05 2.26598e-05 3.64102 6.28995e-06 1.0185e-05 1.60385
519 1.02181e-05 2.21288e-05 3.54926 6.58809e-06 1.0255e-05 1.60153
520 1.04459e-05 2.24065e-05 3.6127 6.59796e-06 1.04062e-05 1.63604
521 1.02208e-05 2.18563e-05 3.47356 6.3724e-06 1.02212e-05 1.58802
522 1.0599e-05 2.26329e-05 3.68677 6.74168e-06 1.00879e-05 1.58544
523 1.08499e-05 2.18264e-05 3.45882 6.55544e-06 1.01999e-05 1.56502
524 1.0141e-05 2.25843e-05 3.59732 6.5127e-06 1.04777e-05 1.64328
525 9.98919e-06 2.34726e-05 3.77916 6.24119e-06 1.05353e-05 1.65928
526 9.79263e-06 2.31526e-05 3.64268 6.36266e-06 1.0519e-05 1.64467
527 9.795e-06 2.19195e-05 3.53765 6.59387e-06 1.02046e-05 1.62639
528 1.02877e-05 2.16306e-05 3.41994 6.36851e-06 1.02756e-05 1.59684
529 1.03521e-05 2.17495e-05 3.44833 6.57909e-06 1.03014e-05 1.61664
530 1.00756e-05 2.21447e-05 3.55493 6.26047e-06 1.02381e-05 1.60592
531 9.98147e-06 2.27045e-05 3.65295 6.58303e-06 1.03455e-05 1.62085
532 1.04279e-05 2.26755e-05 3.61672 6.52143e-06 1.05319e-05 1.64919
533 1.03052e-05 2.26939e-05 3.63307 6.28056e-06 1.05571e-05 1.63413
534 1.05359e-05 2.22196e-05 3.54047 6.79275e-06 1.04264e-05 1.62131
535 1.02359e-05 2.27893e-05 3.61647 6.26587e-06 1.03782e-05 1.58946
536 1.01962e-05 2.24194e-05 3.56573 6.44246e-06 1.07098e-05 1.67584
537 1.00657e-05 2.20568e-05 3.55908 6.38967e-06 1.01504e-05 1.60622
538 9.99211e-06 2.24905e-05 3.57289 6.53465e-06 1.01883e-05 1.57815
539 1.02357e-05 2.28738e-05 3.67177 6.35327e-06 1.01787e-05 1.59254
540 1.0008e-05 2.31907e-05 3.72337 6.48879e-06 1.0402e-05 1.63347
541 9.90494e-06 2.20987e-05 3.55268 6.41164e-06 1.02936e-05 1.6329
542 1.07115e-05 2.20254e-05 3.52645 6.42454e-06 1.01564e-05 1.58378
543 1.01159e-05 2.24239e-05 3.60984 6.63151e-06 1.02609e-05 1.60899
544 1.01744e-05 2.2644e-05 3.5849 6.2411e-06 1.03256e-05 1.59195
545 1.02342e-05 2.19387e-05 3.52424 6.29443e-06 1.01849e-05 1.60398
546 1.00866e-05 2.28413e-05 3.6594 6.09264e-06 1.05947e-05 1.6636
547 9.85411e-06 2.32962e-05 3.72578 6.34934e-06 1.04485e-05 1.63877
548 1.0154e-05 2.34054e-05 3.72979 6.49184e-06 1.05314e-05 1.63396
549 1.03247e-05 2.28143e-05 3.68153 6.54749e-06 1.0296e-05 1.60759
550 1.0037e-05 2.35565e-05 3.76393 6.60142e-06 1.06289e-05 1.65973
551 1.04174e-05 2.27484e-05 3.62637 6.52508e-06 1.04991e-05 1.62452
552 9.91123e-06 2.26457e-05 3.58754 6.35415e-06 1.04113e-05 1.61699
553 1.01859e-05 2.33069e-05 3.78911 6.4781e-06 1.02154e-05 1.60842
554 9.89622e-06 2.24651e-05 3.57586 6.49789e-06 1.05222e-05 1.65861
555 1.04462e-05 2.28481e-05 3.68788 6.36539e-06 1.02365e-05 1.58959
556 1.01069e-05 2.2081e-05 3.49119 6.40666e-06 1.01673e-05 1.57624
557 9.6853e-06 2.22593e-05 3.57308 5.98322e-06 1.0213e-05 1.6168
558 9.76347e-06 2.22849e-05 3.57286 6.19399e-06 1.03919e-05 1.63577
559 9.88117e-06 2.1877e-05 3.50008 6.21289e-06 1.0208e-05 1.58811
560 9.98323e-06 2.24683e-05 3.58355 6.53397e-06 1.0398e-05 1.62172
561 1.02439e-05 2.25173e-05 3.59236 6.49134e-06 1.02755e-05 1.57643
562 9.67029e-06 2.25616e-05 3.5694 6.28352e-06 1.05435e-05 1.65184
563 9.69724e-06 2.26564e-05 3.6085 6.15411e-06 1.03095e-05 1.61658
564 9.95966e-06 2.27611e-05 3.61942 6.25758e-06 1.05673e-05 1.66068
565 9.50375e-06 2.24868e-05 3.62234 6.38857e-06 1.03076e-05 1.6236
566 9.99099e-06 2.32431e-05 3.74436 6.35486e-06 1.05786e-05 1.67205
567 9.95321e-06 2.20629e-05 3.52538 6.04146e-06 1.01558e-05 1.588
568 9.9133e-06 2.28547e-05 3.64305 6.35334e-06 1.04552e-05 1.63286
569 1.02427e-05 2.16931e-05 3.45051 6.52507e-06 1.00165e-05 1.54419
570 1.00223e-05 2.25182e-05 3.5978 6.17791e-06 1.04719e-05 1.64218
571 9.83586e-06 2.28993e-05 3.64483 6.37379e-06 1.0451e-05 1.65042
572 9.8958e-06 2.24644e-05 3.56388 5.88709e-06 1.05342e-05 1.63259
573 9.83977e-06 2.24083e-05 3.55399 6.33213e-06 1.05294e-05 1.66006
574 1.02462e-05 2.21253e-05 3.5137 6.24643e-06 1.01731e-05 1.56446
575 9.91431e-06 2.31375e-05 3.69579 6.1273e-06 1.05332e-05 1.64176
576 9.98219e-06 2.21627e-05 3.51152 6.38143e-06 1.00773e-05 1.54521
577 1.00669e-05 2.22278e-05 3.51976 6.13285e-06 1.03265e-05 1.5932
578 9.5058e-06 2.24479e-05 3.5674 6.23994e-06 1.0377e-05 1.63702
579 9.90378e-06 2.18956e-05 3.50312 6.18098e-06 1.03205e-05 1.6246
580 9.66858e-06 2.24243e-05 3.59944 6.01198e-06 1.04346e-05 1.65034
581 9.73108e-06 2.21677e-05 3.54084 6.07981e-06 1.01857e-05 1.59098
582 1.01846e-05 2.1863e-05 3.44632 6.30564e-06 1.03746e-05 1.60058
583 9.84701e-06 2.28448e-05 3.67121 6.17114e-06 1.03871e-05 1.63742
584 9.92073e-06 2.32936e-05 3.68833 6.15791e-06 1.06705e-05 1.6593
585 9.65664e-06 2.36181e-05 3.73908 6.0985e-06 1.0885e-05 1.70878
586 9.63358e-06 2.23205e-05 3.53866 6.02055e-06 1.02715e-05 1.62779
587 9.97762e-06 2.31704e-05 3.69237 6.1543e-06 1.04062e-05 1.6122
588 9.93089e-06 2.28703e-05 3.61885 6.26844e-06 1.02024e-05 1.60194
589 9.79773e-06 2.18955e-05 3.45041 6.22571e-06 9.96298e-06 1.52574
590 9.84948e-06 2.2547e-05 3.56344 6.25378e-06 1.03432e-05 1.60539
591 9.73756e-06 2.20711e-05 3.48858 6.16258e-06 1.03035e-05 1.60511
592 9.6007e-06 2.31389e-05 3.66268 6.09684e-06 1.02574e-05 1.56576
593 9.75014e-06 2.19441e-05 3.45591 6.17033e-06 1.02092e-05 1.57787
594 9.95821e-06 2.22027e-05 3.53431 6.02252e-06 1.00889e-05 1.55352
595 1.00387e-05 2.27619e-05 3.6116 5.89185e-06 1.04723e-05 1.60279
596 1.00268e-05 2.29942e-05 3.65899 6.37002e-06 1.03744e-05 1.60734
597 9.96116e-06 2.21073e-05 3.54181 6.31558e-06 1.01053e-05 1.57109
598 9.7772e-06 2.24934e-05 3.58249 6.20136e-06 1.01375e-05 1.57193
599 9.70933e-06 2.22429e-05 3.51719 6.26049e-06 1.01817e-05 1.59129
600 9.40703e-06 2.24827e-05 3.58398 5.99527e-06 1.00479e-05 1.56245
601 9.70957e-06 2.35747e-05 3.77924 5.87206e-06 1.02383e-05 1.59061
602 9.21897e-06 2.15038e-05 3.41247 6.11858e-06 1.02323e-05 1.63007
603 9.48287e-06 2.29106e-05 3.64791 6.06498e-06 1.03465e-05 1.62836
604 9.67257e-06 2.41659e-05 3.85363 6.05112e-06 1.06004e-05 1.6501
605 9.8668e-06 2.19879e-05 3.45916 6.08675e-06 1.02265e-05 1.56085
606 9.82719e-06 2.22658e-05 3.51446 6.06892e-06 1.02214e-05 1.58076
607 9.86008e-06 2.25879e-05 3.59805 5.96896e-06 1.01492e-05 1.57348
608 9.74588e-06 2.19643e-05 3.46887 6.13276e-06 1.04145e-05 1.60604
609 9.88303e-06 2.35556e-05 3.70922 6.07391e-06 1.04916e-05 1.61382
610 9.86849e-06 2.34059e-05 3.7021 6.11642e-06 1.06065e-05 1.64665
611 9.68335e-06 2.26381e-05 3.58371 6.05702e-06 1.04983e-05 1.64117
612 1.03864e-05 2.24952e-05 3.56682 6.36395e-06 1.04431e-05 1.6176
613 9.88111e-06 2.28354e-05 3.5958 6.22711e-06 1.02637e-05 1.56657
614 9.60957e-06 2.26287e-05 3.59885 5.99729e-06 1.04166e-05 1.62708
615 9.489e-06 2.25969e-05 3.59901 5.96732e-06 1.01851e-05 1.59276
616 9.77873e-06 2.32142e-05 3.71199 6.02903e-06 1.04328e-05 1.61622
617 9.3063e-06 2.32877e-05 3.68714 5.95686e-06 1.06695e-05 1.66688
618 9.74491e-06 2.25125e-05 3.58766 6.20707e-06 1.03632e-05 1.60915
619 9.38146e-06 2.32952e-05 3.72549 5.90273e-06 1.0489e-05 1.64167
620 9.90744e-06 2.21528e-05 3.53072 5.97743e-06 1.00989e-05 1.55329
621 9.10851e-06 2.30448e-05 3.65998 5.81759e-06 1.06118e-05 1.66582
622 9.68081e-06 2.22093e-05 3.48068 5.93233e-06 1.01545e-05 1.55193
623 9.3268e-06 2.25786e-05 3.55759 5.96899e-06 1.04148e-05 1.62803
624 9.88812e-06 2.19646e-05 3.49719 5.85908e-06 9.98011e-06 1.54281
625 9.86142e-06 2.13562e-05 3.39839 5.8797e-06 9.79673e-06 1.51842
626 9.32558e-06 2.25638e-05 3.60635 5.82765e-06 1.01489e-05 1.57691
627 9.46828e-06 2.22754e-05 3.50915 5.75126e-06 1.03309e-05 1.61412
628 9.48581e-06 2.30055e-05 3.63975 5.65403e-06 1.03721e-05 1.59752
629 9.66969e-06 2.25771e-05 3.55485 5.99147e-06 1.04945e-05 1.63522
630 9.59812e-06 2.2609e-05 3.57194 5.92765e-06 1.04421e-05 1.61382
631 9.37437e-06 2.22146e-05 3.49758 5.78427e-06 1.03035e-05 1.59584
632 1.00563e-05 2.2128e-05 3.4648 5.91174e-06 1.01661e-05 1.54162
633 9.52364e-06 2.17731e-05 3.4358 6.1891e-06 1.00932e-05 1.56834
634 9.68022e-06 2.28024e-05 3.62543 5.93309e-06 1.04144e-05 1.62811
635 9.39766e-06 2.29505e-05 3.62245 6.14805e-06 1.05741e-05 1.65938
636 9.74781e-06 2.20676e-05 3.47125 5.75151e-06 1.03516e-05 1.59158
637 9.62642e-06 2.36359e-05 3.77418 6.13045e-06 1.03556e-05 1.61269
638 9.53003e-06 2.248e-05 3.54879 6.06198e-06 1.01418e-05 1.57508
639 9.53159e-06 2.2478e-05 3.56567 5.73534e-06 1.06097e-05 1.67182
640 9.52965e-06 2.24191e-05 3.52998 5.75315e-06 1.04057e-05 1.60647
641 9.50742e-06 2.24873e-05 3.55669 6.00055e-06 1.048e-05 1.62327
642 9.60339e-06 2.19638e-05 3.47927 5.91941e-06 1.00144e-05 1.54357
643 9.15719e-06 2.22484e-05 3.49709 5.80012e-06 1.02775e-05 1.6048
644 9.4453e-06 2.243e-05 3.55554 5.9353e-06 1.05737e-05 1.66149
645 9.5794e-06 2.20991e-05 3.46376 5.81446e-06 1.04182e-05 1.60115
646 9.67417e-06 2.20379e-05 3.49749 5.87778e-06 1.03784e-05 1.63464
647 9.40539e-06 2.1996e-05 3.45387 5.54574e-06 1.02345e-05 1.56823
648 9.42293e-06 2.20919e-05 3.47305 5.84188e-06 1.03902e-05 1.61662
649 9.46446e-06 2.28001e-05 3.59888 5.78689e-06 1.0399e-05 1.61235
650 9.52658e-06 2.22444e-05 3.54677 6.085e-06 1.05696e-05 1.66765
651 9.39174e-06 2.2517e-05 3.58375 5.54843e-06 1.03186e-05 1.60042
652 9.15414e-06 2.32962e-05 3.67086 5.68809e-06 1.04685e-05 1.63385
653 9.4598e-06 2.19752e-05 3.46317 5.78687e-06 9.95022e-06 1.53573
654 9.0499e-06 2.22571e-05 3.5451 5.71651e-06 1.01716e-05 1.57618
655 9.50918e-06 2.28112e-05 3.58132 5.64454e-06 1.04976e-05 1.61864
656 9.3849e-06 2.19157e-05 3.44838 5.6322e-06 1.03002e-05 1.59083
657 9.54904e-06 2.27213e-05 3.52787 5.87153e-06 1.05361e-05 1.62446
658 9.58538e-06 2.29364e-05 3.62194 5.93136e-06 1.03547e-05 1.61127
659 9.25277e-06 2.27535e-05 3.6096 5.79268e-06 1.02689e-05 1.59378
660 9.3294e-06 2.32153e-05 3.67816 5.8626e-06 1.0363e-05 1.59921
661 9.18965e-06 2.32578e-05 3.672 5.74083e-06 1.06283e-05 1.63671
662 9.46524e-06 2.18559e-05 3.45263 5.78255e-06 1.02607e-05 1.60416
663 9.55997e-06 2.18319e-05 3.44298 5.66252e-06 1.02943e-05 1.58601
664 9.62744e-06 2.18715e-05 3.43721 5.88163e-06 1.00272e-05 1.54764
665 9.30886e-06 2.30191e-05 3.65927 5.78032e-06 1.01403e-05 1.55689
666 9.29622e-06 2.26862e-05 3.57563 5.9212e-06 1.03945e-05 1.60712
667 9.51186e-06 2.17274e-05 3.41163 5.64531e-06 1.01686e-05 1.57509
668 9.4766e-06 2.27298e-05 3.55637 5.75846e-06 1.04662e-05 1.60245
669 9.38357e-06 2.21299e-05 3.47649 5.65936e-06 1.02683e-05 1.58544
670 9.70907e-06 2.24069e-05 3.51204 5.87632e-06 1.03898e-05 1.58168
671 9.14097e-06 2.14889e-05 3.38897 5.61887e-06 1.00974e-05 1.57687
672 9.70029e-06 2.1869e-05 3.43766 5.94909e-06 1.0259e-05 1.58754
673 9.54622e-06 2.26905e-05 3.56232 5.89345e-06 1.02698e-05 1.58055
674 9.53128e-06 2.25084e-05 3.53729 5.57264e-06 1.04442e-05 1.6195
675 9.60722e-06 2.1853e-05 3.43697 5.632e-06 1.03316e-05 1.60126
676 9.29774e-06 2.24549e-05 3.54674 5.64968e-06 1.03122e-05 1.59587
677 9.37186e-06 2.21177e-05 3.48719 5.68759e-06 1.01849e-05 1.57944
678 9.61934e-06 2.22575e-05 3.47356 5.79618e-06 1.05299e-05 1.61891
679 9.21207e-06 2.23678e-05 3.53249 5.55878e-06 1.03956e-05 1.63271
680 9.30771e-06 2.26806e-05 3.57909 5.62906e-06 1.0188e-05 1.56398
681 9.28885e-06 2.19045e-05 3.47247 5.56779e-06 9.94577e-06 1.53737
682 9.21592e-06 2.19038e-05 3.43032 5.59024e-06 1.02443e-05 1.58845
683 9.43676e-06 2.23238e-05 3.51166 5.87478e-06 1.0216e-05 1.57851
684 9.1018e-06 2.2751e-05 3.56312 5.56147e-06 1.03937e-05 1.59781
685 9.42011e-06 2.31762e-05 3.62317 5.71207e-06 1.04473e-05 1.58985
686 9.50316e-06 2.20333e-05 3.46044 5.5572e-06 1.00855e-05 1.54049
687 9.41501e-06 2.17345e-05 3.39908 5.66825e-06 1.0247e-05 1.57457
688 9.59733e-06 2.20445e-05 3.43666 5.60234e-06 1.01292e-05 1.55293
689 8.9234e-06 2.25306e-05 3.54582 5.58286e-06 1.041e-05 1.62847
690 9.49556e-06 2.23492e-05 3.516 5.76571e-06 1.03272e-05 1.59483
691 9.07671e-06 2.27386e-05 3.60061 5.87548e-06 1.05003e-05 1.62616
692 9.26059e-06 2.255e-05 3.56981 5.52875e-06 1.04328e-05 1.61418
693 9.57029e-06 2.22236e-05 3.45999 5.68076e-06 1.05567e-05 1.61925
694 9.64916e-06 2.24353e-05 3.50676 5.75762e-06 1.02932e-05 1.57738
695 9.13865e-06 2.24945e-05 3.55263 5.55283e-06 1.03612e-05 1.61492
696 9.2768e-06 2.18268e-05 3.46137 5.66302e-06 1.0217e-05 1.60052
697 9.14589e-06 2.2794e-05 3.61529 5.80139e-06 1.0471e-05 1.6477
698 9.46622e-06 2.20941e-05 3.48242 5.64567e-06 1.00412e-05 1.54812
699 9.27735e-06 2.28066e-05 3.56517 5.67215e-06 1.04557e-05 1.60188
700 9.28002e-06 2.1637e-05 3.42784 5.60297e-06 1.0123e-05 1.56646
701 9.15963e-06 2.23561e-05 3.51241 5.39283e-06 1.0312e-05 1.6029
702 9.18513e-06 2.24885e-05 3.5908 5.6134e-06 1.00877e-05 1.56544
703 9.95212e-06 2.23272e-05 3.46693 5.59808e-06 1.0641e-05 1.62541
704 9.42745e-06 2.22346e-05 3.50692 5.63466e-06 1.04081e-05 1.61367
705 9.32165e-06 2.20477e-05 3.44981 5.58652e-06 1.05315e-05 1.62865
706 9.04026e-06 2.26252e-05 3.56884 5.52118e-06 1.0354e-05 1.60615
707 9.25744e-06 2.25987e-05 3.58225 5.63569e-06 1.02605e-05 1.60523
708 9.25507e-06 2.19584e-05 3.44179 5.43082e-06 1.00128e-05 1.52839
709 9.15797e-06 2.11739e-05 3.31457 5.2708e-06 1.00626e-05 1.57148
710 9.02446e-06 2.28154e-05 3.55616 5.43361e-06 1.03444e-05 1.58043
711 9.50815e-06 2.25515e-05 3.52939 5.49804e-06 1.05755e-05 1.61392
712 8.79941e-06 2.2639e-05 3.55501 5.41091e-06 1.03964e-05 1.60503
713 9.25876e-06 2.14645e-05 3.39129 5.62296e-06 1.00397e-05 1.56972
714 9.16841e-06 2.25558e-05 3.59266 5.66779e-06 1.0312e-05 1.61345
715 8.95689e-06 2.17941e-05 3.43125 5.45391e-06 1.00541e-05 1.56403
716 9.53267e-06 2.16109e-05 3.35718 5.74198e-06 1.03582e-05 1.59602
717 9.08902e-06 2.28538e-05 3.5786 5.58461e-06 1.03104e-05 1.58354
718 9.15796e-06 2.23542e-05 3.53166 5.62051e-06 1.03041e-05 1.58833
719 8.93632e-06 2.28548e-05 3.57598 5.60692e-06 1.0481e-05 1.62985
720 9.24356e-06 2.2363e-05 3.51443 5.52826e-06 1.02897e-05 1.5882
721 8.7602e-06 2.22526e-05 3.51366 5.56738e-06 1.01743e-05 1.60004
722 9.38334e-06 2.31211e-05 3.60969 5.58177e-06 1.04545e-05 1.59748
723 8.99962e-06 2.22264e-05 3.4769 5.30905e-06 1.02045e-05 1.568
724 8.76842e-06 2.31906e-05 3.64859 5.41677e-06 1.05527e-05 1.63208
725 9.35371e-06 2.23125e-05 3.4778 5.3253e-06 1.03379e-05 1.5953
726 9.44274e-06 2.11208e-05 3.28151 5.51551e-06 1.01422e-05 1.56609
727 9.45405e-06 2.22443e-05 3.45634 5.51889e-06 1.02561e-05 1.5536
728 9.10635e-06 2.22181e-05 3.48153 5.50197e-06 1.01811e-05 1.57104
729 8.63398e-06 2.33151e-05 3.70533 5.38118e-06 1.0309e-05 1.60826
730 9.69878e-06 2.16233e-05 3.36596 5.75154e-06 1.0044e-05 1.52878
731 9.46388e-06 2.22028e-05 3.43043 5.31799e-06 1.04899e-05 1.614
732 9.31197e-06 2.1866e-05 3.41951 5.62871e-06 1.03282e-05 1.58151
733 9.20357e-06 2.26053e-05 3.54586 5.47901e-06 1.05148e-05 1.63564
734 9.04853e-06 2.20161e-05 3.43701 5.39338e-06 1.03441e-05 1.60081
735 8.948e-06 2.23838e-05 3.52552 5.23847e-06 1.01811e-05 1.57079
736 8.94544e-06 2.23758e-05 3.53209 5.47166e-06 1.04049e-05 1.61463
737 9.02713e-06 2.2549e-05 3.50888 5.47415e-06 1.00487e-05 1.55775
738 9.23879e-06 2.16984e-05 3.40685 5.61003e-06 9.94008e-06 1.53474
739 9.19579e-06 2.28678e-05 3.6026 5.75095e-06 1.01448e-05 1.55105
740 8.89266e-06 2.27068e-05 3.58941 5.41354e-06 1.00386e-05 1.54869
741 9.19305e-06 2.22803e-05 3.48868 5.6364e-06 1.0278e-05 1.59421
742 9.2137e-06 2.19094e-05 3.40054 5.45563e-06 1.02496e-05 1.57245
743 9.37205e-06 2.1259e-05 3.32677 5.53364e-06 9.96955e-06 1.5306
744 9.15746e-06 2.28096e-05 3.55249 5.44384e-06 1.03921e-05 1.6056
745 8.84396e-06 2.20637e-05 3.44862 5.53322e-06 1.02263e-05 1.58334
746 9.15713e-06 2.15571e-05 3.37795 5.28838e-06 1.01751e-05 1.57219
747 9.20502e-06 2.22248e-05 3.47938 5.48806e-06 1.01937e-05 1.56645
748 9.34333e-06 2.16544e-05 3.36061 5.41095e-06 1.04321e-05 1.60677
749 9.2076e-06 2.15242e-05 3.346 5.32692e-06 9.94766e-06 1.52256
750 9.14086e-06 2.17671e-05 3.38795 5.24964e-06 1.02875e-05 1.57128
751 8.80508e-06 2.28957e-05 3.61 5.51637e-06 1.0271e-05 1.5963
752 9.43987e-06 2.21955e-05 3.47013 5.65872e-06 1.03887e-05 1.58672
753 8.71564e-06 2.18605e-05 3.39497 5.36382e-06 1.02446e-05 1.5884
754 9.14049e-06 2.20383e-05 3.46746 5.34651e-06 1.01786e-05 1.56617
755 9.3382e-06 2.25771e-05 3.53913 5.43224e-06 1.02067e-05 1.54882
756 8.98796e-06 2.27847e-05 3.56991 5.24717e-06 1.03935e-05 1.60339
757 8.93496e-06 2.32138e-05 3.64577 5.39668e-06 1.03736e-05 1.60343
758 9.18532e-06 2.30066e-05 3.61693 5.3545e-06 1.00298e-05 1.51131
759 9.22167e-06 2.24776e-05 3.51231 5.40408e-06 1.04235e-05 1.58685
760 9.11363e-06 2.22039e-05 3.47643 5.43036e-06 1.02394e-05 1.57008
761 9.04459e-06 2.238e-05 3.50933 5.44743e-06 1.02532e-05 1.5917
762 9.24759e-06 2.20166e-05 3.44045 5.23757e-06 1.0575e-05 1.64046
763 9.3633e-06 2.2278e-05 3.45007 5.42029e-06 1.04228e-05 1.58438
764 9.33954e-06 2.2001e-05 3.42221 5.39248e-06 1.01656e-05 1.54322
765 9.23044e-06 2.22323e-05 3.50216 5.52808e-06 9.9492e-06 1.5255
766 9.35281e-06 2.26013e-05 3.53857 5.54924e-06 1.0182e-05 1.56096
767 8.93193e-06 2.27576e-05 3.57981 5.69241e-06 1.0259e-05 1.58643
768 8.63733e-06 2.25247e-05 3.5234 5.28034e-06 1.02139e-05 1.5848
769 8.95711e-06 2.3045e-05 3.58912 5.31571e-06 1.03241e-05 1.58226
770 9.06965e-06 2.25723e-05 3.51677 5.21894e-06 1.03074e-05 1.56275
771 9.25001e-06 2.31613e-05 3.6379 5.26966e-06 1.05687e-05 1.62196
772 8.95105e-06 2.20375e-05 3.4202 5.41088e-06 1.01487e-05 1.55775
773 8.80651e-06 2.26454e-05 3.52357 5.29777e-06 1.03679e-05 1.59779
774 8.92378e-06 2.29453e-05 3.60214 5.28868e-06 1.05158e-05 1.6349
775 9.13153e-06 2.15153e-05 3.34878 5.27618e-06 1.03066e-05 1.58316
776 8.42951e-06 2.34417e-05 3.6875 5.18812e-06 1.03514e-05 1.59933
777 9.00018e-06 2.27133e-05 3.54931 5.24093e-06 1.04208e-05 1.59769
778 9.04272e-06 2.20663e-05 3.4648 5.27937e-06 1.02339e-05 1.59269
779 8.91516e-06 2.25636e-05 3.53502 5.21777e-06 1.04347e-05 1.60696
780 9.0626e-06 2.24077e-05 3.481 5.34712e-06 1.02342e-05 1.56319
781 8.7384e-06 2.20502e-05 3.40809 5.08599e-06 1.03023e-05 1.58642
782 9.0255e-06 2.24273e-05 3.50983 5.29401e-06 1.02973e-05 1.58538
783 9.2227e-06 2.25685e-05 3.4862 5.51472e-06 1.02545e-05 1.55289
784 9.2562e-06 2.25677e-05 3.52275 5.23012e-06 1.03477e-05 1.58242
785 9.03933e-06 2.17911e-05 3.40319 5.3664e-06 1.01285e-05 1.56583
786 9.17664e-06 2.1583e-05 3.30619 5.4019e-06 1.02584e-05 1.57746
787 8.9462e-06 2.18521e-05 3.42284 5.44988e-06 1.0072e-05 1.5516
788 8.8861e-06 2.2789e-05 3.54133 5.12108e-06 1.04009e-05 1.59856
789 8.96714e-06 2.24725e-05 3.50803 5.33417e-06 1.01364e-05 1.57437
790 9.23029e-06 2.21938e-05 3.43137 5.18929e-06 1.05622e-05 1.62384
791 9.0148e-06 2.18813e-05 3.39421 5.4613e-06 1.04114e-05 1.59921
792 8.77042e-06 2.24895e-05 3.52022 5.31624e-06 1.01245e-05 1.55093
793 9.09584e-06 2.23198e-05 3.44073 5.34406e-06 1.08511e-05 1.66418
794 9.25854e-06 2.17772e-05 3.34436 5.14352e-06 1.02122e-05 1.55392
795 8.78954e-06 2.28625e-05 3.58765 5.27934e-06 1.04812e-05 1.63116
796 8.75051e-06 2.29891e-05 3.61687 5.31192e-06 1.00847e-05 1.55743
797 9.0339e-06 2.20925e-05 3.42569 5.27447e-06 1.03906e-05 1.59211
798 9.12654e-06 2.20894e-05 3.43712 5.26511e-06 1.02221e-05 1.55092
799 9.05067e-06 2.16392e-05 3.36174 5.3205e-06 1.00708e-05 1.54566
800 8.68772e-06 2.24088e-05 3.48773 5.16458e-06 1.02221e-05 1.57463
801 8.89396e-06 2.21642e-05 3.44043 5.18861e-06 1.04676e-05 1.61395
802 8.82221e-06 2.19597e-05 3.41329 5.56343e-06 1.00923e-05 1.54123
803 9.15417e-06 2.22574e-05 3.44866 5.1299e-06 1.03418e-05 1.58216
804 9.06511e-06 2.21158e-05 3.42503 5.2502e-06 1.00297e-05 1.52814
805 8.71799e-06 2.28246e-05 3.5371 5.35667e-06 1.02779e-05 1.57707
806 8.99973e-06 2.24646e-05 3.51824 5.37387e-06 1.03253e-05 1.57718
807 9.03797e-06 2.20585e-05 3.41696 5.21277e-06 1.03109e-05 1.56612
808 9.04888e-06 2.24862e-05 3.54065 5.25824e-06 1.03981e-05 1.61191
809 8.91712e-06 2.16233e-05 3.33215 5.24345e-06 1.02967e-05 1.58352
810 8.72325e-06 2.16086e-05 3.3569 4.83083e-06 1.01735e-05 1.57361
811 8.78328e-06 2.24603e-05 3.49802 5.14411e-06 1.02476e-05 1.55748
812 9.03164e-06 2.22258e-05 3.44978 5.07558e-06 1.04001e-05 1.59082
813 8.91228e-06 2.28307e-05 3.54574 5.27016e-06 1.03882e-05 1.59209
814 8.99208e-06 2.37757e-05 3.72461 5.25945e-06 1.05529e-05 1.59713
815 9.11708e-06 2.27197e-05 3.51272 5.34166e-06 1.05411e-05 1.59731
816 8.91198e-06 2.31789e-05 3.62306 5.25735e-06 1.05078e-05 1.63062
817 8.59093e-06 2.27458e-05 3.53901 5.06095e-06 1.04106e-05 1.60811
818 9.12895e-06 2.13698e-05 3.3133 5.48841e-06 9.94199e-06 1.5184
819 8.56007e-06 2.26757e-05 3.54649 5.2643e-06 1.03843e-05 1.59908
820 9.13086e-06 2.12568e-05 3.27605 5.06785e-06 1.01075e-05 1.54586
821 8.9191e-06 2.24059e-05 3.48113 5.01787e-06 1.03113e-05 1.57391
822 8.90617e-06 2.33586e-05 3.63502 5.20322e-06 1.0553e-05 1.60296
823 8.99381e-06 2.13061e-05 3.28128 5.08061e-06 1.01629e-05 1.54244
824 8.9834e-06 2.19651e-05 3.40024 5.15965e-06 1.01099e-05 1.54367
825 9.03947e-06 2.31688e-05 3.62365 5.11725e-06 1.03216e-05 1.56982
826 8.69689e-06 2.24165e-05 3.485 5.14631e-06 1.03273e-05 1.58672
827 8.55914e-06 2.36052e-05 3.69166 5.26119e-06 1.03706e-05 1.57581
828 8.91382e-06 2.17518e-05 3.36493 4.99281e-06 1.0214e-05 1.54117
829 9.10331e-06 2.32555e-05 3.61642 5.19615e-06 1.05265e-05 1.59425
830 8.72464e-06 2.10329e-05 3.27228 5.03587e-06 9.85416e-06 1.51131
831 9.04304e-06 2.26112e-05 3.5377 5.24944e-06 1.02243e-05 1.56284
832 9.11148e-06 2.1912e-05 3.43228 5.26062e-06 1.01461e-05 1.55614
833 9.13127e-06 2.24488e-05 3.50878 5.24351e-06 1.02541e-05 1.56092
834 8.77188e-06 2.20622e-05 3.42158 5.05299e-06 1.01397e-05 1.55025
835 9.22193e-06 2.22696e-05 3.43559 5.13484e-06 1.02543e-05 1.55337
836 8.58717e-06 2.24793e-05 3.51132 4.90049e-06 1.02894e-05 1.57643
837 9.00869e-06 2.23289e-05 3.47073 5.1102e-06 1.01606e-05 1.56032
838 8.79917e-06 2.21903e-05 3.42093 5.09731e-06 1.03192e-05 1.57424
839 8.73453e-06 2.24169e-05 3.48333 5.18586e-06 1.04532e-05 1.60769
840 9.12616e-06 2.20198e-05 3.47014 5.25613e-06 1.02139e-05 1.57907
841 8.84828e-06 2.25756e-05 3.4848 5.17736e-06 1.02745e-05 1.56709
842 8.74569e-06 2.21937e-05 3.43443 4.98536e-06 1.01978e-05 1.55473
843 8.72229e-06 2.23847e-05 3.49638 4.99932e-06 1.02081e-05 1.56818
844 8.52334e-06 2.28306e-05 3.57845 5.14046e-06 1.05304e-05 1.64511
845 8.76666e-06 2.23481e-05 3.45204 4.95078e-06 1.03942e-05 1.58829
846 9.07984e-06 2.23035e-05 3.46945 5.30757e-06 1.0416e-05 1.5895
847 8.98715e-06 2.15884e-05 3.34691 5.02438e-06 1.02252e-05 1.56545
848 8.90265e-06 2.17897e-05 3.37995 4.99666e-06 1.03774e-05 1.57979
849 8.76666e-06 2.19055e-05 3.40635 5.08562e-06 1.00873e-05 1.54606
850 8.92949e-06 2.23832e-05 3.51004 4.96086e-06 1.02609e-05 1.56699
851 8.54477e-06 2.25724e-05 3.53492 5.25586e-06 1.02525e-05 1.58618
852 8.94546e-06 2.26253e-05 3.54512 5.05282e-06 1.01033e-05 1.52396
853 8.5546e-06 2.2253e-05 3.49372 4.87412e-06 9.96771e-06 1.54118
854 8.59429e-06 2.30763e-05 3.60055 5.00561e-06 1.03755e-05 1.58849
855 8.70709e-06 2.28713e-05 3.55322 5.09796e-06 1.02649e-05 1.57406
856 8.80196e-06 2.24521e-05 3.51971 5.11639e-06 1.02911e-05 1.59084
857 8.91058e-06 2.31835e-05 3.60976 5.14756e-06 1.06947e-05 1.63354
858 8.66631e-06 2.22433e-05 3.45908 5.05887e-06 1.03259e-05 1.59064
859 8.76079e-06 2.13109e-05 3.28412 5.14159e-06 1.00851e-05 1.55055
860 8.72314e-06 2.27145e-05 3.53903 5.21146e-06 1.0345e-05 1.5903
861 8.89187e-06 2.22779e-05 3.44265 5.04795e-06 1.00013e-05 1.49642
862 8.55253e-06 2.30482e-05 3.60636 5.21931e-06 1.0472e-05 1.61912
863 8.69889e-06 2.25298e-05 3.49923 5.32188e-06 1.01987e-05 1.55869
864 8.76234e-06 2.27501e-05 3.54508 5.18771e-06 1.04796e-05 1.6064
865 8.92736e-06 2.21257e-05 3.41743 5.1833e-06 1.02378e-05 1.55134
866 8.9345e-06 2.17271e-05 3.35522 5.10834e-06 1.02685e-05 1.57218
867 8.74844e-06 2.27337e-05 3.52693 5.08798e-06 1.04489e-05 1.61291
868 8.79415e-06 2.19277e-05 3.36632 4.88066e-06 1.02028e-05 1.54279
869 8.81407e-06 2.24127e-05 3.51183 5.03913e-06 1.03448e-05 1.59001
870 8.75363e-06 2.26159e-05 3.50962 4.86152e-06 1.03465e-05 1.58465
871 8.65991e-06 2.26322e-05 3.55435 5.09811e-06 1.02604e-05 1.58414
872 8.79319e-06 2.19487e-05 3.40383 4.98043e-06 1.00351e-05 1.52808
873 8.50547e-06 2.28709e-05 3.55087 4.84425e-06 1.04542e-05 1.59136
874 8.60594e-06 2.2037e-05 3.43034 5.08108e-06 1.00868e-05 1.55364
875 8.92671e-06 2.11761e-05 3.27138 4.93283e-06 9.98584e-06 1.52059
876 8.91981e-06 2.14468e-05 3.29277 4.8685e-06 1.03895e-05 1.58589
877 8.84207e-06 2.31807e-05 3.60599 4.95255e-06 1.05456e-05 1.59611
878 9.01921e-06 2.20115e-05 3.37852 5.14879e-06 1.04484e-05 1.59069
879 8.81039e-06 2.17614e-05 3.33855 4.97779e-06 1.01905e-05 1.54909
880 8.6908e-06 2.25273e-05 3.50363 5.17372e-06 1.03737e-05 1.59418
881 8.56983e-06 2.26707e-05 3.52331 4.93916e-06 1.03084e-05 1.59318
882 9.2165e-06 2.2028e-05 3.39502 5.09396e-06 1.02608e-05 1.55468
883 8.64944e-06 2.27121e-05 3.50703 5.01066e-06 1.0538e-05 1.61419
884 8.9026e-06 2.21755e-05 3.43386 4.96391e-06 1.02514e-05 1.55557
885 8.84348e-06 2.24381e-05 3.48863 5.10913e-06 1.03146e-05 1.58266
886 8.64721e-06 2.19996e-05 3.41032 5.08481e-06 1.00771e-05 1.54437
887 8.69561e-06 2.28843e-05 3.55939 5.34345e-06 1.0262e-05 1.58375
888 8.90148e-06 2.22777e-05 3.43007 4.89915e-06 1.03529e-05 1.57811
889 8.73956e-06 2.1787e-05 3.3467 4.76519e-06 1.0089e-05 1.53277
890 8.63965e-06 2.25406e-05 3.50527 4.84636e-06 1.04272e-05 1.59763
891 8.25133e-06 2.31755e-05 3.62099 4.97987e-06 1.05043e-05 1.63058
892 8.75689e-06 2.28666e-05 3.54445 5.18612e-06 1.04742e-05 1.59248
893 8.54105e-06 2.19747e-05 3.44035 4.86768e-06 1.03452e-05 1.60419
894 8.39232e-06 2.27056e-05 3.53492 4.86146e-06 1.01285e-05 1.551
895 8.72636e-06 2.20552e-05 3.43289 4.985e-06 1.02933e-05 1.56711
896 8.4967e-06 2.22821e-05 3.45694 4.98301e-06 1.03381e-05 1.6068
897 8.9435e-06 2.25876e-05 3.50459 4.82102e-06 1.04285e-05 1.59702
898 8.31708e-06 2.316e-05 3.60767 4.84902e-06 1.02887e-05 1.57401
899 8.77927e-06 2.2154e-05 3.3954 4.87145e-06 1.02139e-05 1.53984
900 8.54912e-06 2.25443e-05 3.46271 4.82395e-06 1.03846e-05 1.5798
901 8.65381e-06 2.22087e-05 3.46719 5.02846e-06 1.01369e-05 1.56272
902 8.79159e-06 2.21095e-05 3.40325 4.85269e-06 1.01545e-05 1.54962
903 8.72674e-06 2.21513e-05 3.43987 4.9154e-06 1.03152e-05 1.57679
904 8.69119e-06 2.18775e-05 3.40605 4.89482e-06 1.0272e-05 1.58766
905 8.52953e-06 2.17608e-05 3.36564 4.94444e-06 1.0519e-05 1.61679
906 8.55059e-06 2.23067e-05 3.44468 5.00893e-06 1.01271e-05 1.55395
907 8.69762e-06 2.19705e-05 3.38073 4.84451e-06 1.02731e-05 1.56809
908 8.32303e-06 2.23176e-05 3.4685 4.81632e-06 1.03667e-05 1.6099
909 8.69583e-06 2.26636e-05 3.48893 4.89746e-06 1.04159e-05 1.59283
910 8.44195e-06 2.29549e-05 3.56059 4.99718e-06 1.05025e-05 1.61194
911 8.55806e-06 2.23808e-05 3.4664 4.97659e-06 1.02076e-05 1.5748
912 8.66522e-06 2.20999e-05 3.39616 4.72959e-06 1.02311e-05 1.56022
913 8.71042e-06 2.12534e-05 3.27708 4.94001e-06 9.97204e-06 1.52155
914 8.83497e-06 2.23614e-05 3.46482 4.85373e-06 1.03334e-05 1.56481
915 8.67139e-06 2.26664e-05 3.51921 5.00205e-06 1.03302e-05 1.58295
916 8.57501e-06 2.23381e-05 3.4482 4.89691e-06 1.03033e-05 1.57424
917 9.02972e-06 2.25139e-05 3.44663 4.91982e-06 1.03397e-05 1.54768
918 8.81351e-06 2.30569e-05 3.57511 4.98245e-06 1.03198e-05 1.56671
919 8.50746e-06 2.23312e-05 3.44435 4.62809e-06 1.05065e-05 1.61103
920 8.8316e-06 2.20017e-05 3.37975 5.08231e-06 1.02512e-05 1.551
921 8.47029e-06 2.2945e-05 3.5533 4.76368e-06 1.05257e-05 1.61445
922 8.60931e-06 2.21532e-05 3.44117 4.92441e-06 1.00827e-05 1.54542
923 8.3372e-06 2.24615e-05 3.48019 4.79703e-06 1.03764e-05 1.60515
924 8.78816e-06 2.1858e-05 3.38041 4.9606e-06 1.01797e-05 1.55695
925 8.56692e-06 2.22454e-05 3.47301 5.08117e-06 1.02663e-05 1.5809
926 8.4672e-06 2.27088e-05 3.48225 4.76651e-06 1.02624e-05 1.55851
927 8.69979e-06 2.18853e-05 3.35667 4.94293e-06 1.01696e-05 1.56028
928 8.38684e-06 2.27212e-05 3.51734 4.95438e-06 1.04104e-05 1.60387
929 8.55055e-06 2.10169e-05 3.22804 4.63053e-06 1.00422e-05 1.53111
930 8.60528e-06 2.23526e-05 3.4586 4.7154e-06 1.01639e-05 1.55045
931 8.70067e-06 2.20198e-05 3.38877 4.9539e-06 1.0048e-05 1.528
932 8.72621e-06 2.19768e-05 3.3782 4.78285e-06 1.04617e-05 1.59134
933 8.39739e-06 2.1652e-05 3.34259 4.9054e-06 1.01399e-05 1.56186
934 8.53138e-06 2.29589e-05 3.60994 5.2227e-06 1.05287e-05 1.63837
935 8.58212e-06 2.221e-05 3.3957 4.8099e-06 1.03986e-05 1.58073
936 8.89129e-06 2.24234e-05 3.42207 4.99801e-06 1.02229e-05 1.53097
937 8.66153e-06 2.29334e-05 3.53376 4.93286e-06 1.06116e-05 1.61384
938 8.79781e-06 2.17508e-05 3.33789 4.7061e-06 1.03385e-05 1.57338
939 8.54839e-06 2.18844e-05 3.3955 4.71434e-06 1.01164e-05 1.54528
940 8.54672e-06 2.19167e-05 3.39117 4.68511e-06 1.01614e-05 1.53732
941 8.2321e-06 2.2509e-05 3.49927 4.75387e-06 1.0374e-05 1.60626
942 8.58176e-06 2.16435e-05 3.34398 4.79408e-06 1.02072e-05 1.56218
943 8.25918e-06 2.16842e-05 3.34606 4.77514e-06 1.01077e-05 1.57692
944 8.42664e-06 2.24505e-05 3.49467 4.81515e-06 1.03374e-05 1.592
945 8.16172e-06 2.23882e-05 3.46136 4.65106e-06 1.03286e-05 1.5941
946 8.40487e-06 2.25651e-05 3.48266 4.8096e-06 1.03575e-05 1.57447
947 8.48899e-06 2.23297e-05 3.45231 4.81438e-06 1.02821e-05 1.56036
948 8.15042e-06 2.20639e-05 3.39664 4.60611e-06 1.02627e-05 1.56274
949 8.75065e-06 2.21531e-05 3.36571 4.81773e-06 1.0198e-05 1.52602
950 8.46077e-06 2.30433e-05 3.56123 4.76513e-06 1.04704e-05 1.58748
951 8.46381e-06 2.23675e-05 3.46501 4.68537e-06 1.02017e-05 1.5611
952 8.45371e-06 2.18733e-05 3.38843 4.71196e-06 1.02462e-05 1.57259
953 8.34432e-06 2.27731e-05 3.54427 4.86738e-06 1.03405e-05 1.58763
954 8.25293e-06 2.17643e-05 3.35717 4.89607e-06 1.00512e-05 1.55278
955 8.16396e-06 2.29329e-05 3.53294 4.94541e-06 1.03541e-05 1.58519
956 8.71982e-06 2.1766e-05 3.34913 4.91316e-06 1.01913e-05 1.55765
957 8.51394e-06 2.08204e-05 3.22135 4.74165e-06 9.96396e-06 1.53489
958 8.1158e-06 2.20944e-05 3.43702 4.82192e-06 1.0168e-05 1.57523
959 8.64549e-06 2.22749e-05 3.42576 4.778e-06 1.04215e-05 1.58916
960 8.5866e-06 2.22594e-05 3.44127 4.90472e-06 1.03159e-05 1.5855
961 8.30647e-06 2.27932e-05 3.5209 4.64126e-06 1.04045e-05 1.59763
962 8.65139e-06 2.15002e-05 3.27214 4.74669e-06 1.01298e-05 1.52614
963 8.63123e-06 2.20029e-05 3.39342 4.99481e-06 1.00941e-05 1.53144
964 8.69937e-06 2.21498e-05 3.43512 4.87835e-06 1.02542e-05 1.57645
965 8.53609e-06 2.12573e-05 3.2577 4.69083e-06 1.01207e-05 1.53783
966 8.94209e-06 2.18145e-05 3.32957 4.79905e-06 1.00412e-05 1.49988
967 8.57024e-06 2.17997e-05 3.34327 4.73993e-06 1.03152e-05 1.58057
968 8.69528e-06 2.31893e-05 3.58909 4.90995e-06 1.02911e-05 1.56205
969 8.42504e-06 2.20588e-05 3.41069 4.71577e-06 1.01146e-05 1.54818
970 8.37657e-06 2.2572e-05 3.48278 4.84996e-06 1.03115e-05 1.56471
971 8.3739e-06 2.25459e-05 3.47875 4.65729e-06 1.02227e-05 1.55843
972 8.45512e-06 2.16874e-05 3.33105 4.79882e-06 1.03415e-05 1.58743
973 8.45855e-06 2.25474e-05 3.47415 4.73559e-06 1.04128e-05 1.59364
974 8.33981e-06 2.2062e-05 3.3993 4.68415e-06 1.0325e-05 1.59543
975 8.62909e-06 2.24363e-05 3.47388 4.60976e-06 1.02338e-05 1.55401
976 8.34815e-06 2.20797e-05 3.39752 4.58741e-06 1.02034e-05 1.55153
977 8.55476e-06 2.30002e-05 3.55526 4.77358e-06 1.03287e-05 1.56568
978 8.26886e-06 2.10966e-05 3.23186 4.73476e-06 1.00152e-05 1.53572
979 8.5402e-06 2.17047e-05 3.38389 5.00559e-06 1.00592e-05 1.54425
980 8.48617e-06 2.26944e-05 3.51759 4.62605e-06 1.04724e-05 1.60275
981 8.47298e-06 2.22028e-05 3.43002 4.9095e-06 1.01562e-05 1.54363
982 8.55245e-06 2.15006e-05 3.27532 4.72368e-06 1.0087e-05 1.52099
983 8.36933e-06 2.18824e-05 3.37141 4.75016e-06 1.03329e-05 1.59303
984 8.48417e-06 2.20742e-05 3.41025 4.72192e-06 1.01792e-05 1.56886
985 8.2236e-06 2.31841e-05 3.58066 4.51051e-06 1.04925e-05 1.59651
986 8.52509e-06 2.16197e-05 3.30447 4.60094e-06 1.02474e-05 1.57169
987 8.55312e-06 2.24047e-05 3.42716 4.76828e-06 1.05378e-05 1.59905
988 8.14532e-06 2.22798e-05 3.42556 4.64048e-06 1.03313e-05 1.59072
989 8.47938e-06 2.26018e-05 3.48784 4.63289e-06 1.02891e-05 1.57016
990 8.39007e-06 2.16475e-05 3.31301 4.83137e-06 1.00194e-05 1.52398
991 8.56188e-06 2.1993e-05 3.37368 4.67419e-06 1.00788e-05 1.52815
992 8.60964e-06 2.20535e-05 3.38863 4.86552e-06 1.04665e-05 1.59988
993 8.34796e-06 2.16123e-05 3.34237 4.58999e-06 1.01705e-05 1.55877
994 8.47269e-06 2.22291e-05 3.42634 4.70876e-06 1.0276e-05 1.55896
995 8.35858e-06 2.30149e-05 3.55039 4.88795e-06 1.03469e-05 1.56684
996 8.38343e-06 2.21972e-05 3.39578 4.72077e-06 1.0281e-05 1.55446
997 8.47294e-06 2.16801e-05 3.3188 4.66732e-06 1.01677e-05 1.54333
998 8.25268e-06 2.2946e-05 3.58409 4.66718e-06 1.02786e-05 1.57325
999 8.39024e-06 2.22799e-05 3.43228 4.4897e-06 1.03099e-05 1.57544
1000 8.20508e-06 2.2593e-05 3.51679 4.64861e-06 1.01659e-05 1.56877
