10 0.000121681 7.70051e-05 16.3219 8.16436e-05 4.52215e-05 10.4481
11 0.000115804 6.9492e-05 14.9092 7.46936e-05 4.21842e-05 9.72765
12 0.000102561 6.62124e-05 14.0401 7.45811e-05 4.00007e-05 9.40218
13 0.000100744 6.17398e-05 13.2246 6.95224e-05 3.72768e-05 8.74469
14 9.52571e-05 5.95421e-05 12.5529 6.78928e-05 3.64982e-05 8.56575
15 9.09178e-05 5.94395e-05 12.3033 6.54789e-05 3.58899e-05 8.43986
16 8.71148e-05 5.84668e-05 12.0722 6.23672e-05 3.41078e-05 8.03483
17 8.30136e-05 5.52727e-05 11.5093 6.01304e-05 3.35543e-05 7.83372
18 8.0945e-05 5.49031e-05 11.4276 6.09197e-05 3.2388e-05 7.89972
19 7.91939e-05 5.0943e-05 10.6729 5.68496e-05 3.03027e-05 7.16092
20 7.80479e-05 5.14903e-05 10.719 5.60346e-05 3.00586e-05 7.16617
21 7.33656e-05 4.92853e-05 10.1821 5.50106e-05 2.95398e-05 6.9762
22 7.49421e-05 4.79253e-05 10.1192 5.60601e-05 2.8539e-05 6.84842
23 7.31625e-05 4.67829e-05 9.97573 5.18403e-05 2.76552e-05 6.57032
24 7.1859e-05 4.93399e-05 10.0479 5.21036e-05 2.84328e-05 6.77985
25 6.93456e-05 4.805e-05 9.82164 5.19061e-05 2.82978e-05 6.66862
26 6.56234e-05 4.46683e-05 9.30812 4.93385e-05 2.65927e-05 6.30451
27 6.52334e-05 4.38547e-05 9.20663 4.98497e-05 2.66617e-05 6.36018
28 6.5745e-05 4.55025e-05 9.33428 4.65868e-05 2.60431e-05 6.10826
29 6.49345e-05 4.24998e-05 8.92273 4.71847e-05 2.41635e-05 5.88341
30 6.3332e-05 4.32698e-05 8.91263 4.71413e-05 2.47757e-05 5.94696
31 6.23803e-05 4.23289e-05 8.76133 4.6578e-05 2.54042e-05 6.1064
32 6.12724e-05 4.29538e-05 8.81606 4.62697e-05 2.50821e-05 5.98861
33 5.9588e-05 4.08468e-05 8.29134 4.53952e-05 2.42166e-05 5.81004
34 5.83865e-05 3.87949e-05 8.00069 4.5199e-05 2.32175e-05 5.63689
35 5.86817e-05 3.90555e-05 8.09976 4.47137e-05 2.26404e-05 5.48401
36 5.90199e-05 4.00233e-05 8.23927 4.34378e-05 2.34887e-05 5.59679
37 5.7989e-05 3.97815e-05 8.20553 4.3289e-05 2.36124e-05 5.70386
38 5.82066e-05 3.82111e-05 7.85069 4.30969e-05 2.27635e-05 5.52
39 5.49954e-05 3.87483e-05 7.95426 4.23237e-05 2.23159e-05 5.38407
40 5.6643e-05 3.73144e-05 7.75376 4.15731e-05 2.19434e-05 5.27225
41 5.48986e-05 3.70167e-05 7.61174 4.12418e-05 2.22052e-05 5.34421
42 5.50575e-05 3.92312e-05 8.05299 4.12276e-05 2.2408e-05 5.32932
43 5.34595e-05 3.85989e-05 7.75288 4.09347e-05 2.22763e-05 5.38512
44 5.37938e-05 3.64581e-05 7.4509 3.86305e-05 2.07565e-05 4.98848
45 5.1674e-05 3.76477e-05 7.6706 3.96381e-05 2.10983e-05 5.14199
46 5.2736e-05 3.61804e-05 7.44298 3.88937e-05 2.13276e-05 5.11913
47 5.235e-05 3.48586e-05 7.33312 3.90364e-05 2.04374e-05 5.02124
48 5.18794e-05 3.50393e-05 7.24058 3.88128e-05 2.04962e-05 4.99386
49 5.12751e-05 3.43855e-05 7.15725 3.88109e-05 2.06252e-05 5.0548
50 5.07009e-05 3.43768e-05 7.08594 3.79851e-05 2.04466e-05 4.86889
51 4.97659e-05 3.45848e-05 7.11481 3.84962e-05 2.014e-05 4.93468
52 4.87774e-05 3.37943e-05 6.89368 3.70322e-05 1.98598e-05 4.80121
53 5.09728e-05 3.33099e-05 6.96209 3.72829e-05 2.05577e-05 4.97465
54 4.97063e-05 3.2977e-05 6.87176 3.64824e-05 1.92939e-05 4.69878
55 4.85709e-05 3.40882e-05 6.99615 3.71104e-05 2.00442e-05 4.88019
56 4.9383e-05 3.17343e-05 6.63031 3.61523e-05 1.87611e-05 4.60807
57 4.79794e-05 3.41997e-05 6.86795 3.59071e-05 1.93193e-05 4.65216
58 4.8246e-05 3.32309e-05 6.6925 3.50896e-05 1.94944e-05 4.61153
59 4.78459e-05 3.33097e-05 6.82557 3.78055e-05 1.9604e-05 4.93129
60 4.71861e-05 3.17938e-05 6.51679 3.64788e-05 1.91142e-05 4.75022
61 4.63831e-05 3.26001e-05 6.68664 3.53314e-05 1.93148e-05 4.72504
62 4.60566e-05 3.25531e-05 6.53536 3.49636e-05 1.93996e-05 4.67753
63 4.70691e-05 3.13249e-05 6.42381 3.52835e-05 1.90449e-05 4.63901
64 4.59153e-05 3.28456e-05 6.53514 3.56369e-05 1.93866e-05 4.66449
65 4.56904e-05 3.20686e-05 6.42829 3.38122e-05 1.8763e-05 4.46524
66 4.54664e-05 3.0658e-05 6.13353 3.36806e-05 1.86013e-05 4.48081
67 4.57114e-05 3.03049e-05 6.2316 3.51697e-05 1.8274e-05 4.49058
68 4.43612e-05 3.15792e-05 6.30809 3.44678e-05 1.85237e-05 4.52319
69 4.5943e-05 3.22265e-05 6.48512 3.36886e-05 1.84671e-05 4.44692
70 4.3972e-05 3.12145e-05 6.27844 3.45828e-05 1.82708e-05 4.51843
71 4.42449e-05 3.03471e-05 6.14294 3.40603e-05 1.85918e-05 4.53273
72 4.45273e-05 2.96212e-05 5.97775 3.33406e-05 1.80609e-05 4.38089
73 4.32041e-05 3.02616e-05 6.07097 3.42426e-05 1.82332e-05 4.45996
74 4.28483e-05 2.99862e-05 5.99414 3.35221e-05 1.80827e-05 4.35411
75 4.34206e-05 2.96158e-05 5.99913 3.34326e-05 1.78996e-05 4.40487
76 4.38295e-05 3.01292e-05 6.13286 3.35795e-05 1.78764e-05 4.39458
77 4.33257e-05 3.017e-05 6.11756 3.2955e-05 1.76827e-05 4.31246
78 4.22884e-05 2.90993e-05 5.98109 3.19984e-05 1.71759e-05 4.16694
79 4.43131e-05 2.95543e-05 6.05636 3.16274e-05 1.72685e-05 4.19904
80 4.16236e-05 3.02258e-05 6.01541 3.33959e-05 1.74807e-05 4.34353
81 4.12527e-05 2.97612e-05 5.88111 3.23068e-05 1.81212e-05 4.39551
82 4.17375e-05 2.92534e-05 5.87479 3.34097e-05 1.73615e-05 4.39533
83 4.16296e-05 2.82585e-05 5.81478 3.33498e-05 1.77667e-05 4.37382
84 4.17227e-05 2.94082e-05 5.86809 3.20685e-05 1.76418e-05 4.29506
85 4.15603e-05 2.87528e-05 5.78771 3.26041e-05 1.72295e-05 4.23465
86 4.14189e-05 2.8802e-05 5.94595 3.21177e-05 1.7431e-05 4.29799
87 4.13634e-05 2.85023e-05 5.74893 3.22662e-05 1.73834e-05 4.28244
88 3.99785e-05 2.80719e-05 5.69304 3.20211e-05 1.7292e-05 4.23776
89 4.06649e-05 2.80177e-05 5.66912 3.18088e-05 1.71184e-05 4.22305
90 4.16093e-05 2.70554e-05 5.60966 3.21451e-05 1.68331e-05 4.17003
91 4.01866e-05 2.82259e-05 5.72757 3.16346e-05 1.67248e-05 4.15725
92 4.08659e-05 2.7921e-05 5.71252 3.06873e-05 1.7005e-05 4.15841
93 4.08512e-05 2.72881e-05 5.54521 3.1441e-05 1.64569e-05 4.06505
94 4.01322e-05 2.85571e-05 5.61905 3.08605e-05 1.70627e-05 4.18184
95 3.98633e-05 2.85611e-05 5.59871 3.09339e-05 1.69254e-05 4.16297
96 3.99529e-05 2.81574e-05 5.68169 3.06686e-05 1.6791e-05 4.11797
97 3.92644e-05 2.78526e-05 5.56305 3.0468e-05 1.70916e-05 4.16247
98 3.98925e-05 2.70169e-05 5.50787 3.07876e-05 1.68198e-05 4.1358
99 3.9613e-05 2.72384e-05 5.54752 3.09265e-05 1.66119e-05 4.09109
100 3.99433e-05 2.85837e-05 5.70901 3.16597e-05 1.69538e-05 4.18376
101 3.88309e-05 2.67948e-05 5.41186 3.13889e-05 1.67721e-05 4.17693
102 3.8916e-05 2.76071e-05 5.58631 3.1094e-05 1.65704e-05 4.14755
103 3.86081e-05 2.75694e-05 5.55149 3.03548e-05 1.65791e-05 4.07706
104 3.87555e-05 2.59995e-05 5.22856 2.9864e-05 1.6242e-05 4.00431
105 3.91946e-05 2.78593e-05 5.53235 3.03411e-05 1.69878e-05 4.16309
106 3.89287e-05 2.73228e-05 5.42026 2.9695e-05 1.66856e-05 4.09543
107 3.82624e-05 2.59295e-05 5.21896 3.00284e-05 1.62645e-05 4.01808
108 3.85516e-05 2.6858e-05 5.36678 3.0281e-05 1.65432e-05 4.08069
109 3.73669e-05 2.6419e-05 5.26599 3.01898e-05 1.65846e-05 4.08061
110 3.7238e-05 2.66354e-05 5.31531 2.97873e-05 1.63775e-05 4.02138
111 3.80515e-05 2.65564e-05 5.25876 2.95897e-05 1.61932e-05 3.98979
112 3.77562e-05 2.60568e-05 5.2431 2.9696e-05 1.60281e-05 3.97446
113 3.8406e-05 2.58006e-05 5.19425 3.02746e-05 1.61919e-05 4.05084
114 3.70296e-05 2.56453e-05 5.11237 2.99951e-05 1.60777e-05 3.98182
115 3.87478e-05 2.5754e-05 5.14092 2.93086e-05 1.63955e-05 4.02454
116 3.84349e-05 2.56684e-05 5.11419 2.90047e-05 1.58946e-05 3.88521
117 3.7822e-05 2.64136e-05 5.22396 2.84738e-05 1.63783e-05 3.97135
118 3.71373e-05 2.71401e-05 5.37927 3.0267e-05 1.65407e-05 4.12372
119 3.77994e-05 2.551e-05 5.18433 2.96815e-05 1.60548e-05 3.99334
120 3.71273e-05 2.50212e-05 5.04479 2.96569e-05 1.6141e-05 3.98006
121 3.69687e-05 2.60829e-05 5.14143 2.97812e-05 1.61461e-05 4.03426
122 3.69635e-05 2.62273e-05 5.04127 2.97435e-05 1.63834e-05 4.0494
123 3.54657e-05 2.45732e-05 4.85076 2.98412e-05 1.59859e-05 4.00631
124 3.68632e-05 2.58022e-05 5.07151 2.90739e-05 1.61885e-05 3.97877
125 3.7447e-05 2.5085e-05 5.08953 2.9138e-05 1.60426e-05 3.9675
126 3.66016e-05 2.60417e-05 5.19097 2.81994e-05 1.58711e-05 3.89616
127 3.65366e-05 2.57543e-05 5.15812 2.89365e-05 1.58157e-05 3.9263
128 3.61053e-05 2.56199e-05 5.06371 2.92038e-05 1.6177e-05 3.98585
129 3.54893e-05 2.52574e-05 4.97063 2.95974e-05 1.58314e-05 3.98194
130 3.69401e-05 2.59825e-05 5.10091 2.83733e-05 1.64133e-05 4.0289
131 3.75322e-05 2.50901e-05 5.02786 2.87749e-05 1.57818e-05 3.90015
132 3.60155e-05 2.50924e-05 5.03859 2.86939e-05 1.5727e-05 3.91479
133 3.55431e-05 2.45511e-05 4.89992 2.83757e-05 1.59342e-05 3.92393
134 3.63732e-05 2.4317e-05 4.84756 2.89565e-05 1.58223e-05 3.91927
135 3.67687e-05 2.49417e-05 4.93669 2.87028e-05 1.56961e-05 3.88507
136 3.5474e-05 2.61035e-05 5.01664 2.90981e-05 1.64638e-05 4.04526
137 3.65571e-05 2.46232e-05 4.87528 2.90647e-05 1.53209e-05 3.82806
138 3.58417e-05 2.42408e-05 4.83098 2.89833e-05 1.55447e-05 3.89375
139 3.54356e-05 2.41762e-05 4.82168 2.88183e-05 1.56979e-05 3.89001
140 3.55297e-05 2.51194e-05 4.94057 2.83538e-05 1.56324e-05 3.87383
141 3.47024e-05 2.43197e-05 4.79798 2.86791e-05 1.5732e-05 3.90762
142 3.51516e-05 2.521e-05 4.94187 2.85134e-05 1.57136e-05 3.90857
143 3.59354e-05 2.50991e-05 4.95498 2.81634e-05 1.56319e-05 3.87543
144 3.57848e-05 2.37488e-05 4.72251 2.84856e-05 1.53849e-05 3.83912
145 3.52014e-05 2.5128e-05 4.97592 2.80049e-05 1.53624e-05 3.80876
146 3.52987e-05 2.49074e-05 4.89502 2.82685e-05 1.59431e-05 3.9371
147 3.48539e-05 2.39932e-05 4.83027 2.86346e-05 1.54753e-05 3.87003
148 3.49399e-05 2.4138e-05 4.72872 2.74401e-05 1.53686e-05 3.77906
149 3.49488e-05 2.44581e-05 4.8228 2.84111e-05 1.58311e-05 3.92881
150 3.47369e-05 2.28585e-05 4.56037 2.77005e-05 1.52834e-05 3.7856
151 3.48428e-05 2.46257e-05 4.80173 2.79411e-05 1.56224e-05 3.85928
152 3.40869e-05 2.47997e-05 4.77611 2.92211e-05 1.55757e-05 3.94842
153 3.51606e-05 2.39071e-05 4.73999 2.7646e-05 1.50643e-05 3.78158
154 3.40888e-05 2.42894e-05 4.76265 2.83632e-05 1.55016e-05 3.88383
155 3.42238e-05 2.41335e-05 4.69855 2.78727e-05 1.57582e-05 3.88908
156 3.5147e-05 2.42559e-05 4.77725 2.78474e-05 1.53542e-05 3.81708
157 3.4563e-05 2.41497e-05 4.72094 2.78382e-05 1.55411e-05 3.85694
158 3.35743e-05 2.27707e-05 4.46924 2.77093e-05 1.52467e-05 3.81099
159 3.42734e-05 2.38174e-05 4.61395 2.77947e-05 1.52662e-05 3.81268
160 3.47288e-05 2.42329e-05 4.74067 2.73554e-05 1.53234e-05 3.79366
161 3.4199e-05 2.43937e-05 4.78384 2.73815e-05 1.50253e-05 3.76895
162 3.44179e-05 2.32544e-05 4.5289 2.72602e-05 1.52572e-05 3.80289
163 3.45366e-05 2.34091e-05 4.64211 2.77086e-05 1.50358e-05 3.78156
164 3.42725e-05 2.30938e-05 4.58174 2.7284e-05 1.51342e-05 3.75607
165 3.56019e-05 2.37264e-05 4.62568 2.65671e-05 1.57118e-05 3.81522
166 3.44438e-05 2.478e-05 4.74038 2.69924e-05 1.55268e-05 3.81885
167 3.36588e-05 2.30368e-05 4.52952 2.7927e-05 1.56831e-05 3.90972
168 3.397e-05 2.3952e-05 4.61056 2.73598e-05 1.52034e-05 3.80419
169 3.29753e-05 2.35082e-05 4.63398 2.77652e-05 1.52994e-05 3.84786
170 3.31217e-05 2.29849e-05 4.38528 2.76305e-05 1.51928e-05 3.80023
171 3.37303e-05 2.27705e-05 4.44781 2.7668e-05 1.50388e-05 3.77038
172 3.39271e-05 2.37177e-05 4.57509 2.7723e-05 1.53419e-05 3.81837
173 3.43594e-05 2.41543e-05 4.59086 2.72059e-05 1.55457e-05 3.82517
174 3.4049e-05 2.30565e-05 4.52388 2.72257e-05 1.51722e-05 3.7762
175 3.34323e-05 2.25628e-05 4.42283 2.69911e-05 1.47511e-05 3.68128
176 3.3486e-05 2.26653e-05 4.43203 2.74135e-05 1.51277e-05 3.7923
177 3.26073e-05 2.2069e-05 4.28944 2.81816e-05 1.50581e-05 3.8248
178 3.37348e-05 2.29211e-05 4.49509 2.72373e-05 1.49055e-05 3.72749
179 3.3953e-05 2.3059e-05 4.44886 2.73963e-05 1.54192e-05 3.84398
180 3.39788e-05 2.28144e-05 4.51335 2.68552e-05 1.4946e-05 3.69814
181 3.35432e-05 2.28907e-05 4.48591 2.71339e-05 1.49549e-05 3.74211
182 3.39986e-05 2.31274e-05 4.5141 2.75661e-05 1.51399e-05 3.78703
183 3.30829e-05 2.23451e-05 4.35457 2.67101e-05 1.50898e-05 3.74102
184 3.32249e-05 2.33501e-05 4.52915 2.66262e-05 1.46643e-05 3.66883
185 3.35584e-05 2.19047e-05 4.21061 2.67181e-05 1.46852e-05 3.66179
186 3.3767e-05 2.36198e-05 4.57295 2.69894e-05 1.52109e-05 3.7768
187 3.33162e-05 2.28909e-05 4.40035 2.71902e-05 1.51905e-05 3.78181
188 3.29785e-05 2.30541e-05 4.40844 2.68182e-05 1.50692e-05 3.74751
189 3.26303e-05 2.30682e-05 4.41015 2.70171e-05 1.53274e-05 3.81899
190 3.25145e-05 2.26109e-05 4.42843 2.73144e-05 1.48489e-05 3.76065
191 3.35275e-05 2.25649e-05 4.3622 2.69298e-05 1.49819e-05 3.75286
192 3.26595e-05 2.28929e-05 4.29566 2.73646e-05 1.5553e-05 3.87086
193 3.32158e-05 2.26576e-05 4.39865 2.69074e-05 1.51619e-05 3.78295
194 3.24091e-05 2.21317e-05 4.24844 2.68207e-05 1.48098e-05 3.70594
195 3.22762e-05 2.31165e-05 4.41657 2.67997e-05 1.50784e-05 3.76348
196 3.22964e-05 2.27341e-05 4.34845 2.76274e-05 1.51022e-05 3.80885
197 3.33397e-05 2.23977e-05 4.2906 2.59012e-05 1.49881e-05 3.68946
198 3.23643e-05 2.15185e-05 4.14935 2.71091e-05 1.50277e-05 3.77468
199 3.30131e-05 2.21307e-05 4.25564 2.65316e-05 1.47674e-05 3.70078
200 3.21981e-05 2.15173e-05 4.19411 2.68076e-05 1.4803e-05 3.72763
201 3.28937e-05 2.23528e-05 4.3287 2.67726e-05 1.51257e-05 3.75942
202 3.25572e-05 2.24117e-05 4.2975 2.67367e-05 1.48319e-05 3.69895
203 3.33576e-05 2.23811e-05 4.3476 2.60581e-05 1.46478e-05 3.63938
204 3.27495e-05 2.18881e-05 4.28718 2.67992e-05 1.45203e-05 3.6732
205 3.23402e-05 2.18109e-05 4.19096 2.63633e-05 1.46545e-05 3.65912
206 3.28595e-05 2.23983e-05 4.25535 2.65622e-05 1.48719e-05 3.70554
207 3.25665e-05 2.25431e-05 4.3436 2.66918e-05 1.50127e-05 3.74173
208 3.1861e-05 2.24859e-05 4.26244 2.71064e-05 1.46751e-05 3.72846
209 3.3005e-05 2.17886e-05 4.2069 2.64752e-05 1.48382e-05 3.699
210 3.22905e-05 2.25641e-05 4.3527 2.6298e-05 1.49166e-05 3.70078
211 3.21872e-05 2.2391e-05 4.26666 2.7019e-05 1.49702e-05 3.77372
212 3.27412e-05 2.14156e-05 4.12023 2.63535e-05 1.48196e-05 3.69722
213 3.23394e-05 2.14193e-05 4.14145 2.64639e-05 1.45469e-05 3.64891
214 3.24013e-05 2.15426e-05 4.13275 2.64589e-05 1.47345e-05 3.69656
215 3.21762e-05 2.16101e-05 4.13157 2.65442e-05 1.49597e-05 3.71646
216 3.23611e-05 2.16862e-05 4.18965 2.65451e-05 1.48076e-05 3.71098
217 3.19454e-05 2.22231e-05 4.20389 2.65662e-05 1.51334e-05 3.76066
218 3.21871e-05 2.21235e-05 4.233 2.62308e-05 1.49494e-05 3.71357
219 3.29337e-05 2.07491e-05 4.06564 2.61694e-05 1.42947e-05 3.57219
220 3.18721e-05 2.16572e-05 4.20097 2.66704e-05 1.46706e-05 3.7088
221 3.21055e-05 2.08609e-05 4.09127 2.62159e-05 1.44581e-05 3.64144
222 3.17907e-05 2.22505e-05 4.17897 2.67712e-05 1.50522e-05 3.76134
223 3.14485e-05 2.12806e-05 4.02288 2.59483e-05 1.45632e-05 3.62873
224 3.21883e-05 2.17263e-05 4.1265 2.59789e-05 1.49084e-05 3.70496
225 3.11651e-05 2.12253e-05 4.07914 2.63758e-05 1.43663e-05 3.63238
226 3.19493e-05 2.19143e-05 4.2033 2.62121e-05 1.49285e-05 3.71092
227 3.22202e-05 2.1844e-05 4.18542 2.64804e-05 1.46705e-05 3.70867
228 3.0407e-05 2.11906e-05 4.07668 2.66815e-05 1.45456e-05 3.70466
229 3.20624e-05 2.07526e-05 4.06473 2.5507e-05 1.44627e-05 3.59518
230 3.08865e-05 2.14846e-05 4.06759 2.68871e-05 1.45744e-05 3.68804
231 3.1293e-05 2.13251e-05 4.04263 2.7379e-05 1.47147e-05 3.76653
232 3.17952e-05 2.22325e-05 4.22291 2.6385e-05 1.49231e-05 3.72479
233 3.12375e-05 2.16994e-05 4.10525 2.65412e-05 1.48492e-05 3.7214
234 3.10648e-05 2.0948e-05 3.93723 2.59873e-05 1.46263e-05 3.66295
235 3.17324e-05 2.0427e-05 3.96032 2.61963e-05 1.44113e-05 3.63552
236 3.14647e-05 2.06261e-05 3.91128 2.54305e-05 1.42968e-05 3.55786
237 3.19086e-05 2.15533e-05 4.10626 2.65202e-05 1.45048e-05 3.66853
238 3.0516e-05 2.12636e-05 4.05625 2.68007e-05 1.47484e-05 3.74476
239 3.02281e-05 2.15231e-05 4.02323 2.67355e-05 1.48318e-05 3.75115
240 3.08211e-05 2.08274e-05 3.90955 2.63839e-05 1.44465e-05 3.64696
241 3.0347e-05 2.12606e-05 4.01653 2.67562e-05 1.46799e-05 3.72319
242 3.17717e-05 2.10095e-05 4.0098 2.59889e-05 1.44876e-05 3.63565
243 3.1648e-05 2.09233e-05 4.00557 2.59316e-05 1.45361e-05 3.64532
244 3.09746e-05 2.12058e-05 3.92394 2.60349e-05 1.46249e-05 3.6669
245 3.1244e-05 2.18357e-05 4.07609 2.64767e-05 1.48336e-05 3.72983
246 3.16218e-05 2.10896e-05 3.99956 2.53339e-05 1.45063e-05 3.60528
247 3.07831e-05 2.08083e-05 3.9136 2.64618e-05 1.44954e-05 3.68212
248 3.06262e-05 2.09145e-05 3.97098 2.62484e-05 1.42584e-05 3.61123
249 3.19788e-05 2.12241e-05 4.02372 2.61685e-05 1.45315e-05 3.6551
250 3.10298e-05 2.07004e-05 3.95736 2.59765e-05 1.45626e-05 3.65507
251 3.09091e-05 2.12139e-05 3.93348 2.61047e-05 1.48716e-05 3.73313
252 3.04091e-05 2.14356e-05 3.96419 2.58655e-05 1.47707e-05 3.70465
253 3.08437e-05 2.08881e-05 3.85161 2.5425e-05 1.48733e-05 3.67571
254 3.05555e-05 2.09304e-05 3.96 2.59734e-05 1.4538e-05 3.6561
255 3.11841e-05 2.05025e-05 3.92733 2.55728e-05 1.3955e-05 3.49702
256 3.09542e-05 2.09635e-05 3.92708 2.56385e-05 1.4267e-05 3.58921
257 3.13653e-05 2.02941e-05 3.82713 2.62938e-05 1.4473e-05 3.65299
258 3.08172e-05 2.10985e-05 3.96765 2.61826e-05 1.42194e-05 3.61098
259 3.12749e-05 2.06425e-05 3.90738 2.53065e-05 1.41835e-05 3.55647
260 3.04574e-05 2.02441e-05 3.81562 2.6704e-05 1.43612e-05 3.6649
261 3.04095e-05 2.10805e-05 3.92107 2.60799e-05 1.45509e-05 3.66373
262 3.10254e-05 2.03219e-05 3.92611 2.55353e-05 1.45064e-05 3.6354
263 3.11957e-05 2.03607e-05 3.8721 2.58379e-05 1.41863e-05 3.58905
264 3.03853e-05 1.99225e-05 3.76852 2.60585e-05 1.45376e-05 3.66369
265 3.04225e-05 2.0547e-05 3.83051 2.64379e-05 1.47734e-05 3.70918
266 3.0485e-05 2.07841e-05 3.90472 2.63985e-05 1.46054e-05 3.69178
267 3.03385e-05 2.05203e-05 3.77928 2.65218e-05 1.46855e-05 3.73785
268 3.09205e-05 2.10619e-05 3.95895 2.5774e-05 1.45834e-05 3.66323
269 3.0228e-05 2.05868e-05 3.85979 2.62296e-05 1.4486e-05 3.6558
270 3.10412e-05 2.08662e-05 3.90532 2.5009e-05 1.43687e-05 3.5689
271 3.01381e-05 2.06721e-05 3.8913 2.55918e-05 1.42734e-05 3.59042
272 3.0085e-05 1.97406e-05 3.79391 2.63911e-05 1.43065e-05 3.65035
273 3.06859e-05 2.08097e-05 3.8096 2.58164e-05 1.47108e-05 3.68154
274 3.08598e-05 2.03033e-05 3.84215 2.5451e-05 1.41359e-05 3.55957
275 3.0622e-05 2.0532e-05 3.84023 2.56103e-05 1.42875e-05 3.59089
276 3.04068e-05 2.02287e-05 3.85009 2.57765e-05 1.44657e-05 3.63993
277 2.97942e-05 2.03017e-05 3.7769 2.68727e-05 1.4755e-05 3.75426
278 3.0621e-05 2.01725e-05 3.79627 2.56773e-05 1.41183e-05 3.56631
279 3.06379e-05 1.99342e-05 3.75644 2.58635e-05 1.45246e-05 3.63898
280 3.0277e-05 2.00714e-05 3.81579 2.57295e-05 1.44482e-05 3.63284
281 3.08163e-05 1.98677e-05 3.73401 2.54958e-05 1.44077e-05 3.61607
282 3.02835e-05 1.99056e-05 3.82389 2.58382e-05 1.41352e-05 3.58128
283 3.02278e-05 2.05749e-05 3.77339 2.58232e-05 1.45513e-05 3.65321
284 3.04957e-05 2.03179e-05 3.85873 2.55617e-05 1.43383e-05 3.6088
285 2.96966e-05 1.98938e-05 3.76074 2.62537e-05 1.44316e-05 3.67004
286 2.98132e-05 2.05879e-05 3.81557 2.56978e-05 1.42795e-05 3.59877
287 3.02055e-05 2.09748e-05 3.88524 2.64043e-05 1.46015e-05 3.69602
288 3.04922e-05 1.91283e-05 3.6663 2.57023e-05 1.39731e-05 3.53951
289 3.07726e-05 2.00684e-05 3.71117 2.53765e-05 1.40445e-05 3.54836
290 2.98685e-05 2.05098e-05 3.7866 2.62187e-05 1.45656e-05 3.69537
291 2.99143e-05 1.97329e-05 3.64536 2.60229e-05 1.42352e-05 3.6019
292 3.06316e-05 2.01715e-05 3.76832 2.53429e-05 1.40573e-05 3.53862
293 3.02011e-05 2.08316e-05 3.84076 2.59703e-05 1.43747e-05 3.63067
294 3.04875e-05 2.02662e-05 3.71933 2.53726e-05 1.46156e-05 3.64084
295 2.93887e-05 2.06452e-05 3.81017 2.61788e-05 1.42657e-05 3.63107
296 3.05295e-05 2.05803e-05 3.87466 2.60698e-05 1.44028e-05 3.64242
297 3.02646e-05 2.07898e-05 3.82822 2.53501e-05 1.45725e-05 3.64195
298 3.00911e-05 2.05738e-05 3.74273 2.5294e-05 1.42702e-05 3.5937
299 3.0433e-05 2.00907e-05 3.69199 2.51282e-05 1.38924e-05 3.50231
300 3.02873e-05 1.99368e-05 3.75266 2.54841e-05 1.43888e-05 3.60965
