# ../optics --mode=conv_modified_vs_classical --conv-start=10 --conv-end=1000 --values-start=0.5 --values-end=1 --repetitions=1000 --xsigma=4 --output-file=comparison_1000_32_1000_xsigma4.txt --multiplier=32 ldata.txt
10 8.3e-05 7.60736e-05 14.3396 5.71772e-05 4.46694e-05 8.78479
11 7.61451e-05 6.81188e-05 12.761 5.56356e-05 3.98515e-05 8.05392
12 7.3735e-05 6.83105e-05 12.5839 4.81148e-05 3.75356e-05 7.34505
13 14.5868 5.92947e-05 11.2871 4.93431e-05 3.51993e-05 7.00446
14 6.01259e-05 6.01421e-05 10.9394 4.30214e-05 3.28741e-05 6.37012
15 5.28389e-05 5.30481e-05 10.016 4.15537e-05 3.03169e-05 6.12193
16 5.45551e-05 5.61398e-05 10.4384 4.27123e-05 3.04694e-05 6.14457
17 5.28856e-05 5.59121e-05 10.2845 4.04386e-05 3.02461e-05 5.91505
18 5.14707e-05 5.51849e-05 10.273 3.84654e-05 2.95863e-05 5.92038
19 4.76255e-05 5.10434e-05 9.39446 3.61392e-05 2.77026e-05 5.36426
20 4.53674e-05 4.88228e-05 8.96167 3.52363e-05 2.7543e-05 5.31753
21 4.23364e-05 4.99253e-05 9.17887 3.35138e-05 2.62717e-05 5.14352
22 4.44947e-05 5.06883e-05 9.38347 3.44006e-05 2.68822e-05 5.21947
23 4.27477e-05 4.65159e-05 8.50164 3.34531e-05 2.49479e-05 4.88078
24 4.00127e-05 4.44472e-05 8.29651 3.31682e-05 2.41844e-05 4.81588
25 3.94842e-05 4.22675e-05 7.69547 3.24929e-05 2.28189e-05 4.48397
26 4.04292e-05 4.37695e-05 8.01983 3.25744e-05 2.32394e-05 4.56528
27 3.82531e-05 4.36682e-05 8.12241 2.9256e-05 2.20472e-05 4.31379
28 3.76961e-05 4.50943e-05 8.22606 2.94553e-05 2.32438e-05 4.53741
29 3.68966e-05 4.22659e-05 7.77138 2.97368e-05 2.26234e-05 4.41733
30 3.60161e-05 4.36029e-05 8.01625 2.89678e-05 2.19754e-05 4.35837
31 3.49587e-05 4.2506e-05 7.65969 2.78754e-05 2.14004e-05 4.20476
32 3.40495e-05 4.12607e-05 7.36228 2.76979e-05 2.19144e-05 4.23546
33 3.48281e-05 4.38562e-05 7.87319 2.76118e-05 2.23631e-05 4.20385
34 3.22201e-05 3.9842e-05 7.26836 2.63215e-05 2.13786e-05 4.11662
35 3.37685e-05 4.12601e-05 7.48849 2.72299e-05 2.10575e-05 4.04523
36 3.13328e-05 4.0729e-05 7.32132 2.68165e-05 2.13473e-05 4.16148
37 3.0873e-05 3.96163e-05 7.07878 2.56234e-05 1.97498e-05 3.77694
38 3.04203e-05 3.7047e-05 6.71339 2.46451e-05 1.93457e-05 3.71835
39 3.03028e-05 4.01148e-05 7.20865 2.44088e-05 2.04073e-05 3.85993
40 3.08373e-05 3.82996e-05 6.75426 2.51821e-05 1.91191e-05 3.64668
41 2.99705e-05 3.83685e-05 6.89989 2.44285e-05 1.93837e-05 3.77352
42 2.9397e-05 3.95273e-05 7.16398 2.36011e-05 1.88482e-05 3.56052
43 2.81328e-05 3.6714e-05 6.54013 2.32997e-05 1.86383e-05 3.52746
44 2.90144e-05 3.78921e-05 6.83727 2.36082e-05 1.91755e-05 3.67238
45 2.78203e-05 3.4726e-05 6.31352 2.26216e-05 1.77798e-05 3.39749
46 2.78363e-05 3.63874e-05 6.58255 2.21592e-05 1.76106e-05 3.42161
47 2.66234e-05 3.45702e-05 6.13982 2.20648e-05 1.81288e-05 3.31657
48 2.74663e-05 3.77986e-05 6.70265 2.24028e-05 1.83686e-05 3.42803
49 2.60191e-05 3.73297e-05 6.66178 2.13984e-05 1.78804e-05 3.35841
50 2.73868e-05 3.61753e-05 6.46496 2.22745e-05 1.78182e-05 3.37444
51 2.69479e-05 3.61405e-05 6.43717 2.18582e-05 1.73289e-05 3.27233
52 2.71702e-05 3.54709e-05 6.35158 2.25513e-05 1.71157e-05 3.26028
53 2.61018e-05 3.65652e-05 6.37842 2.13386e-05 1.74073e-05 3.20938
54 2.69063e-05 3.49198e-05 6.29982 2.16038e-05 1.69208e-05 3.21374
55 2.48477e-05 3.49164e-05 6.22385 2.03165e-05 1.68389e-05 3.17116
56 2.47078e-05 3.32283e-05 6.00124 2.08962e-05 1.55687e-05 3.00917
57 2.53534e-05 3.32853e-05 6.00641 2.04461e-05 1.58777e-05 2.98529
58 2.47264e-05 3.39388e-05 6.15838 2.04415e-05 1.60531e-05 3.09537
59 2.45131e-05 3.35718e-05 6.03019 2.01797e-05 1.58529e-05 2.96192
60 2.47441e-05 3.55467e-05 6.19281 1.97086e-05 1.71827e-05 3.13788
61 2.36987e-05 3.48141e-05 6.24332 1.89833e-05 1.59408e-05 2.92807
62 2.52176e-05 3.26896e-05 5.92405 2.00819e-05 1.58261e-05 3.03663
63 2.42139e-05 3.19199e-05 5.7207 1.96466e-05 1.53944e-05 2.92759
64 2.40364e-05 3.29475e-05 5.80419 1.92362e-05 1.59797e-05 2.93456
65 2.37088e-05 3.34391e-05 5.91482 1.94391e-05 1.55686e-05 2.87579
66 2.39725e-05 3.27193e-05 5.75042 1.96592e-05 1.54934e-05 2.90339
67 2.37454e-05 3.22895e-05 5.74631 1.93464e-05 1.53126e-05 2.81077
68 2.17795e-05 3.07938e-05 5.44816 1.85298e-05 1.48747e-05 2.73923
69 2.3427e-05 3.20676e-05 5.73608 1.91865e-05 1.49367e-05 2.74194
70 2.20635e-05 3.27929e-05 5.73823 1.74839e-05 1.51089e-05 2.71042
71 2.2097e-05 3.19122e-05 5.72095 1.82646e-05 1.47516e-05 2.75238
72 2.16427e-05 3.19818e-05 5.67526 1.76352e-05 1.51706e-05 2.76061
73 2.26481e-05 3.19478e-05 5.73059 1.87889e-05 1.4641e-05 2.7889
74 2.3119e-05 3.30102e-05 5.81135 1.89785e-05 1.53508e-05 2.84807
75 2.18287e-05 3.19419e-05 5.67087 1.74921e-05 1.47228e-05 2.71625
76 2.14366e-05 3.0799e-05 5.4521 1.71796e-05 1.4777e-05 2.69468
77 2.16135e-05 3.11952e-05 5.55969 1.73051e-05 1.48029e-05 2.72749
78 2.14777e-05 2.8503e-05 5.11255 1.75583e-05 1.41262e-05 2.64453
79 2.266e-05 3.09974e-05 5.50985 1.81307e-05 1.41843e-05 2.57608
80 2.15021e-05 3.08596e-05 5.48952 1.69844e-05 1.44878e-05 2.63721
81 2.11062e-05 2.88403e-05 5.19821 1.77692e-05 1.37986e-05 2.64181
82 2.16521e-05 3.11548e-05 5.46215 1.73317e-05 1.42733e-05 2.56999
83 2.02613e-05 3.2238e-05 5.68042 1.67018e-05 1.50533e-05 2.72994
84 2.05434e-05 3.01384e-05 5.33417 1.66129e-05 1.42538e-05 2.57304
85 2.13069e-05 2.86712e-05 5.09641 1.7132e-05 1.40717e-05 2.60719
86 2.05333e-05 3.05684e-05 5.44474 1.64555e-05 1.39492e-05 2.53716
87 2.10628e-05 3.20075e-05 5.63326 1.69822e-05 1.44949e-05 2.65489
88 2.02437e-05 2.93471e-05 5.21738 1.6577e-05 1.39869e-05 2.58042
89 1.93524e-05 3.01178e-05 5.24619 1.61741e-05 1.43801e-05 2.62566
90 2.10301e-05 3.10717e-05 5.42219 1.66139e-05 1.38022e-05 2.50253
91 2.04215e-05 3.00226e-05 5.33055 1.68261e-05 1.37054e-05 2.52151
92 2.06464e-05 3.02516e-05 5.38131 1.68072e-05 1.36003e-05 2.52641
93 2.01107e-05 3.01308e-05 5.283 1.57458e-05 1.36498e-05 2.43533
94 1.97836e-05 3.01186e-05 5.22634 1.52533e-05 1.40728e-05 2.48265
95 1.97152e-05 2.86146e-05 5.04158 1.59986e-05 1.30736e-05 2.3103
96 1.93588e-05 3.10748e-05 5.38159 1.59501e-05 1.38824e-05 2.47547
97 1.92766e-05 2.93052e-05 5.26839 1.5579e-05 1.3519e-05 2.49827
98 1.96312e-05 3.04241e-05 5.37238 1.56884e-05 1.38523e-05 2.50948
99 1.98788e-05 2.93547e-05 5.13194 1.61882e-05 1.34443e-05 2.36713
100 1.81654e-05 2.85625e-05 5.04562 1.479e-05 1.33814e-05 2.42668
101 1.9469e-05 2.82441e-05 5.01389 1.57691e-05 1.29935e-05 2.36756
102 1.87057e-05 2.74607e-05 4.89691 1.51286e-05 1.27649e-05 2.2914
103 1.91976e-05 2.8064e-05 4.92421 1.54946e-05 1.31457e-05 2.34808
104 1.85276e-05 2.7912e-05 4.93027 1.48639e-05 1.26207e-05 2.24818
105 1.87624e-05 2.89939e-05 5.0627 1.45093e-05 1.33319e-05 2.31381
106 1.87141e-05 2.886e-05 4.9854 1.50986e-05 1.26438e-05 2.24873
107 1.90677e-05 2.94175e-05 5.21893 1.52287e-05 1.31425e-05 2.33845
108 1.844e-05 2.90146e-05 5.16731 1.44439e-05 1.28472e-05 2.31311
109 1.83372e-05 2.85518e-05 5.02815 1.49135e-05 1.25372e-05 2.23589
110 1.80677e-05 2.9003e-05 5.006 1.46477e-05 1.32982e-05 2.34897
111 1.80688e-05 2.88178e-05 5.00263 1.52016e-05 1.27687e-05 2.28173
112 1.80859e-05 2.73526e-05 4.80081 1.46911e-05 1.27937e-05 2.28321
113 1.84125e-05 2.59489e-05 4.64522 1.49653e-05 1.22085e-05 2.19946
114 1.81638e-05 2.6323e-05 4.52997 1.48872e-05 1.25106e-05 2.1861
115 1.80248e-05 2.83797e-05 4.95743 1.43873e-05 1.28957e-05 2.24985
116 1.82713e-05 2.7119e-05 4.77508 1.45757e-05 1.25821e-05 2.23649
117 1.79914e-05 2.64565e-05 4.64518 1.47135e-05 1.22584e-05 2.20187
118 1.77035e-05 2.72499e-05 4.71966 1.39127e-05 1.24722e-05 2.14756
119 1.77291e-05 2.79977e-05 4.89575 1.44634e-05 1.20612e-05 2.19789
120 1.80641e-05 2.81503e-05 4.90038 1.4882e-05 1.24616e-05 2.25469
121 1.84988e-05 2.78284e-05 4.84728 1.48336e-05 1.21385e-05 2.15783
122 1.80166e-05 2.63639e-05 4.59074 1.43761e-05 1.1977e-05 2.0568
123 1.80463e-05 2.74339e-05 4.77492 1.47033e-05 1.21045e-05 2.11529
124 1.72983e-05 2.74927e-05 4.76567 1.38447e-05 1.23258e-05 2.13714
125 1.82413e-05 2.80853e-05 4.90948 1.41993e-05 1.28072e-05 2.25944
126 1.76409e-05 2.76166e-05 4.84288 1.40311e-05 1.23696e-05 2.19382
127 1.7432e-05 2.79788e-05 4.85615 1.38272e-05 1.20417e-05 2.08886
128 1.75991e-05 2.89011e-05 5.08092 1.37354e-05 1.18147e-05 2.06832
129 1.74896e-05 2.89952e-05 4.9518 1.36562e-05 1.22305e-05 2.06308
130 1.82153e-05 2.76506e-05 4.83172 1.44553e-05 1.22066e-05 2.1546
131 1.67166e-05 2.70775e-05 4.63667 1.35957e-05 1.2045e-05 2.05313
132 1.74399e-05 2.62101e-05 4.53321 1.40557e-05 1.16544e-05 2.02542
133 1.67457e-05 2.80191e-05 4.81825 1.37048e-05 1.1951e-05 2.05761
134 1.70401e-05 2.66714e-05 4.57161 1.36743e-05 1.19133e-05 2.02773
135 1.63381e-05 2.60534e-05 4.51423 1.29751e-05 1.18145e-05 2.03814
136 1.76073e-05 2.66123e-05 4.61495 1.38303e-05 1.15685e-05 2.01025
137 1.69342e-05 2.85417e-05 5.01767 1.32718e-05 1.1843e-05 2.05231
138 1.66502e-05 2.5027e-05 4.36326 1.35735e-05 1.15104e-05 2.03438
139 1.66919e-05 2.65911e-05 4.5927 1.37395e-05 1.17255e-05 2.08933
140 1.62201e-05 2.66378e-05 4.67551 1.32828e-05 1.16361e-05 2.04575
141 1.6724e-05 2.65945e-05 4.63506 1.32129e-05 1.19569e-05 2.03197
142 1.66949e-05 2.69484e-05 4.70843 1.30311e-05 1.20329e-05 2.07073
143 1.63612e-05 2.55311e-05 4.37075 1.30713e-05 1.14431e-05 1.95735
144 1.6992e-05 2.66034e-05 4.67924 1.35937e-05 1.17197e-05 2.09286
145 1.64481e-05 2.63448e-05 4.54987 1.32304e-05 1.16962e-05 2.01564
146 1.68121e-05 2.71128e-05 4.76648 1.31535e-05 1.14595e-05 2.01647
147 1.68903e-05 2.65418e-05 4.61493 1.3215e-05 1.11451e-05 1.94986
148 1.68971e-05 2.65197e-05 4.46304 1.30525e-05 1.16562e-05 1.97042
149 1.67551e-05 2.64471e-05 4.61525 1.30798e-05 1.1713e-05 2.03694
150 1.62036e-05 2.66724e-05 4.63493 1.26692e-05 1.13674e-05 1.96338
151 1.61855e-05 2.83606e-05 4.96783 1.26599e-05 1.16165e-05 2.02931
152 1.61552e-05 2.62768e-05 4.50674 1.26791e-05 1.13726e-05 1.93732
153 1.57109e-05 2.67302e-05 4.65819 1.19222e-05 1.105e-05 1.88112
154 1.52813e-05 2.52025e-05 4.29275 1.20014e-05 1.11193e-05 1.87241
155 1.60215e-05 2.61734e-05 4.50625 1.27426e-05 1.13477e-05 1.97723
156 1.58e-05 2.58247e-05 4.41724 1.22023e-05 1.13347e-05 1.93105
157 1.56008e-05 2.43574e-05 4.21624 1.24475e-05 1.0821e-05 1.88513
158 1.58663e-05 2.53715e-05 4.31916 1.23407e-05 1.1453e-05 1.93274
159 1.57257e-05 2.73794e-05 4.67559 1.28867e-05 1.14416e-05 1.9596
160 1.63995e-05 2.59209e-05 4.50549 1.29106e-05 1.09259e-05 1.87808
161 1.5849e-05 2.61044e-05 4.48981 1.22873e-05 1.09943e-05 1.82708
162 1.555e-05 2.55419e-05 4.39712 1.20768e-05 1.11128e-05 1.90116
163 1.63102e-05 2.65632e-05 4.53617 1.30468e-05 1.10574e-05 1.88474
164 1.55614e-05 2.50449e-05 4.34145 1.25884e-05 1.08338e-05 1.87052
165 1.57552e-05 2.5547e-05 4.41358 1.23147e-05 1.10083e-05 1.85495
166 1.57411e-05 2.56769e-05 4.38306 1.25572e-05 1.12544e-05 1.93636
167 1.55554e-05 2.54838e-05 4.37178 1.22929e-05 1.11081e-05 1.87788
168 1.56199e-05 2.57615e-05 4.40855 1.2135e-05 1.11078e-05 1.82904
169 1.56745e-05 2.50199e-05 4.31737 1.22865e-05 1.08029e-05 1.83223
170 1.53249e-05 2.49736e-05 4.31229 1.22509e-05 1.11707e-05 1.91328
171 1.55746e-05 2.47453e-05 4.25255 1.20958e-05 1.06146e-05 1.80357
172 1.56724e-05 2.5149e-05 4.31211 1.23434e-05 1.10522e-05 1.87559
173 1.57315e-05 2.55424e-05 4.37772 1.22086e-05 1.12528e-05 1.89911
174 1.54991e-05 2.57678e-05 4.39361 1.22152e-05 1.12224e-05 1.86529
175 1.58408e-05 2.74013e-05 4.75845 1.24582e-05 1.15539e-05 1.99446
176 1.51904e-05 2.68299e-05 4.56787 1.18797e-05 1.09774e-05 1.81835
177 1.54667e-05 2.45183e-05 4.24953 1.21097e-05 1.06346e-05 1.829
178 1.50562e-05 2.56218e-05 4.39826 1.16839e-05 1.11216e-05 1.88308
179 1.49064e-05 2.50284e-05 4.26104 1.20169e-05 1.08101e-05 1.81639
180 1.53855e-05 2.4544e-05 4.19628 1.23987e-05 1.05612e-05 1.76844
181 1.46773e-05 2.6057e-05 4.44257 1.16996e-05 1.14845e-05 1.93528
182 1.52289e-05 2.53245e-05 4.34157 1.17597e-05 1.12569e-05 1.90408
183 1.5025e-05 2.55411e-05 4.35115 1.19724e-05 1.08733e-05 1.83837
184 1.53536e-05 2.36177e-05 4.13554 1.20566e-05 1.05705e-05 1.8174
185 1.50662e-05 2.46088e-05 4.19466 1.18075e-05 1.08077e-05 1.82301
186 1.50302e-05 2.37219e-05 4.13562 1.17434e-05 9.9492e-06 1.70641
187 1.47671e-05 2.41577e-05 4.15713 1.15704e-05 1.06746e-05 1.77798
188 1.47528e-05 2.58988e-05 4.46406 1.18032e-05 1.08633e-05 1.85205
189 1.45902e-05 2.46202e-05 4.21322 1.17635e-05 1.02152e-05 1.70368
190 1.46174e-05 2.50466e-05 4.26095 1.13287e-05 1.03137e-05 1.74265
191 1.451e-05 2.45535e-05 4.25573 1.14988e-05 1.03269e-05 1.75299
192 1.45284e-05 2.62369e-05 4.51052 1.13824e-05 1.11487e-05 1.84468
193 1.48298e-05 2.44677e-05 4.15039 1.15783e-05 1.03857e-05 1.70017
194 1.51823e-05 2.37622e-05 4.06306 1.1802e-05 1.02182e-05 1.68038
195 1.4453e-05 2.39892e-05 4.05034 1.15466e-05 1.04369e-05 1.75098
196 1.38267e-05 2.61778e-05 4.4764 1.09529e-05 1.06682e-05 1.76258
197 1.462e-05 2.37741e-05 4.10682 1.15388e-05 1.04348e-05 1.76285
198 1.39779e-05 2.39803e-05 4.10027 1.12555e-05 1.02281e-05 1.73649
199 1.50395e-05 2.52793e-05 4.32064 1.14491e-05 1.066e-05 1.79199
200 1.47238e-05 2.48667e-05 4.23207 1.1229e-05 1.07249e-05 1.75343
201 1.45068e-05 2.41951e-05 4.14284 1.1217e-05 1.01352e-05 1.69224
202 1.44978e-05 2.60394e-05 4.42343 1.13432e-05 1.07266e-05 1.78461
203 1.47769e-05 2.47751e-05 4.17325 1.18732e-05 1.05982e-05 1.75322
204 1.4173e-05 2.42066e-05 4.13147 1.1e-05 1.05584e-05 1.75031
205 1.42343e-05 2.40421e-05 4.07559 1.10631e-05 1.0323e-05 1.70096
206 1.47256e-05 2.47041e-05 4.20299 1.15416e-05 1.04214e-05 1.7506
207 1.41637e-05 2.41696e-05 4.09078 1.08792e-05 1.02869e-05 1.68688
208 1.35583e-05 2.47296e-05 4.20898 1.07093e-05 1.03853e-05 1.68636
209 1.45024e-05 2.3612e-05 3.99979 1.13785e-05 1.05025e-05 1.74401
210 1.44756e-05 2.37979e-05 4.08914 1.1183e-05 1.02885e-05 1.74413
211 1.40973e-05 2.33213e-05 3.94316 1.10761e-05 1.04068e-05 1.71858
212 1.3699e-05 2.36616e-05 4.03147 1.07232e-05 1.01324e-05 1.68505
213 1.40439e-05 2.44462e-05 4.13565 1.09828e-05 1.01052e-05 1.69053
214 1.37102e-05 2.44443e-05 4.12786 1.06267e-05 1.05346e-05 1.74081
215 1.45912e-05 2.38933e-05 4.07412 1.12939e-05 1.01593e-05 1.67646
216 1.47255e-05 2.35142e-05 3.98331 1.13083e-05 1.01726e-05 1.66955
217 1.34201e-05 2.47631e-05 4.20614 1.03809e-05 1.05477e-05 1.71905
218 1.3676e-05 2.52418e-05 4.26434 1.0951e-05 1.06441e-05 1.77728
219 1.44164e-05 2.48264e-05 4.26383 1.0927e-05 1.02804e-05 1.69033
220 1.39024e-05 2.61094e-05 4.42176 1.06917e-05 1.03299e-05 1.66341
221 1.37673e-05 2.43316e-05 4.14539 1.05379e-05 1.01123e-05 1.65134
222 1.34306e-05 2.38281e-05 4.06756 1.08666e-05 1.02606e-05 1.71613
223 1.45768e-05 2.38145e-05 4.07302 1.12646e-05 1.02402e-05 1.64001
224 1.42124e-05 2.36099e-05 3.99462 1.10537e-05 1.00877e-05 1.69017
225 1.32416e-05 2.52508e-05 4.21462 1.05255e-05 1.00982e-05 1.63544
226 1.42845e-05 2.65381e-05 4.46427 1.10449e-05 1.06997e-05 1.73307
227 1.40167e-05 2.38407e-05 4.03446 1.09462e-05 1.00995e-05 1.638
228 1.38426e-05 2.4509e-05 4.19588 1.06176e-05 9.6754e-06 1.61552
229 1.37135e-05 2.30749e-05 3.9088 1.09979e-05 9.64036e-06 1.57632
230 1.40878e-05 2.34704e-05 3.96137 1.07117e-05 1.00465e-05 1.65838
231 1.37752e-05 2.38717e-05 4.02866 1.07848e-05 9.74477e-06 1.57093
232 1.34243e-05 2.431e-05 4.15349 1.03967e-05 1.04885e-05 1.73233
233 1.35549e-05 2.47237e-05 4.18327 1.02854e-05 1.01562e-05 1.6769
234 1.40015e-05 2.44377e-05 4.09134 1.08468e-05 9.82077e-06 1.57136
235 1.38684e-05 2.38117e-05 4.01335 1.06113e-05 1.01412e-05 1.63368
236 1.3901e-05 2.38958e-05 4.0613 1.07169e-05 1.01728e-05 1.65945
237 1.36363e-05 2.50316e-05 4.23955 1.05181e-05 1.03103e-05 1.70011
238 1.33961e-05 2.45494e-05 4.15629 1.04225e-05 1.026e-05 1.7023
239 1.3605e-05 2.41286e-05 4.00139 1.05319e-05 1.01181e-05 1.62515
240 1.41082e-05 2.387e-05 4.05064 1.09934e-05 9.90888e-06 1.60408
241 1.346e-05 2.38615e-05 4.08376 1.04752e-05 1.00066e-05 1.63777
242 1.312e-05 2.49677e-05 4.24187 1.01438e-05 1.00953e-05 1.62572
243 1.32103e-05 2.44794e-05 4.16411 1.03439e-05 1.02615e-05 1.67086
244 1.34135e-05 2.33051e-05 3.87375 1.0591e-05 9.84808e-06 1.58022
245 1.35789e-05 2.49733e-05 4.27271 1.04887e-05 1.02543e-05 1.68567
246 1.29073e-05 2.44786e-05 4.17226 9.91286e-06 9.89232e-06 1.59788
247 1.31354e-05 2.27049e-05 3.79715 1.0192e-05 9.66425e-06 1.55848
248 1.374e-05 2.41318e-05 4.08673 1.04565e-05 9.96893e-06 1.63978
249 1.36039e-05 2.43826e-05 4.10514 1.06893e-05 9.98859e-06 1.60867
250 1.30639e-05 2.4391e-05 4.11249 1.00344e-05 1.00954e-05 1.61088
251 1.30546e-05 2.42024e-05 4.04264 1.01714e-05 1.02062e-05 1.63077
252 1.30552e-05 2.29411e-05 3.86446 9.95689e-06 9.61296e-06 1.50663
253 1.28411e-05 2.3787e-05 3.99559 1.00185e-05 9.80346e-06 1.54962
254 1.31035e-05 2.34814e-05 3.94683 1.00891e-05 9.78907e-06 1.60061
255 1.31148e-05 2.3715e-05 3.9857 9.90927e-06 9.85542e-06 1.55704
256 1.32608e-05 2.25266e-05 3.77051 1.01378e-05 9.35279e-06 1.50562
257 1.28459e-05 2.34274e-05 3.89513 1.0174e-05 9.90851e-06 1.60085
258 1.32722e-05 2.50595e-05 4.24956 1.02127e-05 1.02828e-05 1.6573
259 1.3071e-05 2.34978e-05 3.95455 9.94952e-06 9.92392e-06 1.55421
260 1.28139e-05 2.3638e-05 3.96106 1.01176e-05 9.96368e-06 1.58952
261 1.23492e-05 2.3907e-05 3.9873 9.69989e-06 1.00212e-05 1.61934
262 1.374e-05 2.37811e-05 4.06189 9.92349e-06 9.49361e-06 1.51282
263 1.34822e-05 2.33935e-05 3.93551 1.03693e-05 9.9045e-06 1.56669
264 1.28042e-05 2.44408e-05 4.05907 9.80861e-06 1.02167e-05 1.61918
265 1.27842e-05 2.30464e-05 3.77813 9.77229e-06 9.86497e-06 1.5681
266 1.30769e-05 2.35539e-05 3.91699 1.01706e-05 9.76584e-06 1.5435
267 1.31776e-05 2.47502e-05 4.13635 1.00089e-05 1.01535e-05 1.61665
268 1.30375e-05 2.43292e-05 4.13345 1.0157e-05 9.78165e-06 1.59032
269 1.31084e-05 2.33029e-05 3.91955 9.95068e-06 9.94646e-06 1.57109
270 1.22112e-05 2.36889e-05 3.96321 9.72496e-06 9.78091e-06 1.55046
271 1.31504e-05 2.32844e-05 3.89259 1.00178e-05 9.85549e-06 1.58401
272 1.2753e-05 2.28109e-05 3.84237 9.71466e-06 9.59468e-06 1.52605
273 1.30165e-05 2.36801e-05 3.99068 9.75597e-06 9.87718e-06 1.56262
274 1.2141e-05 2.4621e-05 4.08718 9.30064e-06 9.92237e-06 1.56741
275 1.28998e-05 2.39362e-05 3.99423 9.8664e-06 9.97731e-06 1.58164
276 1.26541e-05 2.30681e-05 3.84966 9.78378e-06 9.79967e-06 1.56294
277 1.23188e-05 2.43858e-05 4.04719 9.36116e-06 9.89627e-06 1.56483
278 1.26746e-05 2.45193e-05 4.08487 9.83326e-06 1.02745e-05 1.62871
279 1.31827e-05 2.40237e-05 4.01656 1.01373e-05 1.01883e-05 1.62099
280 1.30019e-05 2.37316e-05 3.95265 9.65968e-06 1.0112e-05 1.5791
281 1.28433e-05 2.47453e-05 4.09418 9.63016e-06 1.02304e-05 1.5638
282 1.23657e-05 2.3092e-05 3.85828 9.35604e-06 9.59427e-06 1.53359
283 1.27112e-05 2.33516e-05 3.91043 9.64909e-06 9.81622e-06 1.53613
284 1.26975e-05 2.35301e-05 3.89937 9.51851e-06 9.62321e-06 1.49524
285 1.22427e-05 2.36621e-05 3.9298 9.49195e-06 9.86401e-06 1.57959
286 1.27185e-05 2.28988e-05 3.8353 9.56058e-06 9.75825e-06 1.52614
287 1.20547e-05 2.30468e-05 3.84073 9.48274e-06 9.42169e-06 1.48257
288 1.25678e-05 2.37374e-05 3.97751 9.59516e-06 9.61876e-06 1.54011
289 1.22335e-05 2.50371e-05 4.20604 9.54435e-06 9.99511e-06 1.58495
290 1.29973e-05 2.3194e-05 3.91116 9.63523e-06 9.64086e-06 1.51835
291 1.23127e-05 2.29995e-05 3.88627 9.47982e-06 9.33908e-06 1.49412
292 1.27925e-05 2.3712e-05 3.93212 9.77474e-06 9.58309e-06 1.50437
293 1.24615e-05 2.43547e-05 4.08258 9.65951e-06 1.00453e-05 1.59751
294 1.21819e-05 2.32262e-05 3.81514 9.27211e-06 9.69647e-06 1.50416
295 1.19247e-05 2.2675e-05 3.7529 9.05765e-06 9.81035e-06 1.52859
296 1.19313e-05 2.45335e-05 4.09314 9.06856e-06 1.02696e-05 1.62508
297 1.29823e-05 2.3118e-05 3.87804 9.93092e-06 9.47093e-06 1.51574
298 1.24903e-05 2.1814e-05 3.6596 9.11416e-06 9.24341e-06 1.44142
299 1.26043e-05 2.47373e-05 4.11716 9.62655e-06 9.80452e-06 1.52986
300 1.21351e-05 2.39901e-05 4.00306 9.44378e-06 9.58011e-06 1.50583
301 1.2094e-05 2.32817e-05 3.84126 9.14288e-06 9.96854e-06 1.53697
302 1.22111e-05 2.43741e-05 4.08525 9.27588e-06 9.79206e-06 1.53598
303 1.23476e-05 2.3788e-05 3.92847 9.41116e-06 9.70342e-06 1.49743
304 1.22563e-05 2.34481e-05 3.85308 9.39055e-06 9.52205e-06 1.48852
305 1.24993e-05 2.39619e-05 3.99301 9.31111e-06 9.72544e-06 1.49855
306 1.21737e-05 2.41182e-05 3.97347 9.46065e-06 9.66792e-06 1.51929
307 1.19044e-05 2.17654e-05 3.59721 9.30127e-06 9.47706e-06 1.50414
308 1.25681e-05 2.41801e-05 3.99649 9.60663e-06 9.65189e-06 1.47807
309 1.18769e-05 2.42869e-05 4.05814 9.04623e-06 9.55802e-06 1.50203
310 1.20156e-05 2.32748e-05 3.83292 9.27545e-06 9.90081e-06 1.54694
311 1.16604e-05 2.35312e-05 3.92733 8.91523e-06 9.8936e-06 1.55862
312 1.23969e-05 2.4501e-05 4.05735 9.57975e-06 9.88003e-06 1.51621
313 1.20968e-05 2.36435e-05 3.92928 9.07664e-06 9.85518e-06 1.53604
314 1.2244e-05 2.28846e-05 3.74245 9.29787e-06 9.35655e-06 1.42516
315 1.25272e-05 2.3094e-05 3.83663 9.33185e-06 9.35859e-06 1.44783
316 1.19373e-05 2.37981e-05 3.95239 9.11894e-06 9.77103e-06 1.53385
317 1.1829e-05 2.43871e-05 4.07112 8.81717e-06 1.01243e-05 1.56243
318 1.21412e-05 2.41587e-05 4.03805 9.12054e-06 9.79514e-06 1.49783
319 1.24428e-05 2.31981e-05 3.7969 9.414e-06 9.63364e-06 1.47802
320 1.19629e-05 2.42026e-05 4.03501 9.05539e-06 9.4857e-06 1.48962
321 1.2516e-05 2.35686e-05 3.85221 9.38233e-06 9.6439e-06 1.45889
322 1.21253e-05 2.36937e-05 3.89042 9.18212e-06 9.5405e-06 1.50258
323 1.25409e-05 2.44331e-05 4.06158 9.45688e-06 9.82117e-06 1.53592
324 1.23634e-05 2.39657e-05 3.97759 9.532e-06 9.90747e-06 1.55254
325 1.18751e-05 2.3458e-05 3.87457 8.93607e-06 9.70395e-06 1.51686
326 1.21298e-05 2.39983e-05 3.99984 9.2635e-06 9.87192e-06 1.52656
327 1.24185e-05 2.25287e-05 3.76207 9.45871e-06 9.58693e-06 1.50153
328 1.20834e-05 2.28715e-05 3.76657 9.14437e-06 9.88737e-06 1.50922
329 1.14702e-05 2.38813e-05 3.92357 8.89232e-06 9.85471e-06 1.54173
330 1.23448e-05 2.27115e-05 3.77869 9.18209e-06 9.62792e-06 1.52174
331 1.18199e-05 2.30995e-05 3.86335 9.10165e-06 9.67532e-06 1.51546
332 1.19078e-05 2.33916e-05 3.84407 8.84645e-06 9.78819e-06 1.51016
333 1.19557e-05 2.3784e-05 3.93465 9.14751e-06 9.70374e-06 1.51488
334 1.19839e-05 2.33789e-05 3.86821 8.65699e-06 9.70698e-06 1.50134
335 1.22215e-05 2.23367e-05 3.69999 9.23383e-06 9.29519e-06 1.4475
336 1.17721e-05 2.37799e-05 3.96201 9.08955e-06 9.64316e-06 1.51029
337 1.19744e-05 2.33575e-05 3.89336 9.11933e-06 9.53387e-06 1.48527
338 1.22405e-05 2.38609e-05 3.88419 9.40008e-06 9.81993e-06 1.48445
339 1.16681e-05 2.42715e-05 4.0005 8.77606e-06 9.7781e-06 1.48381
340 1.17355e-05 2.39871e-05 3.90675 8.97918e-06 9.70379e-06 1.45986
341 1.14628e-05 2.46677e-05 4.05856 8.85016e-06 9.90349e-06 1.49606
342 1.24983e-05 2.31181e-05 3.81919 9.33191e-06 9.52354e-06 1.4478
343 1.23854e-05 2.36333e-05 3.87411 9.28303e-06 9.80237e-06 1.48461
344 1.17428e-05 2.18775e-05 3.63233 8.68572e-06 8.9081e-06 1.37232
345 1.16809e-05 2.37552e-05 3.90906 8.66414e-06 9.68615e-06 1.46453
346 1.16279e-05 2.45414e-05 4.01974 8.71451e-06 9.63501e-06 1.45979
347 1.15982e-05 2.23398e-05 3.68154 8.55283e-06 9.44732e-06 1.4433
348 1.17825e-05 2.26428e-05 3.77762 9.00772e-06 8.96228e-06 1.40406
349 1.15244e-05 2.43419e-05 4.00957 8.59981e-06 9.54865e-06 1.46416
350 1.15094e-05 2.26575e-05 3.73319 8.71944e-06 8.92179e-06 1.40677
351 1.19617e-05 2.33663e-05 3.84489 8.94948e-06 9.45978e-06 1.43387
352 1.16761e-05 2.27003e-05 3.75872 8.8911e-06 9.33996e-06 1.44276
353 1.17586e-05 2.33786e-05 3.83475 9.00441e-06 9.50955e-06 1.45457
354 1.14406e-05 2.29858e-05 3.7715 8.88977e-06 9.29495e-06 1.43403
355 1.14091e-05 2.37264e-05 3.89013 8.72852e-06 9.42982e-06 1.44443
356 1.17401e-05 2.3845e-05 3.90622 8.88638e-06 9.58559e-06 1.45578
357 1.18423e-05 2.37427e-05 3.8942 8.76158e-06 9.53188e-06 1.4469
358 1.20549e-05 2.31466e-05 3.76885 9.00237e-06 9.4387e-06 1.42
359 1.17802e-05 2.30664e-05 3.79161 8.95992e-06 9.07453e-06 1.36217
360 1.13421e-05 2.27864e-05 3.77344 8.7527e-06 9.13617e-06 1.42042
361 1.1395e-05 2.30984e-05 3.79841 8.83659e-06 9.4654e-06 1.45583
362 1.18641e-05 2.261e-05 3.67299 8.94427e-06 9.17384e-06 1.40343
363 1.20306e-05 2.12254e-05 3.46963 9.16024e-06 8.99988e-06 1.3495
364 1.17601e-05 2.32345e-05 3.78839 8.71422e-06 9.8075e-06 1.48088
365 1.17043e-05 2.23704e-05 3.65078 8.80148e-06 9.25497e-06 1.38412
366 1.18661e-05 2.31966e-05 3.77407 9.04371e-06 9.44091e-06 1.40526
367 1.13614e-05 2.39094e-05 3.92487 8.63147e-06 9.51778e-06 1.43922
368 1.1598e-05 2.38662e-05 3.9133 8.54652e-06 9.59642e-06 1.44353
369 1.12854e-05 2.17231e-05 3.58708 8.55803e-06 8.97646e-06 1.39792
370 1.10372e-05 2.23063e-05 3.6408 8.35e-06 9.357e-06 1.40149
371 1.16405e-05 2.26434e-05 3.76368 8.6992e-06 9.2904e-06 1.42729
372 1.15238e-05 2.24918e-05 3.69907 8.76389e-06 9.19881e-06 1.41834
373 1.15217e-05 2.17601e-05 3.56784 8.45697e-06 9.28595e-06 1.39645
374 1.13237e-05 2.30692e-05 3.82523 8.26287e-06 9.14343e-06 1.37548
375 1.17524e-05 2.36118e-05 3.89254 8.9249e-06 9.54064e-06 1.43418
376 1.13588e-05 2.25744e-05 3.66322 8.44668e-06 9.10248e-06 1.35533
377 1.15563e-05 2.34818e-05 3.80855 8.86047e-06 9.6139e-06 1.45931
378 1.16695e-05 2.28392e-05 3.7442 8.57643e-06 9.36554e-06 1.4186
379 1.13538e-05 2.24938e-05 3.66678 8.51528e-06 9.26116e-06 1.38867
380 1.14116e-05 2.25948e-05 3.64807 8.50926e-06 9.43581e-06 1.41462
381 1.13703e-05 2.29575e-05 3.75358 8.49251e-06 9.07261e-06 1.39605
382 1.10867e-05 2.43612e-05 3.97268 8.59577e-06 9.59897e-06 1.41493
383 1.13767e-05 2.25479e-05 3.64093 8.56976e-06 9.29606e-06 1.36158
384 1.13962e-05 2.25044e-05 3.66027 8.32795e-06 9.3096e-06 1.39031
385 1.12451e-05 2.36878e-05 3.8729 8.39629e-06 9.4649e-06 1.40269
386 1.08602e-05 2.30185e-05 3.74365 8.25327e-06 9.61801e-06 1.47572
387 1.12584e-05 2.2971e-05 3.69373 8.40386e-06 9.40198e-06 1.40619
388 1.11453e-05 2.16288e-05 3.47958 8.31288e-06 8.9698e-06 1.36848
389 1.15291e-05 2.32435e-05 3.84176 8.479e-06 9.26665e-06 1.3963
390 1.10043e-05 2.27146e-05 3.77728 8.32318e-06 8.90466e-06 1.37558
391 1.1542e-05 2.19428e-05 3.55571 8.84997e-06 9.09669e-06 1.3966
392 1.15641e-05 2.3736e-05 3.86304 8.71005e-06 9.62487e-06 1.43304
393 1.12453e-05 2.31305e-05 3.7821 8.37695e-06 9.36129e-06 1.41042
394 1.12315e-05 2.29973e-05 3.76815 8.25011e-06 9.00223e-06 1.34949
395 1.12438e-05 2.24173e-05 3.66546 8.4709e-06 9.20926e-06 1.38726
396 1.1609e-05 2.28433e-05 3.69331 8.87961e-06 9.42966e-06 1.43535
397 1.14648e-05 2.25187e-05 3.69491 8.21575e-06 8.97054e-06 1.36029
398 1.1409e-05 2.2183e-05 3.61429 8.49594e-06 9.32936e-06 1.37879
399 1.13564e-05 2.25173e-05 3.65851 8.48882e-06 9.30447e-06 1.37026
400 1.11253e-05 2.31775e-05 3.77911 8.4561e-06 9.30926e-06 1.35952
401 1.10701e-05 2.28143e-05 3.69169 8.39226e-06 9.14639e-06 1.34061
402 1.10806e-05 2.29348e-05 3.71886 8.52114e-06 9.44773e-06 1.41309
403 1.10396e-05 2.1812e-05 3.58683 8.18221e-06 8.91711e-06 1.33775
404 1.0806e-05 2.38891e-05 3.93305 8.07597e-06 9.54879e-06 1.43118
405 1.11336e-05 2.17729e-05 3.52896 8.19847e-06 9.19122e-06 1.35445
406 1.1258e-05 2.2665e-05 3.68374 8.37121e-06 9.19056e-06 1.36928
407 1.08791e-05 2.26021e-05 3.69141 8.03184e-06 9.32207e-06 1.38072
408 1.09666e-05 2.3062e-05 3.76839 8.46603e-06 9.24657e-06 1.38584
409 1.13951e-05 2.23937e-05 3.65709 8.58596e-06 8.88621e-06 1.35013
410 1.12947e-05 2.29723e-05 3.79085 8.39626e-06 9.03848e-06 1.36468
411 1.1024e-05 2.22001e-05 3.58825 8.30506e-06 9.17492e-06 1.38218
412 1.06925e-05 2.34683e-05 3.82377 8.10621e-06 9.0542e-06 1.33863
413 1.16206e-05 2.23839e-05 3.67154 8.66362e-06 8.90116e-06 1.35027
414 1.09642e-05 2.24043e-05 3.63768 7.8641e-06 9.11492e-06 1.36387
415 1.11146e-05 2.25902e-05 3.6704 8.19736e-06 9.1791e-06 1.39356
416 1.09849e-05 2.26468e-05 3.66385 8.03939e-06 9.40802e-06 1.39783
417 1.11759e-05 2.14439e-05 3.47165 8.32927e-06 9.19397e-06 1.35824
418 1.11615e-05 2.14363e-05 3.40398 8.19911e-06 9.33017e-06 1.36006
419 1.08346e-05 2.44579e-05 3.97329 8.06996e-06 9.56966e-06 1.42747
420 1.0801e-05 2.28621e-05 3.68403 8.19445e-06 9.46817e-06 1.38746
421 1.09827e-05 2.27757e-05 3.70117 8.1093e-06 9.23447e-06 1.35705
422 1.10669e-05 2.23535e-05 3.62677 8.40299e-06 9.1162e-06 1.35856
423 1.12148e-05 2.27595e-05 3.70626 8.08209e-06 9.35909e-06 1.37595
424 1.11045e-05 2.27293e-05 3.62826 8.03181e-06 9.22049e-06 1.34448
425 1.08549e-05 2.3617e-05 3.84026 8.11145e-06 9.13034e-06 1.33459
426 1.13862e-05 2.25351e-05 3.68075 8.43314e-06 9.00697e-06 1.34172
427 1.12078e-05 2.25325e-05 3.72845 8.14537e-06 9.04441e-06 1.35825
428 1.08817e-05 2.34359e-05 3.78463 8.30108e-06 9.17291e-06 1.34236
429 1.07035e-05 2.22664e-05 3.57239 7.91169e-06 9.57011e-06 1.4165
430 1.06835e-05 2.33336e-05 3.76848 8.18692e-06 9.20837e-06 1.36624
431 1.03999e-05 2.26253e-05 3.68708 7.80715e-06 9.13262e-06 1.34458
432 1.15044e-05 2.23301e-05 3.57671 8.52602e-06 9.16037e-06 1.33391
433 1.08886e-05 2.2679e-05 3.64271 7.98179e-06 9.28073e-06 1.36435
434 1.04849e-05 2.26217e-05 3.67246 7.78159e-06 9.20587e-06 1.37673
435 1.11699e-05 2.33646e-05 3.77272 8.41838e-06 9.31945e-06 1.36453
436 1.05616e-05 2.21196e-05 3.59339 7.61133e-06 9.15049e-06 1.3698
437 1.05192e-05 2.25696e-05 3.66337 7.93764e-06 9.19313e-06 1.38191
438 1.07457e-05 2.2591e-05 3.63799 8.03903e-06 9.14302e-06 1.33109
439 1.11424e-05 2.23743e-05 3.62649 8.13294e-06 9.00791e-06 1.32602
440 1.04419e-05 2.29962e-05 3.68973 7.80486e-06 9.14192e-06 1.35156
441 1.08006e-05 2.31455e-05 3.72012 8.05453e-06 9.19475e-06 1.33625
442 1.08977e-05 2.22854e-05 3.57552 7.9825e-06 9.02045e-06 1.32195
443 1.04265e-05 2.23703e-05 3.64437 7.71887e-06 9.172e-06 1.35705
444 1.09424e-05 2.3082e-05 3.71857 7.96605e-06 9.25523e-06 1.34463
445 1.08477e-05 2.33598e-05 3.81622 7.92723e-06 9.4761e-06 1.38991
446 1.09731e-05 2.24731e-05 3.66283 7.98795e-06 9.03955e-06 1.35366
447 1.09216e-05 2.2438e-05 3.67282 8.16292e-06 8.93447e-06 1.33219
448 1.09614e-05 2.27731e-05 3.68177 8.27127e-06 8.8478e-06 1.30587
449 1.0618e-05 2.47705e-05 4.00108 7.90459e-06 9.56019e-06 1.38794
450 1.09572e-05 2.36973e-05 3.82484 8.22949e-06 9.22336e-06 1.34306
451 1.08382e-05 2.17422e-05 3.53202 8.01721e-06 8.78843e-06 1.30628
452 1.09951e-05 2.30059e-05 3.75486 8.34008e-06 9.06053e-06 1.38831
453 1.07658e-05 2.28114e-05 3.67191 7.9502e-06 9.13213e-06 1.35364
454 1.03599e-05 2.30608e-05 3.7336 7.71566e-06 9.15305e-06 1.33318
455 1.07837e-05 2.27378e-05 3.66102 7.89345e-06 9.27408e-06 1.31303
456 1.06243e-05 2.25088e-05 3.65631 7.95961e-06 9.1132e-06 1.35127
457 1.04932e-05 2.26597e-05 3.67331 7.87608e-06 9.26177e-06 1.36715
458 1.03729e-05 2.32866e-05 3.81071 7.89879e-06 9.14432e-06 1.35629
459 1.05593e-05 2.22516e-05 3.59777 7.69314e-06 8.98705e-06 1.32687
460 1.07489e-05 2.21841e-05 3.59357 8.15682e-06 8.93633e-06 1.31061
461 1.07448e-05 2.24314e-05 3.62073 8.05757e-06 8.93773e-06 1.30639
462 1.08208e-05 2.21829e-05 3.56932 7.91383e-06 9.31289e-06 1.35948
463 1.05883e-05 2.14094e-05 3.46404 7.58785e-06 8.80084e-06 1.30636
464 1.03761e-05 2.30759e-05 3.70265 7.80967e-06 9.18826e-06 1.36057
465 1.10371e-05 2.25021e-05 3.63653 7.90201e-06 9.17558e-06 1.33591
466 1.05644e-05 2.29717e-05 3.76084 8.12636e-06 9.07116e-06 1.34226
467 1.11037e-05 2.22919e-05 3.59742 8.18178e-06 9.00448e-06 1.30622
468 1.05857e-05 2.24477e-05 3.6024 7.77989e-06 9.05016e-06 1.28106
469 1.04815e-05 2.23589e-05 3.61403 7.65006e-06 9.12286e-06 1.3134
470 1.07156e-05 2.3397e-05 3.769 7.84437e-06 9.17074e-06 1.32673
471 1.05709e-05 2.23344e-05 3.59822 7.60706e-06 8.88209e-06 1.31539
472 1.07856e-05 2.33376e-05 3.75564 7.86533e-06 9.55737e-06 1.38688
473 1.04398e-05 2.1592e-05 3.48994 7.7183e-06 8.94794e-06 1.3445
474 1.07947e-05 2.28449e-05 3.68181 7.72765e-06 9.24333e-06 1.35122
475 1.03518e-05 2.30994e-05 3.73877 7.769e-06 9.20024e-06 1.34189
476 1.09352e-05 2.21692e-05 3.52313 8.07493e-06 9.07303e-06 1.30303
477 1.04647e-05 2.25351e-05 3.61461 7.57799e-06 9.25349e-06 1.33622
478 1.04376e-05 2.30151e-05 3.6945 7.62843e-06 9.04681e-06 1.32493
479 1.09228e-05 2.26572e-05 3.66797 7.90163e-06 9.13274e-06 1.33404
480 1.0639e-05 2.3006e-05 3.67849 7.84368e-06 9.38693e-06 1.34863
481 1.06672e-05 2.19723e-05 3.54539 7.69721e-06 9.05925e-06 1.31579
482 1.07313e-05 2.22015e-05 3.56115 7.87503e-06 8.93366e-06 1.31476
483 1.02256e-05 2.3244e-05 3.7142 7.64495e-06 9.33367e-06 1.34221
484 1.03947e-05 2.19852e-05 3.50871 7.59539e-06 8.92487e-06 1.28233
485 1.03051e-05 2.19181e-05 3.53396 7.4092e-06 9.25683e-06 1.364
486 1.06277e-05 2.20525e-05 3.53063 7.71675e-06 9.04334e-06 1.29744
487 1.0215e-05 2.2037e-05 3.56223 7.47863e-06 8.85468e-06 1.28647
488 1.04412e-05 2.21659e-05 3.52519 7.58138e-06 9.26822e-06 1.32132
489 1.05048e-05 2.22691e-05 3.56094 7.527e-06 9.12579e-06 1.31777
490 1.06526e-05 2.17366e-05 3.48647 7.79621e-06 9.12772e-06 1.34227
491 1.05064e-05 2.1494e-05 3.47199 7.78104e-06 8.97306e-06 1.28461
492 1.06596e-05 2.28972e-05 3.64848 7.79819e-06 9.19898e-06 1.30605
493 1.05875e-05 2.31229e-05 3.73038 8.17177e-06 9.14899e-06 1.33478
494 1.09163e-05 2.20778e-05 3.54107 7.97856e-06 8.9926e-06 1.29816
495 1.06625e-05 2.22339e-05 3.56125 7.6936e-06 8.69619e-06 1.24555
496 1.02526e-05 2.20851e-05 3.53159 7.50436e-06 9.11181e-06 1.29615
497 1.00678e-05 2.2095e-05 3.52972 7.52516e-06 9.3203e-06 1.33863
498 1.06788e-05 2.33307e-05 3.70731 8.11515e-06 9.06215e-06 1.2879
499 1.0589e-05 2.214e-05 3.58731 7.65285e-06 8.99801e-06 1.32099
500 1.05898e-05 2.3656e-05 3.80626 8.02698e-06 9.3499e-06 1.34999
501 1.04454e-05 2.32571e-05 3.75455 7.77646e-06 9.04273e-06 1.2895
502 1.02493e-05 2.27898e-05 3.6669 7.35765e-06 9.05679e-06 1.32678
503 9.93484e-06 2.27473e-05 3.68705 7.33374e-06 8.688e-06 1.26048
504 1.04243e-05 2.20883e-05 3.58637 7.49548e-06 9.00471e-06 1.30807
505 1.01609e-05 2.29724e-05 3.70488 7.51273e-06 8.98787e-06 1.30009
506 1.05939e-05 2.31805e-05 3.70105 7.87833e-06 9.19762e-06 1.30397
507 9.9535e-06 2.26624e-05 3.63771 7.17417e-06 9.30463e-06 1.3419
508 1.05873e-05 2.19159e-05 3.46432 7.6601e-06 9.45518e-06 1.33506
509 1.0343e-05 2.33197e-05 3.77566 7.55742e-06 9.24148e-06 1.37064
510 1.03337e-05 2.23546e-05 3.56521 7.49315e-06 9.01697e-06 1.30992
511 1.05565e-05 2.36604e-05 3.77357 7.81217e-06 9.1117e-06 1.29902
512 1.04492e-05 2.25529e-05 3.65484 7.6106e-06 8.79894e-06 1.27268
513 1.04923e-05 2.07522e-05 3.31605 7.48919e-06 8.57323e-06 1.2328
514 1.01245e-05 2.17782e-05 3.44385 7.50183e-06 8.90604e-06 1.28959
515 1.0403e-05 2.27296e-05 3.62927 7.66056e-06 9.14761e-06 1.30629
516 1.0527e-05 2.26115e-05 3.5931 7.76553e-06 9.04508e-06 1.28462
517 1.03265e-05 2.31684e-05 3.69493 7.70044e-06 9.14108e-06 1.30474
518 1.03545e-05 2.20016e-05 3.50249 7.39042e-06 9.08285e-06 1.31249
519 1.07473e-05 2.10348e-05 3.35024 7.6507e-06 8.85032e-06 1.27396
520 1.05168e-05 2.267e-05 3.63734 7.61683e-06 9.08122e-06 1.2898
521 1.01162e-05 2.26021e-05 3.59613 7.29644e-06 8.88395e-06 1.26999
522 1.05414e-05 2.24703e-05 3.63824 7.33425e-06 8.93525e-06 1.29556
523 1.00414e-05 2.20091e-05 3.51234 7.31423e-06 9.04988e-06 1.30766
524 1.02792e-05 2.17215e-05 3.46293 7.61807e-06 9.06386e-06 1.29262
525 1.04474e-05 2.20806e-05 3.51272 7.51246e-06 8.85086e-06 1.25925
526 1.06099e-05 2.2354e-05 3.52501 7.47674e-06 8.98476e-06 1.26799
527 1.05976e-05 2.27413e-05 3.63594 7.86497e-06 8.84577e-06 1.26421
528 1.0274e-05 2.18462e-05 3.51456 7.44614e-06 8.81727e-06 1.27015
529 1.01895e-05 2.25673e-05 3.58147 7.68918e-06 8.88672e-06 1.26109
530 1.03107e-05 2.19751e-05 3.47162 7.86722e-06 8.99793e-06 1.31864
531 1.01876e-05 2.36378e-05 3.81043 7.40259e-06 9.33601e-06 1.32941
532 1.02458e-05 2.26615e-05 3.57961 7.69385e-06 9.20238e-06 1.30704
533 1.02849e-05 2.33815e-05 3.67751 7.58752e-06 9.23664e-06 1.29068
534 1.02494e-05 2.29374e-05 3.68131 7.37927e-06 9.26609e-06 1.34685
535 1.03523e-05 2.24342e-05 3.55564 7.4541e-06 9.02773e-06 1.28412
536 1.04359e-05 2.1673e-05 3.4804 7.5877e-06 8.49007e-06 1.20811
537 1.04092e-05 2.19056e-05 3.48633 7.50958e-06 8.74065e-06 1.24525
538 1.05952e-05 2.22941e-05 3.55168 7.7181e-06 8.83791e-06 1.27747
539 9.92628e-06 2.2514e-05 3.56241 7.29335e-06 9.21066e-06 1.32907
540 1.0468e-05 2.18026e-05 3.50883 7.42556e-06 8.83054e-06 1.27351
541 9.98405e-06 2.16214e-05 3.39279 7.4324e-06 8.88231e-06 1.27103
542 1.04868e-05 2.19985e-05 3.50087 7.54278e-06 8.91833e-06 1.2414
543 9.99638e-06 2.22929e-05 3.54408 7.45584e-06 8.88964e-06 1.28409
544 1.00851e-05 2.1662e-05 3.43837 7.23972e-06 8.76458e-06 1.25047
545 1.04656e-05 2.15043e-05 3.41583 7.68512e-06 8.89813e-06 1.27443
546 1.01837e-05 2.3261e-05 3.75166 7.48142e-06 9.12629e-06 1.32057
547 1.01476e-05 2.3291e-05 3.74405 7.36441e-06 9.10215e-06 1.29537
548 1.03167e-05 2.28248e-05 3.65107 7.57683e-06 8.9332e-06 1.27956
549 9.75581e-06 2.21988e-05 3.54498 7.31201e-06 8.83363e-06 1.26622
550 1.05978e-05 2.23691e-05 3.53394 7.6624e-06 9.07337e-06 1.27494
551 1.01427e-05 2.23173e-05 3.5692 7.40617e-06 8.90606e-06 1.25993
552 1.03403e-05 2.22152e-05 3.51507 7.52745e-06 9.0423e-06 1.28226
553 1.01247e-05 2.19859e-05 3.46442 7.35713e-06 8.75811e-06 1.22517
554 9.91906e-06 2.19874e-05 3.49727 7.06986e-06 8.97567e-06 1.2729
555 1.00604e-05 2.26787e-05 3.65609 7.32716e-06 9.18224e-06 1.31705
556 1.006e-05 2.28472e-05 3.67838 7.30765e-06 9.01344e-06 1.29428
557 1.00327e-05 2.14768e-05 3.40738 7.38589e-06 8.83122e-06 1.26658
558 9.75868e-06 2.19341e-05 3.48058 7.22618e-06 8.90405e-06 1.24594
559 1.03081e-05 2.23637e-05 3.57081 7.57526e-06 8.85047e-06 1.24665
560 1.00327e-05 2.30572e-05 3.64891 7.40379e-06 8.98775e-06 1.25127
561 9.60118e-06 2.18467e-05 3.48992 7.15721e-06 8.63244e-06 1.23672
562 9.98033e-06 2.29889e-05 3.61883 7.34907e-06 8.90912e-06 1.24449
563 9.98714e-06 2.26186e-05 3.59091 7.20758e-06 8.94174e-06 1.26728
564 1.00517e-05 2.25292e-05 3.61187 7.06478e-06 8.87872e-06 1.2597
565 9.88483e-06 2.22351e-05 3.56488 7.2476e-06 8.9383e-06 1.28089
566 9.83509e-06 2.20726e-05 3.51819 7.05836e-06 8.76651e-06 1.25232
567 1.04775e-05 2.23928e-05 3.57643 7.49307e-06 9.14525e-06 1.26961
568 9.71753e-06 2.18325e-05 3.4775 7.08024e-06 8.90929e-06 1.2658
569 9.91955e-06 2.2657e-05 3.64487 7.11587e-06 8.86611e-06 1.2703
570 1.02433e-05 2.18481e-05 3.40709 7.54246e-06 8.6947e-06 1.19978
571 1.01214e-05 2.24064e-05 3.56756 7.28556e-06 8.74873e-06 1.24742
572 9.99225e-06 2.3592e-05 3.74047 7.30651e-06 9.03568e-06 1.24208
573 9.99255e-06 2.23935e-05 3.51556 7.36569e-06 9.13834e-06 1.28164
574 1.00426e-05 2.30639e-05 3.63907 7.39264e-06 9.08111e-06 1.23509
575 9.88154e-06 2.2984e-05 3.64245 7.37734e-06 8.99128e-06 1.28152
576 9.76199e-06 2.16993e-05 3.46721 6.93832e-06 8.82014e-06 1.27741
577 9.58475e-06 2.26442e-05 3.58613 6.93891e-06 8.97523e-06 1.27476
578 9.80854e-06 2.20692e-05 3.5215 7.11226e-06 8.85705e-06 1.25298
579 9.67312e-06 2.30826e-05 3.69468 7.11627e-06 9.35278e-06 1.33959
580 9.59546e-06 2.33878e-05 3.7079 7.23906e-06 9.08881e-06 1.28083
581 1.02826e-05 2.21072e-05 3.51081 7.13441e-06 8.82854e-06 1.22553
582 9.53923e-06 2.20447e-05 3.50154 6.87776e-06 8.89135e-06 1.24727
583 9.88197e-06 2.26577e-05 3.60813 7.03482e-06 9.00618e-06 1.29043
584 1.04889e-05 2.01715e-05 3.18182 7.36066e-06 8.6175e-06 1.19576
585 9.61404e-06 2.21828e-05 3.49439 6.96671e-06 9.03201e-06 1.25429
586 1.01514e-05 2.22755e-05 3.54633 7.43422e-06 8.93095e-06 1.25615
587 1.00993e-05 2.26575e-05 3.59246 7.39109e-06 8.95275e-06 1.28733
588 1.02993e-05 2.13796e-05 3.39264 7.47744e-06 8.72013e-06 1.22777
589 9.95958e-06 2.21802e-05 3.46183 7.39833e-06 9.10006e-06 1.26976
590 1.02566e-05 2.27323e-05 3.58906 7.34831e-06 8.91275e-06 1.22805
591 1.00685e-05 2.24187e-05 3.58801 7.58758e-06 8.9976e-06 1.27296
592 9.8656e-06 2.23972e-05 3.59016 7.11987e-06 8.92713e-06 1.25893
593 9.98728e-06 2.17963e-05 3.45898 7.02187e-06 8.78462e-06 1.23632
594 9.88749e-06 2.22392e-05 3.53506 6.99152e-06 9.16172e-06 1.28714
595 9.92492e-06 2.22709e-05 3.51156 7.20002e-06 8.77604e-06 1.2274
596 9.91134e-06 2.16157e-05 3.40787 6.94186e-06 8.996e-06 1.26982
597 9.96865e-06 2.26793e-05 3.6198 7.18511e-06 8.76055e-06 1.2427
598 1.00534e-05 2.2306e-05 3.52513 7.37034e-06 8.90562e-06 1.23729
599 1.0044e-05 2.14127e-05 3.35649 7.12367e-06 8.8422e-06 1.25972
600 9.70218e-06 2.18992e-05 3.4878 6.97357e-06 9.13953e-06 1.28945
601 1.02528e-05 2.26599e-05 3.55328 7.64325e-06 9.17643e-06 1.27421
602 9.56503e-06 2.23117e-05 3.56487 7.00168e-06 9.13588e-06 1.30425
603 9.8631e-06 2.17138e-05 3.44437 6.94587e-06 8.94534e-06 1.28755
604 1.01435e-05 2.16973e-05 3.42502 7.13804e-06 8.96299e-06 1.26084
605 9.65664e-06 2.33937e-05 3.71358 7.18758e-06 9.15605e-06 1.27523
606 9.60986e-06 2.25587e-05 3.57743 6.84308e-06 8.96287e-06 1.25631
607 9.79266e-06 2.2382e-05 3.53187 7.04116e-06 8.96697e-06 1.25005
608 1.00506e-05 2.23393e-05 3.50617 7.27812e-06 8.96174e-06 1.24427
609 9.41712e-06 2.29179e-05 3.69558 6.7887e-06 8.95637e-06 1.28583
610 9.65469e-06 2.17811e-05 3.43148 6.8751e-06 8.97013e-06 1.26698
611 1.0099e-05 2.25258e-05 3.5669 7.18086e-06 9.05373e-06 1.27447
612 9.73619e-06 2.24013e-05 3.55167 7.03471e-06 8.7587e-06 1.20046
613 9.88634e-06 2.16851e-05 3.42236 6.90961e-06 8.95527e-06 1.25847
614 9.75173e-06 2.27843e-05 3.55209 6.96748e-06 8.95734e-06 1.2463
615 9.76487e-06 2.31982e-05 3.64715 7.16077e-06 9.07613e-06 1.26771
616 1.01423e-05 2.23638e-05 3.53418 7.3178e-06 8.84552e-06 1.22247
617 9.86914e-06 2.27886e-05 3.57538 7.03994e-06 8.91688e-06 1.22325
618 9.32468e-06 2.20289e-05 3.49142 6.71017e-06 9.1829e-06 1.30954
619 9.73305e-06 2.15384e-05 3.39639 6.91301e-06 8.84425e-06 1.23854
620 9.5532e-06 2.20746e-05 3.48471 6.98993e-06 8.72092e-06 1.2279
621 1.0195e-05 2.1936e-05 3.43523 7.11987e-06 8.9542e-06 1.23964
622 9.32507e-06 2.2548e-05 3.57906 6.72558e-06 9.21558e-06 1.3058
623 9.73487e-06 2.24052e-05 3.5736 7.07443e-06 8.90116e-06 1.24713
624 9.43872e-06 2.21135e-05 3.48199 6.81689e-06 8.84599e-06 1.27078
625 9.86503e-06 2.26695e-05 3.56684 7.17648e-06 9.07867e-06 1.27566
626 9.87848e-06 2.29448e-05 3.63237 7.28591e-06 9.04607e-06 1.27418
627 9.92142e-06 2.29223e-05 3.60849 7.19721e-06 8.81285e-06 1.21957
628 9.47624e-06 2.15134e-05 3.36226 6.75989e-06 9.01221e-06 1.26513
629 9.57357e-06 2.27986e-05 3.58334 7.10229e-06 8.88565e-06 1.24826
630 9.62827e-06 2.26034e-05 3.54935 6.87364e-06 9.25706e-06 1.27343
631 9.63387e-06 2.24489e-05 3.5811 7.00093e-06 8.8207e-06 1.23961
632 9.58217e-06 2.28452e-05 3.60523 7.01768e-06 9.00064e-06 1.26453
633 9.66453e-06 2.39171e-05 3.8124 7.07078e-06 9.02326e-06 1.25244
634 9.91677e-06 2.29049e-05 3.63487 7.00714e-06 8.92598e-06 1.24104
635 9.87328e-06 2.13884e-05 3.37237 6.97144e-06 8.68818e-06 1.22222
636 9.61649e-06 2.08927e-05 3.25081 6.77716e-06 8.63836e-06 1.2157
637 9.75806e-06 2.15098e-05 3.36239 6.8283e-06 8.8684e-06 1.21411
638 9.52708e-06 2.33983e-05 3.69489 7.08321e-06 9.02737e-06 1.25763
639 9.55377e-06 2.28963e-05 3.64782 6.88783e-06 8.8858e-06 1.24162
640 9.46059e-06 2.28565e-05 3.60524 6.94514e-06 8.73394e-06 1.19882
641 1.0171e-05 2.19753e-05 3.43569 7.30558e-06 8.74355e-06 1.19939
642 9.9058e-06 2.26427e-05 3.54947 7.06493e-06 9.05573e-06 1.26643
643 9.67494e-06 2.15908e-05 3.42695 6.92516e-06 8.69301e-06 1.23593
644 9.95188e-06 2.2646e-05 3.54624 7.30188e-06 8.98662e-06 1.21786
645 9.35524e-06 2.25079e-05 3.58241 6.75922e-06 9.07866e-06 1.27753
646 9.92413e-06 2.29934e-05 3.65725 7.00244e-06 8.84267e-06 1.21544
647 9.43088e-06 2.24846e-05 3.55105 7.00068e-06 8.77878e-06 1.23001
648 9.74668e-06 2.28599e-05 3.59012 6.98147e-06 8.84052e-06 1.20178
649 9.61351e-06 2.20709e-05 3.45726 6.7264e-06 9.00619e-06 1.23956
650 9.71848e-06 2.28458e-05 3.57567 7.01262e-06 8.92133e-06 1.23747
651 9.596e-06 2.32564e-05 3.66787 7.01108e-06 9.08633e-06 1.2599
652 9.75417e-06 2.26269e-05 3.60136 6.842e-06 8.67316e-06 1.21359
653 9.63199e-06 2.2737e-05 3.59742 6.90745e-06 8.82576e-06 1.23969
654 9.55494e-06 2.22611e-05 3.53054 6.86402e-06 8.76695e-06 1.22954
655 9.70682e-06 2.19061e-05 3.42035 6.96448e-06 8.95377e-06 1.26132
656 9.91648e-06 2.16833e-05 3.39944 6.97839e-06 8.84785e-06 1.2315
657 9.72851e-06 2.24605e-05 3.52738 6.99592e-06 8.88995e-06 1.21884
658 9.59902e-06 2.33749e-05 3.64401 6.96807e-06 9.2643e-06 1.26475
659 9.49031e-06 2.1495e-05 3.40367 6.5654e-06 8.79962e-06 1.251
660 9.36126e-06 2.14366e-05 3.45079 6.47145e-06 8.80822e-06 1.27115
661 9.17952e-06 2.30283e-05 3.66439 6.77095e-06 8.90535e-06 1.24026
662 9.7583e-06 2.2372e-05 3.54176 6.87381e-06 8.70103e-06 1.19122
663 9.37452e-06 2.32303e-05 3.6918 7.01255e-06 8.95953e-06 1.26535
664 9.46153e-06 2.25885e-05 3.54627 6.70911e-06 8.99125e-06 1.24924
665 9.71883e-06 2.20251e-05 3.45274 6.98458e-06 8.73783e-06 1.17406
666 9.82338e-06 2.14703e-05 3.37547 6.98294e-06 8.82446e-06 1.22053
667 9.33325e-06 2.29271e-05 3.63407 6.7009e-06 9.02153e-06 1.25784
668 9.63148e-06 2.28076e-05 3.58905 6.83887e-06 9.16531e-06 1.28357
669 9.55016e-06 2.23653e-05 3.53271 6.80032e-06 8.81873e-06 1.24314
670 9.75298e-06 2.17197e-05 3.41646 6.89728e-06 8.8238e-06 1.23274
671 9.52305e-06 2.30971e-05 3.67003 6.65923e-06 9.11224e-06 1.26132
672 9.56577e-06 2.16917e-05 3.42297 6.85889e-06 8.71972e-06 1.23181
673 9.74311e-06 2.29593e-05 3.64222 7.06263e-06 8.94024e-06 1.21745
674 9.31353e-06 2.25295e-05 3.57219 6.61866e-06 8.86748e-06 1.20459
675 9.46269e-06 2.19545e-05 3.4408 6.7879e-06 9.02762e-06 1.2419
676 9.60024e-06 2.27781e-05 3.59408 6.69748e-06 8.94623e-06 1.25816
677 9.21348e-06 2.346e-05 3.73333 6.76204e-06 8.99211e-06 1.24252
678 9.53515e-06 2.1852e-05 3.43129 6.87852e-06 9.04787e-06 1.25582
679 9.48444e-06 2.20519e-05 3.44872 6.70787e-06 9.16154e-06 1.25968
680 9.19045e-06 2.24014e-05 3.53045 6.69363e-06 8.90233e-06 1.22922
681 9.28567e-06 2.20948e-05 3.46083 6.55972e-06 8.71822e-06 1.19958
682 9.45454e-06 2.28416e-05 3.60085 6.78666e-06 8.8605e-06 1.22423
683 9.44828e-06 2.1863e-05 3.42402 6.72231e-06 8.81216e-06 1.22205
684 9.66267e-06 2.21719e-05 3.49268 6.95736e-06 8.68875e-06 1.18588
685 9.41874e-06 2.18033e-05 3.42363 6.56812e-06 8.83083e-06 1.22281
686 9.51103e-06 2.22854e-05 3.51628 6.69008e-06 8.83023e-06 1.20217
687 9.97194e-06 2.25787e-05 3.52776 7.09568e-06 8.8744e-06 1.21002
688 9.24341e-06 2.21609e-05 3.49609 6.49211e-06 8.87643e-06 1.22467
689 9.72957e-06 2.26549e-05 3.55412 6.87204e-06 9.06221e-06 1.25541
690 9.13165e-06 2.34354e-05 3.70733 6.59343e-06 9.04371e-06 1.24525
691 9.48236e-06 2.24559e-05 3.49828 6.74495e-06 8.68704e-06 1.17693
692 9.51535e-06 2.15314e-05 3.35425 6.88664e-06 8.75744e-06 1.19731
693 9.35638e-06 2.24876e-05 3.55609 6.53406e-06 8.83237e-06 1.22852
694 9.51178e-06 2.25374e-05 3.54148 6.60863e-06 8.89897e-06 1.21586
695 9.68012e-06 2.22986e-05 3.53412 6.77156e-06 8.82937e-06 1.21684
696 9.98588e-06 2.20475e-05 3.44449 7.15543e-06 8.82284e-06 1.20144
697 9.49797e-06 2.15454e-05 3.33982 6.66313e-06 8.90391e-06 1.21932
698 9.50176e-06 2.22588e-05 3.51246 7.02805e-06 8.72029e-06 1.21171
699 9.22554e-06 2.21378e-05 3.48689 6.38506e-06 8.86337e-06 1.24546
700 9.50086e-06 2.26914e-05 3.55315 6.78262e-06 8.90917e-06 1.22741
701 9.48886e-06 2.21354e-05 3.48287 6.87877e-06 8.60417e-06 1.19338
702 8.93879e-06 2.19923e-05 3.47975 6.50017e-06 8.69864e-06 1.20893
703 9.45833e-06 2.32873e-05 3.67895 6.72587e-06 9.00301e-06 1.21606
704 9.35352e-06 2.19866e-05 3.44646 6.72183e-06 8.93881e-06 1.24572
705 9.24519e-06 2.21792e-05 3.47294 6.55244e-06 8.78436e-06 1.19529
706 9.33807e-06 2.20685e-05 3.45345 6.51327e-06 8.97935e-06 1.22847
707 9.56877e-06 2.1695e-05 3.40833 6.73623e-06 8.67672e-06 1.19492
708 9.11913e-06 2.2701e-05 3.55565 6.63118e-06 8.87697e-06 1.23196
709 9.38672e-06 2.2288e-05 3.49109 6.52888e-06 8.93855e-06 1.2247
710 9.16598e-06 2.2423e-05 3.52991 6.4698e-06 8.84107e-06 1.21648
711 9.41293e-06 2.20991e-05 3.48092 6.59208e-06 8.82249e-06 1.21021
712 9.31463e-06 2.23322e-05 3.49595 6.67128e-06 8.97207e-06 1.25503
713 9.61858e-06 2.16937e-05 3.41693 6.89075e-06 8.79089e-06 1.21022
714 9.32577e-06 2.18351e-05 3.41694 6.57753e-06 8.83513e-06 1.20596
715 9.72984e-06 2.16412e-05 3.37598 6.99252e-06 8.75644e-06 1.18874
716 9.17841e-06 2.20842e-05 3.4598 6.47756e-06 8.82628e-06 1.18334
717 9.84509e-06 2.26995e-05 3.54021 7.02758e-06 8.76407e-06 1.17358
718 9.00983e-06 2.24798e-05 3.54434 6.47667e-06 8.93483e-06 1.22529
719 9.31636e-06 2.21924e-05 3.45394 6.58402e-06 8.9778e-06 1.23048
720 9.23447e-06 2.30228e-05 3.61043 6.6961e-06 8.71476e-06 1.17928
721 9.35572e-06 2.12963e-05 3.33028 6.60858e-06 8.76611e-06 1.2018
722 9.38994e-06 2.21455e-05 3.46527 6.64328e-06 8.83907e-06 1.21285
723 8.83811e-06 2.16279e-05 3.41262 6.30946e-06 8.89822e-06 1.24685
724 9.36533e-06 2.20898e-05 3.45424 6.83207e-06 8.58774e-06 1.1628
725 9.24388e-06 2.25001e-05 3.50168 6.91915e-06 8.79377e-06 1.20137
726 9.30985e-06 2.24759e-05 3.56636 6.7905e-06 8.7971e-06 1.21854
727 9.55502e-06 2.11332e-05 3.29504 6.74147e-06 8.52544e-06 1.15995
728 9.3683e-06 2.15932e-05 3.38325 6.67506e-06 8.68265e-06 1.18711
729 9.11514e-06 2.14952e-05 3.36594 6.47035e-06 8.81374e-06 1.21641
730 9.20939e-06 2.23965e-05 3.50079 6.56809e-06 8.86578e-06 1.2101
731 9.57754e-06 2.16942e-05 3.35139 6.6274e-06 8.87207e-06 1.20678
732 9.0387e-06 2.1531e-05 3.33178 6.2818e-06 8.92434e-06 1.23395
733 9.46088e-06 2.16855e-05 3.4103 6.60065e-06 8.61299e-06 1.16386
734 9.49389e-06 2.29565e-05 3.57778 6.78146e-06 8.95409e-06 1.19941
735 9.42641e-06 2.23915e-05 3.4869 6.71093e-06 8.96321e-06 1.23113
736 9.19605e-06 2.23243e-05 3.51108 6.59049e-06 8.78878e-06 1.20591
737 9.3366e-06 2.07814e-05 3.28995 6.63406e-06 8.50027e-06 1.17307
738 9.41605e-06 2.14423e-05 3.32001 6.59559e-06 8.87018e-06 1.20053
739 9.29902e-06 2.17284e-05 3.34443 6.5552e-06 8.59678e-06 1.15011
740 9.55287e-06 2.16191e-05 3.38487 6.59483e-06 8.76137e-06 1.20446
741 9.34037e-06 2.17767e-05 3.37303 6.74756e-06 8.68919e-06 1.16779
742 9.47548e-06 2.1473e-05 3.33087 6.63733e-06 8.87562e-06 1.20825
743 9.20734e-06 2.28631e-05 3.61877 6.49432e-06 8.98438e-06 1.23992
744 8.84526e-06 2.29143e-05 3.58968 6.43761e-06 8.83804e-06 1.208
745 9.56832e-06 2.1271e-05 3.27899 6.70368e-06 8.6666e-06 1.17184
746 9.14794e-06 2.2365e-05 3.46456 6.61111e-06 8.84721e-06 1.19007
747 9.11263e-06 2.31843e-05 3.61825 6.54673e-06 9.09581e-06 1.25438
748 9.37229e-06 2.14966e-05 3.38166 6.43667e-06 8.8481e-06 1.23006
749 9.60643e-06 2.11694e-05 3.27183 6.76461e-06 8.55534e-06 1.14804
750 9.41242e-06 2.23782e-05 3.47781 6.65867e-06 8.84353e-06 1.19809
751 9.18475e-06 2.18922e-05 3.41126 6.35094e-06 8.59652e-06 1.17786
752 8.81529e-06 2.25842e-05 3.54342 6.24918e-06 9.05671e-06 1.24441
753 9.10067e-06 2.18787e-05 3.44575 6.41787e-06 8.63484e-06 1.17577
754 9.48723e-06 2.18884e-05 3.4729 6.64417e-06 8.84375e-06 1.22222
755 8.98178e-06 2.1965e-05 3.44483 6.36629e-06 8.75177e-06 1.21817
756 9.00802e-06 2.15483e-05 3.37492 6.29839e-06 8.81599e-06 1.21959
757 9.24215e-06 2.13924e-05 3.35913 6.34049e-06 8.74719e-06 1.22993
758 9.29699e-06 2.20867e-05 3.46739 6.61222e-06 8.49314e-06 1.15606
759 9.42536e-06 2.18797e-05 3.40967 6.4929e-06 8.66777e-06 1.17727
760 9.35303e-06 2.1843e-05 3.38624 6.68292e-06 8.61356e-06 1.16876
761 9.28193e-06 2.27384e-05 3.57053 6.64666e-06 8.89656e-06 1.23835
762 9.31842e-06 2.18658e-05 3.40351 6.83058e-06 8.72473e-06 1.18431
763 9.18046e-06 2.22811e-05 3.47769 6.48221e-06 9.13854e-06 1.24418
764 9.48446e-06 2.15998e-05 3.32539 6.74543e-06 8.8622e-06 1.17431
765 9.31035e-06 2.20987e-05 3.43676 6.45953e-06 8.95471e-06 1.21558
766 9.28089e-06 2.22507e-05 3.42822 6.48381e-06 9.03198e-06 1.22328
767 9.37718e-06 2.21979e-05 3.45425 6.6031e-06 8.82191e-06 1.20451
768 8.88115e-06 2.15118e-05 3.33358 6.23325e-06 8.85078e-06 1.21793
769 9.42164e-06 2.23817e-05 3.50275 6.61948e-06 8.91383e-06 1.20528
770 8.91692e-06 2.22312e-05 3.49151 6.18984e-06 8.82225e-06 1.20792
771 8.98501e-06 2.22377e-05 3.43697 6.35673e-06 8.72295e-06 1.17885
772 9.25385e-06 2.13153e-05 3.31402 6.32752e-06 8.57846e-06 1.16565
773 9.33618e-06 2.17584e-05 3.38362 6.57451e-06 8.79333e-06 1.17849
774 9.0956e-06 2.15733e-05 3.30755 6.30792e-06 8.81217e-06 1.21061
775 9.35328e-06 2.22168e-05 3.49215 6.63306e-06 8.64793e-06 1.17514
776 9.04083e-06 2.21869e-05 3.4588 6.45658e-06 8.71572e-06 1.20293
777 9.22146e-06 2.28034e-05 3.54165 6.5167e-06 9.05449e-06 1.22625
778 9.14776e-06 2.22549e-05 3.46084 6.47306e-06 8.90097e-06 1.20817
779 9.10622e-06 2.30451e-05 3.59191 6.52939e-06 8.88757e-06 1.19547
780 9.31026e-06 2.21673e-05 3.46826 6.52155e-06 8.81012e-06 1.18534
781 9.28142e-06 2.20911e-05 3.41616 6.3639e-06 9.00167e-06 1.21927
782 9.28889e-06 2.26581e-05 3.52362 6.57502e-06 8.92406e-06 1.20255
783 9.15869e-06 2.18112e-05 3.39969 6.46335e-06 8.80336e-06 1.20627
784 9.36593e-06 2.11604e-05 3.25807 6.38906e-06 8.77516e-06 1.18334
785 8.88597e-06 2.24417e-05 3.55735 6.45385e-06 8.63832e-06 1.20984
786 9.06443e-06 2.21119e-05 3.44068 6.3047e-06 8.90667e-06 1.20927
787 8.97621e-06 2.14147e-05 3.31897 6.27058e-06 8.88151e-06 1.21582
788 8.61317e-06 2.22893e-05 3.44044 6.16266e-06 8.92939e-06 1.21791
789 8.99835e-06 2.27082e-05 3.52762 6.3173e-06 8.97596e-06 1.20469
790 9.25348e-06 2.17082e-05 3.35387 6.51064e-06 8.98079e-06 1.21132
791 9.17687e-06 2.19819e-05 3.41571 6.53195e-06 8.87352e-06 1.17259
792 9.39251e-06 2.12489e-05 3.30156 6.53746e-06 8.5454e-06 1.15563
793 8.96321e-06 2.21895e-05 3.48452 6.29633e-06 9.07089e-06 1.25949
794 9.09054e-06 2.20924e-05 3.4313 6.33721e-06 8.68339e-06 1.17938
795 8.90904e-06 2.17682e-05 3.39997 6.12641e-06 8.62215e-06 1.15816
796 9.01512e-06 2.21895e-05 3.43451 6.18347e-06 8.95967e-06 1.20433
797 9.14606e-06 2.26445e-05 3.51495 6.39006e-06 8.7829e-06 1.17835
798 8.53955e-06 2.28435e-05 3.58131 6.24322e-06 9.05574e-06 1.25485
799 8.99532e-06 2.17245e-05 3.39293 6.32305e-06 8.79525e-06 1.20524
800 9.01245e-06 2.23451e-05 3.45642 6.36876e-06 8.93946e-06 1.20191
801 8.79474e-06 2.25657e-05 3.50479 6.19019e-06 8.97614e-06 1.19771
802 9.40712e-06 2.22015e-05 3.42894 6.47449e-06 9.08113e-06 1.20316
803 9.34381e-06 2.19969e-05 3.42396 6.55372e-06 8.73878e-06 1.17362
804 9.2182e-06 2.21542e-05 3.43653 6.48283e-06 8.74666e-06 1.17401
805 9.33984e-06 2.1868e-05 3.38998 6.52781e-06 8.71783e-06 1.19086
806 8.91128e-06 2.24098e-05 3.49518 6.3196e-06 8.92864e-06 1.21598
807 9.28356e-06 2.17173e-05 3.38194 6.32438e-06 8.79506e-06 1.19008
808 8.97127e-06 2.18273e-05 3.42337 6.3861e-06 8.64504e-06 1.17714
809 9.11039e-06 2.2258e-05 3.46673 6.41086e-06 8.94648e-06 1.22014
810 8.99991e-06 2.27442e-05 3.58132 6.27582e-06 9.04051e-06 1.2295
811 9.41902e-06 2.21484e-05 3.43675 6.50461e-06 8.88568e-06 1.18613
812 9.01888e-06 2.27744e-05 3.55516 6.42858e-06 8.83658e-06 1.20041
813 9.24782e-06 2.15714e-05 3.32988 6.53438e-06 8.77264e-06 1.17747
814 9.08736e-06 2.22963e-05 3.47035 6.52333e-06 8.91941e-06 1.20377
815 8.85014e-06 2.27757e-05 3.58155 6.21021e-06 8.91172e-06 1.21748
816 9.05032e-06 2.13177e-05 3.34615 6.13385e-06 8.80072e-06 1.2056
817 9.38383e-06 2.27198e-05 3.48206 6.62905e-06 9.02082e-06 1.18687
818 9.08322e-06 2.20805e-05 3.42581 6.41228e-06 8.72372e-06 1.17677
819 9.19525e-06 2.26468e-05 3.52695 6.35145e-06 9.05003e-06 1.21695
820 9.15834e-06 2.25411e-05 3.50049 6.51136e-06 9.01573e-06 1.20542
821 9.00038e-06 2.28208e-05 3.53471 6.47222e-06 8.87291e-06 1.17608
822 9.17295e-06 2.16986e-05 3.37887 6.46045e-06 8.62764e-06 1.14961
823 9.39705e-06 2.13884e-05 3.32229 6.41519e-06 8.71605e-06 1.18108
824 8.82534e-06 2.27067e-05 3.5372 6.21281e-06 9.00729e-06 1.21358
825 8.90796e-06 2.22561e-05 3.47286 6.15425e-06 8.84986e-06 1.19796
826 9.07585e-06 2.25849e-05 3.4728 6.42718e-06 8.84005e-06 1.16741
827 8.84752e-06 2.26394e-05 3.51121 6.36467e-06 8.81831e-06 1.18128
828 9.07492e-06 2.23431e-05 3.46591 6.39041e-06 8.8908e-06 1.20788
829 8.70239e-06 2.27498e-05 3.5481 5.9884e-06 8.98801e-06 1.20885
830 8.79239e-06 2.22692e-05 3.47289 6.15178e-06 8.77735e-06 1.18775
831 8.79078e-06 2.30222e-05 3.61833 6.23539e-06 9.08692e-06 1.23098
832 8.80402e-06 2.2119e-05 3.46215 5.9709e-06 8.73583e-06 1.18803
833 8.89865e-06 2.26194e-05 3.52456 6.33483e-06 8.79469e-06 1.18683
834 9.19013e-06 2.0621e-05 3.17019 6.25573e-06 8.5709e-06 1.13002
835 9.01703e-06 2.18646e-05 3.36973 6.27767e-06 8.93078e-06 1.20029
836 9.12525e-06 2.24036e-05 3.46906 6.37397e-06 8.7542e-06 1.16379
837 9.31237e-06 2.26485e-05 3.49349 6.49031e-06 9.11678e-06 1.2033
838 9.22501e-06 2.1804e-05 3.40556 6.41943e-06 8.74858e-06 1.18599
839 8.81896e-06 2.16012e-05 3.32042 6.15361e-06 8.79654e-06 1.17158
840 9.11816e-06 2.18413e-05 3.41566 6.41751e-06 8.85946e-06 1.21062
841 8.94694e-06 2.25484e-05 3.50326 6.39915e-06 8.80147e-06 1.18565
842 9.12824e-06 2.2444e-05 3.50472 6.44515e-06 8.88957e-06 1.18724
843 9.11421e-06 2.15583e-05 3.36595 6.21283e-06 8.61908e-06 1.14837
844 8.75129e-06 2.31776e-05 3.66029 6.26936e-06 8.84324e-06 1.19628
845 8.54034e-06 2.18934e-05 3.40129 6.10913e-06 8.90067e-06 1.21669
846 8.85828e-06 2.21293e-05 3.43496 6.2281e-06 8.74583e-06 1.175
847 9.27868e-06 2.12831e-05 3.25012 6.52226e-06 8.60525e-06 1.13978
848 8.83989e-06 2.21548e-05 3.44429 6.11745e-06 8.93018e-06 1.19154
849 8.98076e-06 2.30501e-05 3.56911 6.39029e-06 8.92642e-06 1.19127
850 8.9033e-06 2.2938e-05 3.5506 6.31737e-06 8.87087e-06 1.20485
851 8.92539e-06 2.27658e-05 3.51773 6.29278e-06 9.09929e-06 1.21896
852 9.46615e-06 2.21531e-05 3.40138 6.4963e-06 8.87638e-06 1.17149
853 8.87372e-06 2.26432e-05 3.55204 6.17644e-06 8.75807e-06 1.18117
854 8.75961e-06 2.24476e-05 3.48032 6.22358e-06 8.76952e-06 1.17397
855 8.86458e-06 2.17204e-05 3.36389 6.19704e-06 8.81001e-06 1.19761
856 8.93145e-06 2.26269e-05 3.5372 6.23076e-06 8.97246e-06 1.21305
857 9.0762e-06 2.25047e-05 3.47828 6.69108e-06 8.93601e-06 1.17678
858 8.95263e-06 2.2154e-05 3.44352 6.29977e-06 8.75416e-06 1.18569
859 8.83118e-06 2.21814e-05 3.44728 6.2449e-06 8.68712e-06 1.17216
860 9.32505e-06 2.08036e-05 3.20488 6.40569e-06 8.41338e-06 1.12026
861 9.1053e-06 2.20085e-05 3.41671 6.42761e-06 8.72613e-06 1.17146
862 9.00285e-06 2.29272e-05 3.5597 6.48862e-06 8.72784e-06 1.16859
863 9.31699e-06 2.25565e-05 3.47704 6.54473e-06 9.05303e-06 1.19117
864 9.30583e-06 2.18149e-05 3.33149 6.4196e-06 8.74224e-06 1.15476
865 9.11074e-06 2.14933e-05 3.32113 6.29529e-06 8.84441e-06 1.18532
866 8.64337e-06 2.3139e-05 3.60495 6.21617e-06 8.95768e-06 1.21516
867 8.53224e-06 2.24202e-05 3.48257 6.05711e-06 8.75149e-06 1.18109
868 9.22782e-06 2.18142e-05 3.36899 6.45107e-06 8.72506e-06 1.14609
869 9.02379e-06 2.26267e-05 3.49239 6.33715e-06 8.94354e-06 1.18983
870 8.91067e-06 2.26567e-05 3.51234 6.16117e-06 9.12345e-06 1.2294
871 9.01112e-06 2.28262e-05 3.52569 6.31127e-06 9.0527e-06 1.22294
872 8.76669e-06 2.29496e-05 3.57834 6.18694e-06 8.88072e-06 1.19434
873 9.17938e-06 2.26454e-05 3.48564 6.49074e-06 9.0402e-06 1.18212
874 8.4403e-06 2.31275e-05 3.58931 5.90748e-06 9.1686e-06 1.25146
875 9.28741e-06 2.17025e-05 3.32273 6.37726e-06 8.88607e-06 1.18437
876 9.02037e-06 2.15067e-05 3.2971 6.15679e-06 8.89539e-06 1.17688
877 8.88484e-06 2.22817e-05 3.44671 6.2634e-06 8.6943e-06 1.15419
878 8.64517e-06 2.25403e-05 3.45949 6.07527e-06 8.89934e-06 1.16712
879 8.95272e-06 2.29447e-05 3.56785 6.38183e-06 8.89222e-06 1.18628
880 8.94195e-06 2.26405e-05 3.48189 6.44751e-06 8.93638e-06 1.18401
881 8.80999e-06 2.1965e-05 3.38731 6.16273e-06 8.68903e-06 1.1759
882 8.7512e-06 2.25593e-05 3.50802 5.99775e-06 8.66268e-06 1.15916
883 8.77529e-06 2.29808e-05 3.58421 6.17256e-06 9.00877e-06 1.21119
884 9.06337e-06 2.25776e-05 3.49899 6.27883e-06 8.83907e-06 1.19332
885 9.0098e-06 2.1818e-05 3.36341 6.34664e-06 8.6047e-06 1.15683
886 8.97902e-06 2.22758e-05 3.42611 6.30009e-06 8.85601e-06 1.16823
887 8.95555e-06 2.24077e-05 3.47376 6.21024e-06 9.00489e-06 1.20443
888 8.90223e-06 2.36394e-05 3.66422 6.39945e-06 8.89576e-06 1.1757
889 8.74884e-06 2.23087e-05 3.44592 6.17988e-06 8.76324e-06 1.15318
890 8.90975e-06 2.18502e-05 3.35173 6.13548e-06 8.90191e-06 1.1934
891 9.12502e-06 2.20862e-05 3.38469 6.38797e-06 8.87415e-06 1.15955
892 8.7902e-06 2.28203e-05 3.558 6.15717e-06 8.78373e-06 1.17857
893 8.81354e-06 2.19351e-05 3.35811 6.072e-06 8.83026e-06 1.15465
894 8.78772e-06 2.18801e-05 3.38314 6.10316e-06 8.86263e-06 1.21029
895 8.95176e-06 2.23967e-05 3.48216 6.14769e-06 8.85194e-06 1.19205
896 8.65072e-06 2.19158e-05 3.39932 6.01092e-06 8.82252e-06 1.19544
897 8.89847e-06 2.19441e-05 3.3986 6.2796e-06 8.62775e-06 1.15048
898 8.49872e-06 2.24296e-05 3.46659 5.96531e-06 8.73764e-06 1.16974
899 8.70889e-06 2.16727e-05 3.33163 6.06472e-06 8.47333e-06 1.12693
900 8.95955e-06 2.27915e-05 3.54543 6.19332e-06 9.03656e-06 1.19111
901 9.33522e-06 2.17475e-05 3.35233 6.52393e-06 8.70184e-06 1.15672
902 9.10106e-06 2.2291e-05 3.44684 6.3194e-06 8.91192e-06 1.18701
903 8.97418e-06 2.21671e-05 3.39816 6.24292e-06 8.75475e-06 1.15844
904 9.08099e-06 2.33488e-05 3.61338 6.41253e-06 9.07508e-06 1.19805
905 8.81301e-06 2.21605e-05 3.45392 6.23799e-06 8.71534e-06 1.17908
906 8.89207e-06 2.17514e-05 3.33284 6.10133e-06 8.80683e-06 1.16707
907 8.8756e-06 2.18224e-05 3.34323 6.13906e-06 8.95581e-06 1.18029
908 8.76728e-06 2.19571e-05 3.40278 6.10568e-06 8.83599e-06 1.17986
909 8.65456e-06 2.19975e-05 3.40919 6.0668e-06 8.81363e-06 1.20144
910 8.72556e-06 2.22175e-05 3.45423 5.98544e-06 8.7103e-06 1.17137
911 8.94554e-06 2.20773e-05 3.4103 6.31363e-06 8.6677e-06 1.15586
912 8.79336e-06 2.35615e-05 3.60957 6.35184e-06 8.92247e-06 1.15808
913 8.92127e-06 2.20646e-05 3.40663 6.23172e-06 8.72784e-06 1.16909
914 8.41474e-06 2.23705e-05 3.46334 5.91095e-06 8.79017e-06 1.18976
915 8.65245e-06 2.24347e-05 3.47407 5.89811e-06 8.82093e-06 1.1892
916 8.84554e-06 2.25047e-05 3.50662 6.01967e-06 8.85878e-06 1.18386
917 8.57295e-06 2.21561e-05 3.38975 5.99191e-06 8.99893e-06 1.19069
918 8.62132e-06 2.33333e-05 3.62744 5.96132e-06 9.06095e-06 1.22591
919 8.71313e-06 2.10844e-05 3.21887 5.87867e-06 8.56588e-06 1.1495
920 8.79716e-06 2.1471e-05 3.34732 5.87939e-06 8.70431e-06 1.17956
921 8.7837e-06 2.1899e-05 3.37311 6.15699e-06 8.68917e-06 1.15796
922 8.77023e-06 2.25358e-05 3.48079 6.16278e-06 8.67044e-06 1.15217
923 8.78298e-06 2.29017e-05 3.54208 6.19116e-06 9.00391e-06 1.21148
924 8.71403e-06 2.2579e-05 3.48621 6.09803e-06 8.85454e-06 1.17751
925 8.62475e-06 2.24335e-05 3.46391 6.01056e-06 8.82077e-06 1.17614
926 8.69023e-06 2.22381e-05 3.44216 6.06883e-06 8.84867e-06 1.17961
927 8.21478e-06 2.23908e-05 3.47034 5.82624e-06 8.69447e-06 1.17363
928 8.77295e-06 2.25772e-05 3.50575 5.98331e-06 9.01606e-06 1.21332
929 8.6412e-06 2.22477e-05 3.44589 5.91623e-06 8.82727e-06 1.16385
930 9.06154e-06 2.27448e-05 3.54203 6.3244e-06 8.77939e-06 1.14888
931 8.63772e-06 2.27424e-05 3.50833 6.07378e-06 8.82982e-06 1.17663
932 8.81743e-06 2.1628e-05 3.31489 6.14003e-06 8.85333e-06 1.17205
933 8.6436e-06 2.23373e-05 3.44813 5.99995e-06 8.91607e-06 1.19589
934 8.98527e-06 2.32177e-05 3.62035 6.29322e-06 8.87404e-06 1.16466
935 8.50705e-06 2.20934e-05 3.39613 5.80798e-06 8.8027e-06 1.17494
936 8.577e-06 2.23568e-05 3.46048 5.7981e-06 8.74727e-06 1.14754
937 8.76024e-06 2.24044e-05 3.48216 6.09129e-06 8.6007e-06 1.13735
938 8.9146e-06 2.26201e-05 3.49666 6.19455e-06 8.63426e-06 1.13388
939 8.67435e-06 2.28388e-05 3.52337 6.15211e-06 9.01003e-06 1.18537
940 8.85226e-06 2.15464e-05 3.31561 6.00375e-06 8.65334e-06 1.14024
941 8.64548e-06 2.16889e-05 3.32471 5.9842e-06 8.8284e-06 1.17533
942 9.23768e-06 2.25582e-05 3.48231 6.31998e-06 8.79733e-06 1.15802
943 8.59773e-06 2.20217e-05 3.37885 6.16031e-06 8.98946e-06 1.19875
944 8.86177e-06 2.20715e-05 3.44231 6.26535e-06 8.78e-06 1.18513
945 8.93214e-06 2.15346e-05 3.29059 6.19524e-06 8.81547e-06 1.16506
946 8.75095e-06 2.15614e-05 3.27702 5.98982e-06 8.64541e-06 1.1318
947 8.52517e-06 2.2186e-05 3.41282 5.93181e-06 8.97817e-06 1.19857
948 8.87823e-06 2.17959e-05 3.349 6.08593e-06 8.71931e-06 1.15458
949 8.94552e-06 2.25264e-05 3.47685 6.20008e-06 8.74471e-06 1.15654
950 8.67135e-06 2.2495e-05 3.48662 6.02433e-06 8.95336e-06 1.20057
951 8.94525e-06 2.19955e-05 3.35842 6.06034e-06 8.92288e-06 1.16692
952 8.5134e-06 2.21861e-05 3.40999 5.86864e-06 8.9778e-06 1.19597
953 8.76259e-06 2.21112e-05 3.3905 6.0243e-06 8.92102e-06 1.18234
954 8.86436e-06 2.23235e-05 3.41235 6.12487e-06 8.96256e-06 1.19236
955 8.6116e-06 2.16796e-05 3.32522 5.95392e-06 8.77166e-06 1.1609
956 8.66066e-06 2.24842e-05 3.47496 5.94838e-06 8.76125e-06 1.17592
957 8.69268e-06 2.23678e-05 3.4595 6.08889e-06 8.72518e-06 1.14512
958 8.48046e-06 2.21661e-05 3.43104 6.01345e-06 8.53743e-06 1.13406
959 8.68504e-06 2.22486e-05 3.44469 5.9925e-06 9.11852e-06 1.22806
960 8.52314e-06 2.27257e-05 3.50359 5.96842e-06 8.72456e-06 1.14382
961 8.54509e-06 2.18815e-05 3.41022 5.87599e-06 8.58985e-06 1.16523
962 8.69836e-06 2.30637e-05 3.60146 6.03075e-06 9.03801e-06 1.19872
963 8.64e-06 2.28653e-05 3.52368 6.11773e-06 8.90014e-06 1.16867
964 8.75607e-06 2.20389e-05 3.37384 6.16579e-06 8.71881e-06 1.15025
965 8.57059e-06 2.26351e-05 3.48767 6.0747e-06 8.96371e-06 1.18516
966 8.39416e-06 2.26683e-05 3.54245 5.83056e-06 8.87179e-06 1.19629
967 8.57732e-06 2.24357e-05 3.47298 5.88687e-06 8.69382e-06 1.14285
968 8.63331e-06 2.22021e-05 3.42596 5.99087e-06 8.91212e-06 1.18751
969 8.93263e-06 2.1454e-05 3.30469 6.06003e-06 8.57307e-06 1.13038
970 8.60262e-06 2.2555e-05 3.46063 5.99081e-06 8.70711e-06 1.14401
971 8.72823e-06 2.25704e-05 3.4461 6.00476e-06 8.85977e-06 1.16376
972 8.6304e-06 2.24074e-05 3.47231 5.99228e-06 8.88704e-06 1.18925
973 8.49663e-06 2.17046e-05 3.34407 5.83482e-06 8.70172e-06 1.1605
974 8.74167e-06 2.19554e-05 3.34793 5.99738e-06 8.66345e-06 1.14359
975 8.61971e-06 2.24416e-05 3.472 6.06657e-06 8.74541e-06 1.15993
976 8.55189e-06 2.14799e-05 3.26117 5.84999e-06 8.80755e-06 1.16547
977 8.59378e-06 2.20508e-05 3.41986 5.92006e-06 8.74212e-06 1.16157
978 8.76607e-06 2.17643e-05 3.31936 6.07257e-06 8.64492e-06 1.13499
979 8.53934e-06 2.2024e-05 3.38493 5.85916e-06 8.76141e-06 1.15732
980 8.909e-06 2.21358e-05 3.397 6.0233e-06 8.94029e-06 1.16816
981 8.57521e-06 2.1322e-05 3.28943 5.82583e-06 8.62036e-06 1.15927
982 8.74857e-06 2.29859e-05 3.5507 6.09756e-06 8.97197e-06 1.19205
983 8.78654e-06 2.25542e-05 3.46882 6.10177e-06 8.95742e-06 1.17289
984 8.589e-06 2.248e-05 3.47081 5.97423e-06 8.90126e-06 1.19976
985 8.56052e-06 2.14974e-05 3.30437 5.69991e-06 8.73732e-06 1.15447
986 8.25919e-06 2.23724e-05 3.47873 5.60986e-06 8.9068e-06 1.19004
987 8.34084e-06 2.31097e-05 3.59041 5.65278e-06 8.85629e-06 1.18294
988 8.96351e-06 2.17637e-05 3.32062 6.29583e-06 8.72993e-06 1.13845
989 8.6826e-06 2.11744e-05 3.23734 5.89839e-06 8.60445e-06 1.14972
990 8.70703e-06 2.25351e-05 3.45443 6.09234e-06 8.85661e-06 1.15907
991 8.85415e-06 2.24206e-05 3.42704 6.2779e-06 8.75745e-06 1.14761
992 8.36978e-06 2.27756e-05 3.53156 5.65199e-06 8.97598e-06 1.19363
993 8.50964e-06 2.18207e-05 3.34952 5.78073e-06 8.71676e-06 1.14739
994 8.39449e-06 2.26285e-05 3.48872 5.82465e-06 8.9043e-06 1.1636
995 8.69754e-06 2.1863e-05 3.35429 5.93469e-06 8.79563e-06 1.16564
996 8.54754e-06 2.32647e-05 3.61721 6.10329e-06 8.7646e-06 1.16409
997 8.6351e-06 2.22947e-05 3.41768 5.90093e-06 8.97592e-06 1.19603
998 8.45155e-06 2.21771e-05 3.45095 5.82017e-06 8.74853e-06 1.15977
999 8.5191e-06 2.29367e-05 3.51391 5.93135e-06 9.16193e-06 1.19338
1000 8.77048e-06 2.22879e-05 3.42029 6.23116e-06 8.62465e-06 1.12831
