# ../optics --mode=conv_modified_vs_classical --conv-start=10 --conv-end=1000 --values-start=0.5 --values-end=1 --repetitions=1000 --xsigma=1.4 --output-file=comparison_1000_32_1000_xsigma1.4.txt --multiplier=32 ldata.txt
10 18.6666 7.64345e-05 14.706 5.77057e-05 4.47942e-05 9.05744
11 7.30962e-05 6.43486e-05 12.2734 5.31817e-05 3.76765e-05 7.38129
12 6.75076e-05 6.01147e-05 11.7362 4.88164e-05 3.56551e-05 7.27528
13 6.18439e-05 5.93413e-05 10.9312 4.57938e-05 3.40902e-05 6.80242
14 5.49774e-05 5.54953e-05 10.2182 4.25614e-05 3.25326e-05 6.41318
15 5.52774e-05 5.65881e-05 10.5471 4.2457e-05 3.12611e-05 6.23526
16 5.70225e-05 5.78508e-05 10.7397 4.04609e-05 3.05568e-05 5.99344
17 5.30995e-05 5.5281e-05 10.4286 4.0479e-05 3.03733e-05 6.07055
18 4.83957e-05 5.15474e-05 9.49745 3.8043e-05 2.9069e-05 5.6478
19 4.63437e-05 5.1954e-05 9.60126 3.79522e-05 2.74541e-05 5.5131
20 4.54033e-05 5.18667e-05 9.27733 3.65696e-05 2.79365e-05 5.38928
21 4.37566e-05 5.30035e-05 9.49566 3.48476e-05 2.7375e-05 5.35946
22 4.38726e-05 4.77747e-05 8.8533 3.54049e-05 2.62564e-05 5.20625
23 4.24063e-05 4.98064e-05 9.139 3.41529e-05 2.65903e-05 5.21184
24 4.09649e-05 4.74586e-05 8.63412 3.22679e-05 2.55315e-05 4.93212
25 4.06723e-05 4.5941e-05 8.48975 3.16947e-05 2.46919e-05 4.84544
26 4.01834e-05 4.84106e-05 8.89351 3.12252e-05 2.44637e-05 4.83152
27 3.6925e-05 4.46611e-05 8.08596 3.06286e-05 2.29337e-05 4.38986
28 3.71597e-05 4.22806e-05 7.70283 2.98108e-05 2.18553e-05 4.26038
29 3.57439e-05 4.23114e-05 7.85812 3.0025e-05 2.2197e-05 4.40216
30 3.43886e-05 4.14434e-05 7.63326 2.80425e-05 2.12548e-05 4.21706
31 3.28394e-05 4.19627e-05 7.65364 2.71306e-05 2.17715e-05 4.18725
32 3.48146e-05 4.39488e-05 7.8982 2.75638e-05 2.2087e-05 4.25139
33 3.35169e-05 3.93108e-05 7.09629 2.72508e-05 2.08076e-05 4.05694
34 3.28122e-05 4.1358e-05 7.42422 2.62943e-05 2.12318e-05 4.13793
35 3.21295e-05 4.08253e-05 7.44678 2.54414e-05 2.02971e-05 3.78669
36 3.18955e-05 3.82052e-05 6.99872 2.61626e-05 1.97285e-05 3.74932
37 3.0956e-05 4.0729e-05 7.44356 2.5016e-05 2.02116e-05 3.97556
38 3.08373e-05 4.02885e-05 7.18755 2.52317e-05 2.02169e-05 3.80953
39 3.04824e-05 3.93051e-05 7.18029 2.45344e-05 1.94736e-05 3.76725
40 3.04489e-05 3.93935e-05 7.18831 2.54693e-05 2.06139e-05 3.9467
41 3.05225e-05 3.76437e-05 6.88733 2.47501e-05 1.85583e-05 3.5899
42 3.09328e-05 3.93677e-05 7.01078 2.4711e-05 1.92756e-05 3.66023
43 2.8657e-05 3.8854e-05 6.99033 2.38842e-05 1.88208e-05 3.57801
44 2.87783e-05 3.79587e-05 6.87704 2.30513e-05 1.84362e-05 3.51865
45 2.83846e-05 3.60017e-05 6.59728 2.36613e-05 1.7494e-05 3.46559
46 2.87353e-05 3.70585e-05 6.66356 2.36134e-05 1.80033e-05 3.38858
47 2.79839e-05 3.53544e-05 6.37026 2.27296e-05 1.77686e-05 3.35474
48 2.73231e-05 3.53025e-05 6.40334 2.24664e-05 1.70058e-05 3.30462
49 2.6948e-05 3.6621e-05 6.54813 2.18636e-05 1.73185e-05 3.30184
50 2.69705e-05 3.57356e-05 6.38883 2.18541e-05 1.75447e-05 3.25515
51 2.64575e-05 3.65966e-05 6.57531 2.17881e-05 1.79489e-05 3.40979
52 2.5884e-05 3.5173e-05 6.25628 2.1074e-05 1.73266e-05 3.25778
53 2.71683e-05 3.5781e-05 6.47914 2.21742e-05 1.7563e-05 3.31816
54 2.6726e-05 3.44737e-05 6.1942 2.16291e-05 1.58841e-05 2.97987
55 2.60965e-05 3.40663e-05 6.19963 2.16025e-05 1.68091e-05 3.29575
56 2.52145e-05 3.36704e-05 5.86608 2.07566e-05 1.58767e-05 2.95727
57 2.49563e-05 3.42475e-05 6.11221 2.02881e-05 1.69671e-05 3.13243
58 2.47762e-05 3.40962e-05 5.97671 2.02855e-05 1.69441e-05 3.16795
59 2.46766e-05 3.2485e-05 5.82848 2.04962e-05 1.58552e-05 2.99211
60 2.62802e-05 3.46618e-05 6.13296 2.10078e-05 1.66586e-05 3.14713
61 2.4016e-05 3.34105e-05 6.05683 1.92404e-05 1.60991e-05 2.99748
62 2.44075e-05 3.44069e-05 6.17394 2.02786e-05 1.58018e-05 2.9457
63 2.39593e-05 3.2724e-05 5.74729 1.95099e-05 1.58045e-05 2.89634
64 2.33619e-05 3.21435e-05 5.79518 1.94161e-05 1.49709e-05 2.83261
65 2.35677e-05 3.22073e-05 5.75621 1.98645e-05 1.52934e-05 2.87769
66 2.37858e-05 3.32543e-05 6.03183 1.92401e-05 1.52093e-05 2.8945
67 2.35774e-05 3.20809e-05 5.65619 1.96229e-05 1.58533e-05 2.96928
68 2.2236e-05 3.13366e-05 5.64962 1.83952e-05 1.50265e-05 2.80099
69 2.24264e-05 3.24387e-05 5.77684 1.79431e-05 1.56051e-05 2.85439
70 2.21242e-05 3.113e-05 5.5753 1.7845e-05 1.48205e-05 2.85537
71 2.34481e-05 3.18094e-05 5.64703 1.84019e-05 1.51017e-05 2.76
72 2.29398e-05 3.24666e-05 5.78763 1.82311e-05 1.49038e-05 2.76596
73 2.16377e-05 3.03227e-05 5.36292 1.77633e-05 1.45153e-05 2.67298
74 2.22648e-05 3.23979e-05 5.66851 1.82747e-05 1.50568e-05 2.77192
75 2.24978e-05 3.21184e-05 5.68715 1.79186e-05 1.43188e-05 2.6591
76 2.13059e-05 3.1439e-05 5.62331 1.68419e-05 1.4934e-05 2.7838
77 2.11073e-05 2.98391e-05 5.26989 1.71968e-05 1.45944e-05 2.68799
78 2.1786e-05 3.12892e-05 5.52135 1.78804e-05 1.47321e-05 2.72551
79 2.06583e-05 2.92756e-05 5.1787 1.69805e-05 1.42674e-05 2.6325
80 2.10435e-05 2.94391e-05 5.27194 1.72645e-05 1.39967e-05 2.56927
81 2.17322e-05 3.03441e-05 5.42092 1.74777e-05 1.40778e-05 2.61924
82 2.08169e-05 3.1217e-05 5.44285 1.70237e-05 1.44714e-05 2.60553
83 2.11413e-05 3.11721e-05 5.52489 1.71977e-05 1.43433e-05 2.62495
84 2.09798e-05 3.17339e-05 5.69 1.66267e-05 1.37749e-05 2.55316
85 2.05991e-05 2.98945e-05 5.27305 1.67269e-05 1.39273e-05 2.56517
86 2.00656e-05 2.95237e-05 5.17572 1.60732e-05 1.39908e-05 2.48936
87 2.03087e-05 2.95852e-05 5.21961 1.64243e-05 1.42368e-05 2.55846
88 2.0228e-05 2.96676e-05 5.21867 1.64048e-05 1.36381e-05 2.40466
89 2.07226e-05 2.93975e-05 5.14327 1.6636e-05 1.31691e-05 2.39185
90 1.99327e-05 2.91287e-05 5.10097 1.58006e-05 1.32321e-05 2.35866
91 1.97078e-05 2.9107e-05 5.11762 1.6478e-05 1.34944e-05 2.48213
92 2.0014e-05 2.9685e-05 5.23162 1.60384e-05 1.37997e-05 2.47334
93 2.08699e-05 2.90165e-05 5.07421 1.70225e-05 1.28839e-05 2.31655
94 2.01499e-05 2.94522e-05 5.1769 1.6867e-05 1.3092e-05 2.39046
95 1.98847e-05 2.8603e-05 4.99579 1.60388e-05 1.30053e-05 2.38251
96 2.02965e-05 2.81742e-05 4.96971 1.57848e-05 1.30966e-05 2.39307
97 1.87435e-05 2.84501e-05 4.96498 1.51766e-05 1.29165e-05 2.33904
98 1.95634e-05 3.02945e-05 5.28856 1.58637e-05 1.35925e-05 2.42024
99 1.96236e-05 2.91941e-05 5.12198 1.59381e-05 1.29767e-05 2.35358
100 1.91302e-05 2.73737e-05 4.74911 1.53386e-05 1.29404e-05 2.26622
101 1.97368e-05 3.01767e-05 5.30635 1.56873e-05 1.35035e-05 2.43524
102 1.95491e-05 2.77344e-05 4.93429 1.55583e-05 1.30245e-05 2.35348
103 1.94252e-05 2.96153e-05 5.19122 1.53682e-05 1.31068e-05 2.36683
104 1.86836e-05 2.8577e-05 4.98751 1.50684e-05 1.27345e-05 2.26949
105 1.88567e-05 2.72053e-05 4.78059 1.5368e-05 1.23828e-05 2.22433
106 1.83533e-05 2.63888e-05 4.62336 1.51899e-05 1.28892e-05 2.34222
107 1.93151e-05 2.64726e-05 4.73651 1.58714e-05 1.23527e-05 2.28404
108 1.87043e-05 2.70307e-05 4.80312 1.51728e-05 1.26285e-05 2.27934
109 1.89293e-05 2.6417e-05 4.62208 1.54609e-05 1.22376e-05 2.21384
110 1.8457e-05 2.84786e-05 5.05604 1.45872e-05 1.25993e-05 2.26267
111 1.86743e-05 2.83057e-05 5.00233 1.47441e-05 1.27039e-05 2.27453
112 1.85023e-05 2.74263e-05 4.84276 1.494e-05 1.2628e-05 2.25777
113 1.76157e-05 2.76402e-05 4.80622 1.47266e-05 1.23066e-05 2.24182
114 1.79007e-05 2.92474e-05 5.09714 1.4813e-05 1.26309e-05 2.25758
115 1.83755e-05 2.67706e-05 4.66587 1.45968e-05 1.23241e-05 2.14626
116 1.86601e-05 2.82625e-05 4.96499 1.47993e-05 1.31251e-05 2.35945
117 1.81813e-05 2.80045e-05 4.9121 1.44085e-05 1.3029e-05 2.30431
118 1.82788e-05 2.8606e-05 5.04483 1.44847e-05 1.24504e-05 2.23612
119 1.78277e-05 2.72158e-05 4.73233 1.45117e-05 1.20327e-05 2.16434
120 1.8097e-05 2.746e-05 4.80941 1.4431e-05 1.24027e-05 2.1816
121 1.76292e-05 2.80219e-05 4.92798 1.42622e-05 1.18783e-05 2.10534
122 1.70441e-05 2.66371e-05 4.66671 1.39169e-05 1.21948e-05 2.17224
123 1.79701e-05 2.54089e-05 4.37093 1.44879e-05 1.18215e-05 2.06321
124 1.72923e-05 2.74803e-05 4.77346 1.38405e-05 1.22939e-05 2.1398
125 1.64084e-05 2.55221e-05 4.40939 1.37666e-05 1.19086e-05 2.10615
126 1.79959e-05 2.64918e-05 4.68572 1.45619e-05 1.18455e-05 2.16434
127 1.71553e-05 2.68151e-05 4.63249 1.36211e-05 1.19869e-05 2.12634
128 1.71767e-05 2.75149e-05 4.71929 1.39255e-05 1.23246e-05 2.11536
129 1.76616e-05 2.59756e-05 4.55152 1.39718e-05 1.16622e-05 2.06362
130 1.70555e-05 2.83807e-05 5.00262 1.38222e-05 1.19781e-05 2.1181
131 1.76614e-05 2.68786e-05 4.74445 1.36672e-05 1.18622e-05 2.07792
132 1.68102e-05 2.60104e-05 4.52805 1.3459e-05 1.16369e-05 2.04258
133 1.68138e-05 2.59092e-05 4.50707 1.36139e-05 1.1691e-05 2.04434
134 1.72116e-05 2.78159e-05 4.8598 1.38472e-05 1.17935e-05 2.07903
135 1.62475e-05 2.68662e-05 4.62501 1.30525e-05 1.20761e-05 2.09481
136 1.67252e-05 2.61395e-05 4.57951 1.32743e-05 1.1415e-05 2.02195
137 1.72343e-05 2.80559e-05 4.9171 1.34889e-05 1.19476e-05 2.11023
138 1.65377e-05 2.72467e-05 4.7151 1.30506e-05 1.16237e-05 2.02918
139 1.63982e-05 2.58479e-05 4.42742 1.29172e-05 1.1956e-05 2.06693
140 1.69649e-05 2.7956e-05 4.81557 1.32253e-05 1.172e-05 1.99238
141 1.65347e-05 2.72584e-05 4.67086 1.35355e-05 1.13921e-05 1.99313
142 1.63603e-05 2.68389e-05 4.65651 1.28584e-05 1.17486e-05 2.06202
143 1.7334e-05 2.54369e-05 4.45371 1.34267e-05 1.1193e-05 1.9707
144 1.70087e-05 2.74891e-05 4.76532 1.32587e-05 1.20084e-05 2.05709
145 1.69409e-05 2.65087e-05 4.51784 1.3332e-05 1.15576e-05 1.97829
146 1.67389e-05 2.72362e-05 4.77182 1.32081e-05 1.1661e-05 2.02953
147 1.66583e-05 2.61732e-05 4.52982 1.29719e-05 1.19826e-05 2.07605
148 1.62086e-05 2.64775e-05 4.50613 1.29703e-05 1.16144e-05 1.99985
149 1.6209e-05 2.8073e-05 4.84263 1.28261e-05 1.17242e-05 2.02053
150 1.64947e-05 2.6391e-05 4.59795 1.26908e-05 1.12068e-05 1.93752
151 1.59976e-05 2.61632e-05 4.57113 1.27875e-05 1.09535e-05 1.90169
152 1.57242e-05 2.57407e-05 4.44948 1.27262e-05 1.13131e-05 1.91435
153 1.63685e-05 2.65015e-05 4.5575 1.26487e-05 1.17443e-05 1.99933
154 1.63508e-05 2.7459e-05 4.72675 1.27523e-05 1.14039e-05 1.95203
155 1.59377e-05 2.66705e-05 4.58194 1.28313e-05 1.14607e-05 1.97305
156 1.65482e-05 2.64139e-05 4.46198 1.29496e-05 1.16747e-05 1.9404
157 1.54485e-05 2.49936e-05 4.34753 1.24869e-05 1.08246e-05 1.9136
158 1.59843e-05 2.71529e-05 4.69565 1.29946e-05 1.13658e-05 1.95538
159 1.58853e-05 2.62905e-05 4.55435 1.25941e-05 1.13635e-05 1.94295
160 1.55994e-05 2.52249e-05 4.35262 1.23783e-05 1.12468e-05 1.92591
161 1.57143e-05 2.63476e-05 4.60073 1.29111e-05 1.12738e-05 2.01407
162 1.63073e-05 2.59874e-05 4.50271 1.30019e-05 1.11452e-05 1.92172
163 1.58739e-05 2.51205e-05 4.34742 1.24594e-05 1.10154e-05 1.89148
164 1.59803e-05 2.63607e-05 4.55208 1.27043e-05 1.10446e-05 1.90687
165 1.52807e-05 2.49387e-05 4.32078 1.21311e-05 1.08864e-05 1.84665
166 1.6392e-05 2.57183e-05 4.46438 1.27102e-05 1.11967e-05 1.93126
167 1.53793e-05 2.69683e-05 4.60927 1.2062e-05 1.13519e-05 1.92131
168 1.48113e-05 2.49329e-05 4.20892 1.20258e-05 1.0833e-05 1.7961
169 1.5159e-05 2.46682e-05 4.26801 1.20193e-05 1.10568e-05 1.92458
170 1.51944e-05 2.47111e-05 4.28845 1.21245e-05 1.07961e-05 1.83511
171 1.51531e-05 2.5255e-05 4.29267 1.19757e-05 1.11225e-05 1.84134
172 1.59948e-05 2.54019e-05 4.44458 1.24732e-05 1.12783e-05 1.91704
173 1.55146e-05 2.508e-05 4.25086 1.21751e-05 1.10104e-05 1.79563
174 1.52358e-05 2.48517e-05 4.25736 1.19448e-05 1.12739e-05 1.87327
175 1.55858e-05 2.74504e-05 4.70651 1.23055e-05 1.0752e-05 1.81872
176 1.45737e-05 2.55257e-05 4.3311 1.12775e-05 1.10293e-05 1.84607
177 1.53757e-05 2.63981e-05 4.46181 1.23816e-05 1.088e-05 1.82461
178 1.52713e-05 2.41363e-05 4.16106 1.18651e-05 1.07967e-05 1.83881
179 1.48427e-05 2.36782e-05 4.07038 1.15778e-05 1.03596e-05 1.75144
180 1.56317e-05 2.54591e-05 4.35197 1.23754e-05 1.06649e-05 1.83434
181 1.48565e-05 2.52664e-05 4.332 1.17e-05 1.10512e-05 1.85201
182 1.50487e-05 2.49953e-05 4.32038 1.1565e-05 1.0458e-05 1.7676
183 1.48449e-05 2.46577e-05 4.21122 1.18782e-05 1.0486e-05 1.77007
184 1.50788e-05 2.47178e-05 4.26508 1.18254e-05 1.05632e-05 1.75648
185 1.49059e-05 2.48934e-05 4.30287 1.17037e-05 1.06866e-05 1.82768
186 1.52578e-05 2.39639e-05 4.14316 1.18536e-05 1.06803e-05 1.80644
187 1.51699e-05 2.65114e-05 4.54805 1.19406e-05 1.03437e-05 1.76595
188 1.502e-05 2.62542e-05 4.47407 1.16234e-05 1.10977e-05 1.81869
189 1.5129e-05 2.52067e-05 4.27616 1.17915e-05 1.0873e-05 1.82482
190 1.44818e-05 2.43605e-05 4.16347 1.18198e-05 1.04892e-05 1.81305
191 1.46975e-05 2.44238e-05 4.19133 1.13881e-05 1.05311e-05 1.75212
192 1.43816e-05 2.4011e-05 4.09402 1.11045e-05 1.06237e-05 1.73514
193 1.48394e-05 2.47506e-05 4.19729 1.14805e-05 1.07398e-05 1.79955
194 1.48201e-05 2.71113e-05 4.62023 1.14018e-05 1.08987e-05 1.81358
195 1.46256e-05 2.7111e-05 4.5812 1.15867e-05 1.11258e-05 1.81346
196 1.47513e-05 2.4412e-05 4.19104 1.14143e-05 1.03038e-05 1.71961
197 1.43028e-05 2.45301e-05 4.22126 1.14753e-05 1.07808e-05 1.85342
198 1.48671e-05 2.41047e-05 4.09813 1.15439e-05 1.04917e-05 1.75177
199 1.39638e-05 2.34911e-05 4.02292 1.11088e-05 1.03468e-05 1.726
200 1.48972e-05 2.51711e-05 4.29279 1.16927e-05 1.03849e-05 1.75482
201 1.46224e-05 2.45882e-05 4.16726 1.14197e-05 1.08178e-05 1.77854
202 1.45482e-05 2.56212e-05 4.34675 1.12131e-05 1.05299e-05 1.76105
203 1.43973e-05 2.34279e-05 3.9897 1.12147e-05 1.06474e-05 1.768
204 1.47818e-05 2.46566e-05 4.20147 1.15206e-05 1.04461e-05 1.73529
205 1.46242e-05 2.5509e-05 4.3133 1.12608e-05 1.08121e-05 1.78868
206 1.42716e-05 2.45205e-05 4.19715 1.10339e-05 1.04052e-05 1.76727
207 1.39204e-05 2.48666e-05 4.20498 1.10725e-05 1.01187e-05 1.71158
208 1.4475e-05 2.53619e-05 4.29581 1.12871e-05 1.07448e-05 1.78675
209 1.40276e-05 2.61663e-05 4.38465 1.10397e-05 1.10947e-05 1.79746
210 1.44342e-05 2.57107e-05 4.38515 1.10556e-05 1.07985e-05 1.79914
211 1.43935e-05 2.39323e-05 4.12464 1.11765e-05 9.98231e-06 1.68094
212 1.34446e-05 2.3679e-05 3.98983 1.0588e-05 1.03389e-05 1.70243
213 1.43857e-05 2.38714e-05 4.03623 1.12113e-05 1.0043e-05 1.64394
214 1.39606e-05 2.38852e-05 4.00822 1.10819e-05 1.0143e-05 1.68977
215 1.42659e-05 2.49969e-05 4.25533 1.07027e-05 1.00051e-05 1.65524
216 1.41743e-05 2.57815e-05 4.39793 1.10509e-05 1.05349e-05 1.7438
217 1.44e-05 2.4966e-05 4.24506 1.12738e-05 1.04058e-05 1.70574
218 1.40685e-05 2.52011e-05 4.25976 1.08533e-05 1.05109e-05 1.71774
219 1.42208e-05 2.64939e-05 4.47958 1.10777e-05 1.07674e-05 1.78454
220 1.42075e-05 2.49777e-05 4.22665 1.10012e-05 1.01447e-05 1.67816
221 1.40236e-05 2.47405e-05 4.23977 1.06466e-05 1.04069e-05 1.73939
222 1.40229e-05 2.55893e-05 4.35383 1.07662e-05 1.02871e-05 1.68533
223 1.40425e-05 2.54814e-05 4.31815 1.11375e-05 1.06555e-05 1.77013
224 1.39537e-05 2.36533e-05 4.03607 1.06566e-05 1.01327e-05 1.67156
225 1.42e-05 2.43348e-05 4.11976 1.08553e-05 1.02878e-05 1.6584
226 1.4036e-05 2.33311e-05 3.95463 1.05086e-05 1.00897e-05 1.62502
227 1.39897e-05 2.41061e-05 4.083 1.0957e-05 1.03685e-05 1.6965
228 1.37232e-05 2.53874e-05 4.24799 1.07726e-05 1.05323e-05 1.71079
229 1.34516e-05 2.28702e-05 3.86737 1.01829e-05 9.67741e-06 1.5908
230 1.34373e-05 2.453e-05 4.13808 1.03212e-05 1.03051e-05 1.67668
231 1.37562e-05 2.49093e-05 4.23272 1.04132e-05 1.00766e-05 1.61582
232 1.31963e-05 2.43631e-05 4.10257 1.0234e-05 1.01933e-05 1.64376
233 1.33143e-05 2.39115e-05 4.02461 1.04072e-05 9.53989e-06 1.58188
234 1.35482e-05 2.40969e-05 4.04538 1.06851e-05 9.8877e-06 1.56029
235 1.33272e-05 2.45018e-05 4.13643 1.04107e-05 1.03646e-05 1.70324
236 1.37492e-05 2.59954e-05 4.36979 1.06629e-05 1.05784e-05 1.69861
237 1.35742e-05 2.49831e-05 4.17223 1.0351e-05 1.02249e-05 1.62493
238 1.36426e-05 2.4559e-05 4.14403 1.03219e-05 1.03908e-05 1.68049
239 1.33895e-05 2.47035e-05 4.19876 1.04623e-05 1.00033e-05 1.61982
240 1.31124e-05 2.45689e-05 4.20482 1.02577e-05 1.0343e-05 1.71588
241 1.343e-05 2.34373e-05 3.93505 1.04836e-05 1.01594e-05 1.66784
242 1.35e-05 2.36336e-05 4.0027 1.00486e-05 9.89847e-06 1.61389
243 1.32051e-05 2.3948e-05 4.02523 1.01829e-05 9.84712e-06 1.56464
244 1.35218e-05 2.297e-05 3.89381 1.06771e-05 1.00277e-05 1.67863
245 1.36909e-05 2.53301e-05 4.25634 1.06352e-05 9.93016e-06 1.63956
246 1.31034e-05 2.39565e-05 4.03458 1.0096e-05 9.93657e-06 1.588
247 1.36962e-05 2.42377e-05 4.06831 1.08217e-05 1.0011e-05 1.60633
248 1.31087e-05 2.40081e-05 4.09432 9.99183e-06 1.00371e-05 1.62679
249 1.29135e-05 2.41634e-05 4.1096 9.92564e-06 1.02596e-05 1.67312
250 1.32367e-05 2.39809e-05 3.99764 1.01868e-05 9.99514e-06 1.57783
251 1.35872e-05 2.32873e-05 3.91226 1.01934e-05 9.746e-06 1.5768
252 1.31464e-05 2.38199e-05 3.96732 1.04436e-05 1.0085e-05 1.58615
253 1.33965e-05 2.33355e-05 3.92746 1.03336e-05 9.8231e-06 1.60567
254 1.2977e-05 2.45907e-05 4.11558 9.9185e-06 9.96107e-06 1.58628
255 1.30134e-05 2.28797e-05 3.92346 9.90777e-06 9.60189e-06 1.59523
256 1.33385e-05 2.34176e-05 3.90484 1.02511e-05 9.82633e-06 1.56103
257 1.37674e-05 2.34139e-05 3.9104 1.03013e-05 9.7027e-06 1.54816
258 1.2957e-05 2.36295e-05 3.95271 9.92044e-06 1.00009e-05 1.59195
259 1.33396e-05 2.42191e-05 4.10687 1.03958e-05 9.55333e-06 1.5765
260 1.25205e-05 2.45985e-05 4.09946 9.57812e-06 9.72614e-06 1.54998
261 1.26632e-05 2.39933e-05 4.0363 9.75223e-06 9.99458e-06 1.58657
262 1.36458e-05 2.29104e-05 3.80013 1.06585e-05 9.83107e-06 1.5689
263 1.26835e-05 2.32813e-05 3.89708 9.94358e-06 9.87384e-06 1.60779
264 1.27908e-05 2.35464e-05 3.90519 9.82918e-06 1.0046e-05 1.59532
265 1.26411e-05 2.34528e-05 3.94983 9.87607e-06 9.95406e-06 1.59589
266 1.31492e-05 2.29656e-05 3.84631 1.00593e-05 9.64891e-06 1.52154
267 1.27774e-05 2.32e-05 3.89015 9.77392e-06 9.65999e-06 1.55603
268 1.26461e-05 2.28966e-05 3.81688 9.55011e-06 9.94487e-06 1.56759
269 1.29966e-05 2.43953e-05 4.05965 9.82351e-06 1.01248e-05 1.61697
270 1.28464e-05 2.41027e-05 4.00373 9.86992e-06 1.00577e-05 1.58755
271 1.30558e-05 2.3207e-05 3.93966 1.00261e-05 9.54141e-06 1.51946
272 1.278e-05 2.40037e-05 3.99874 9.71163e-06 1.00031e-05 1.55197
273 1.25e-05 2.45692e-05 4.15367 9.63622e-06 1.00593e-05 1.60819
274 1.29655e-05 2.38337e-05 3.97275 1.01634e-05 9.94909e-06 1.59187
275 1.24031e-05 2.22204e-05 3.75875 9.39243e-06 9.54778e-06 1.56191
276 1.25e-05 2.36297e-05 3.95629 9.67284e-06 9.38104e-06 1.49942
277 1.29897e-05 2.316e-05 3.8759 9.96075e-06 9.49621e-06 1.51747
278 1.26474e-05 2.38612e-05 3.9391 9.95541e-06 9.86836e-06 1.54654
279 1.24168e-05 2.41334e-05 4.04547 9.44772e-06 1.02731e-05 1.65359
280 1.27781e-05 2.41468e-05 4.01447 9.68437e-06 9.55675e-06 1.47335
281 1.24834e-05 2.33786e-05 3.84109 9.88132e-06 9.60713e-06 1.51071
282 1.26934e-05 2.37935e-05 3.96759 9.69465e-06 9.72265e-06 1.51829
283 1.26279e-05 2.27949e-05 3.78208 9.52114e-06 9.9716e-06 1.57637
284 1.26061e-05 2.45967e-05 4.09522 9.5959e-06 9.99261e-06 1.56116
285 1.21901e-05 2.34264e-05 3.89716 9.66515e-06 1.00571e-05 1.58354
286 1.22776e-05 2.33234e-05 3.91397 9.21217e-06 9.7596e-06 1.57146
287 1.29272e-05 2.36641e-05 3.94899 9.94554e-06 9.87627e-06 1.56292
288 1.26088e-05 2.27615e-05 3.78383 9.5448e-06 9.50881e-06 1.50107
289 1.27649e-05 2.3563e-05 3.88833 9.88544e-06 9.63949e-06 1.52359
290 1.20177e-05 2.37212e-05 3.98558 9.40496e-06 1.00115e-05 1.58851
291 1.22067e-05 2.49827e-05 4.18483 9.44784e-06 9.84875e-06 1.56895
292 1.2456e-05 2.28851e-05 3.83971 9.48801e-06 9.3223e-06 1.45931
293 1.25076e-05 2.3014e-05 3.79502 9.69531e-06 9.48599e-06 1.45919
294 1.24465e-05 2.34344e-05 3.89081 9.48217e-06 9.48627e-06 1.47906
295 1.26516e-05 2.4497e-05 4.09968 9.85645e-06 9.74569e-06 1.55199
296 1.25162e-05 2.5027e-05 4.15593 9.40585e-06 1.01153e-05 1.56841
297 1.22813e-05 2.23432e-05 3.69465 9.13593e-06 9.45146e-06 1.47088
298 1.21416e-05 2.17885e-05 3.58764 9.13939e-06 9.35908e-06 1.45343
299 1.23166e-05 2.31494e-05 3.8006 9.12637e-06 9.82653e-06 1.51257
300 1.24286e-05 2.2667e-05 3.77101 9.66493e-06 9.7124e-06 1.52825
301 1.18437e-05 2.28973e-05 3.81367 8.94976e-06 9.57702e-06 1.49712
302 1.2389e-05 2.4048e-05 4.03677 9.33413e-06 9.8329e-06 1.53249
303 1.19446e-05 2.29007e-05 3.76106 9.20354e-06 9.62728e-06 1.49632
304 1.22661e-05 2.30881e-05 3.83358 9.27528e-06 9.43839e-06 1.4641
305 1.23634e-05 2.35621e-05 3.92064 9.37942e-06 9.6619e-06 1.50876
306 1.22498e-05 2.28478e-05 3.80428 9.01897e-06 9.58078e-06 1.50442
307 1.20616e-05 2.31295e-05 3.86453 9.40947e-06 9.63796e-06 1.55155
308 1.25322e-05 2.30795e-05 3.83302 9.47287e-06 9.4137e-06 1.46332
309 1.25026e-05 2.38776e-05 3.94486 9.4035e-06 1.00516e-05 1.55139
310 1.2811e-05 2.36228e-05 3.94332 9.84859e-06 9.70806e-06 1.51246
311 1.22004e-05 2.331e-05 3.90123 8.85663e-06 9.43871e-06 1.44349
312 1.20134e-05 2.37646e-05 3.86269 9.13569e-06 9.92428e-06 1.53452
313 1.19837e-05 2.19875e-05 3.65489 9.07731e-06 9.3191e-06 1.46238
314 1.18748e-05 2.37307e-05 3.93 9.08558e-06 9.49304e-06 1.44501
315 1.22931e-05 2.3717e-05 3.89708 9.21365e-06 9.72637e-06 1.50794
316 1.17891e-05 2.42634e-05 4.01973 8.81474e-06 9.70398e-06 1.49995
317 1.204e-05 2.3934e-05 3.98634 9.46344e-06 9.53294e-06 1.50939
318 1.2356e-05 2.31006e-05 3.77945 9.21637e-06 9.61155e-06 1.48542
319 1.25597e-05 2.27136e-05 3.71035 9.50951e-06 9.40446e-06 1.45308
320 1.20298e-05 2.30674e-05 3.77487 9.35656e-06 9.37143e-06 1.45623
321 1.2409e-05 2.32397e-05 3.8459 9.49674e-06 9.58198e-06 1.50534
322 1.20328e-05 2.3336e-05 3.82082 9.29902e-06 9.38948e-06 1.43136
323 1.22385e-05 2.30741e-05 3.80299 9.20007e-06 9.48605e-06 1.47064
324 1.1927e-05 2.42718e-05 4.0109 9.05895e-06 9.64042e-06 1.49544
325 1.18074e-05 2.27711e-05 3.76243 8.83079e-06 9.69866e-06 1.48766
326 1.22675e-05 2.36025e-05 3.93115 9.15109e-06 9.42026e-06 1.45383
327 1.22443e-05 2.21255e-05 3.66761 9.28818e-06 9.40209e-06 1.42217
328 1.21793e-05 2.25725e-05 3.72761 9.32266e-06 9.76229e-06 1.50936
329 1.20061e-05 2.42299e-05 3.96927 9.1459e-06 9.6706e-06 1.47102
330 1.19066e-05 2.32704e-05 3.80584 8.85821e-06 9.70235e-06 1.45224
331 1.23104e-05 2.32254e-05 3.81893 9.09823e-06 9.64736e-06 1.46976
332 1.19592e-05 2.31285e-05 3.81928 9.08716e-06 9.35023e-06 1.4681
333 1.20525e-05 2.29564e-05 3.78191 9.20228e-06 9.4165e-06 1.45832
334 1.19439e-05 2.37944e-05 3.88651 9.09876e-06 9.53837e-06 1.45368
335 1.12656e-05 2.3876e-05 3.94002 8.56656e-06 9.74269e-06 1.51602
336 1.23645e-05 2.26288e-05 3.70757 9.42149e-06 9.40499e-06 1.44103
337 1.19744e-05 2.36939e-05 3.92017 9.18497e-06 9.22124e-06 1.40132
338 1.19624e-05 2.37108e-05 3.85324 9.05199e-06 9.43293e-06 1.44411
339 1.20999e-05 2.33157e-05 3.85429 8.96578e-06 9.81351e-06 1.51863
340 1.1913e-05 2.30108e-05 3.73176 8.95009e-06 9.64921e-06 1.47497
341 1.18474e-05 2.30248e-05 3.85601 8.98801e-06 9.41305e-06 1.48101
342 1.23636e-05 2.28002e-05 3.74949 9.20256e-06 9.50213e-06 1.44864
343 1.18681e-05 2.33718e-05 3.84133 8.71003e-06 9.52296e-06 1.44656
344 1.19905e-05 2.29762e-05 3.7414 9.00406e-06 9.16855e-06 1.38182
345 1.18113e-05 2.32613e-05 3.78476 9.08492e-06 9.43945e-06 1.439
346 1.17184e-05 2.3209e-05 3.84205 8.83807e-06 9.61133e-06 1.51395
347 1.16164e-05 2.39449e-05 3.93899 8.73308e-06 9.56099e-06 1.45524
348 1.17644e-05 2.22654e-05 3.64529 9.02657e-06 9.36357e-06 1.46387
349 1.20016e-05 2.22609e-05 3.61445 9.0472e-06 9.17378e-06 1.3808
350 1.17387e-05 2.27672e-05 3.76961 8.64451e-06 9.00991e-06 1.37235
351 1.13714e-05 2.24966e-05 3.69336 8.16947e-06 9.3856e-06 1.4251
352 1.11601e-05 2.3711e-05 3.91524 8.37178e-06 9.553e-06 1.46341
353 1.1976e-05 2.40659e-05 3.92084 8.66647e-06 9.83554e-06 1.46293
354 1.15334e-05 2.23112e-05 3.66332 8.71374e-06 8.95141e-06 1.3661
355 1.16923e-05 2.27129e-05 3.74641 8.71637e-06 9.50702e-06 1.44254
356 1.20861e-05 2.35761e-05 3.87509 9.01468e-06 9.41234e-06 1.41837
357 1.2081e-05 2.28891e-05 3.75886 9.07974e-06 9.29219e-06 1.39221
358 1.16941e-05 2.30025e-05 3.72317 9.13489e-06 9.39648e-06 1.41235
359 1.16173e-05 2.24849e-05 3.66399 8.75794e-06 9.36967e-06 1.43364
360 1.19215e-05 2.33114e-05 3.85585 8.89866e-06 9.41318e-06 1.44711
361 1.16728e-05 2.36139e-05 3.88117 9.00884e-06 9.66488e-06 1.47309
362 1.19577e-05 2.22241e-05 3.64739 8.92972e-06 9.28181e-06 1.38479
363 1.13907e-05 2.34472e-05 3.84378 8.57842e-06 9.21742e-06 1.39913
364 1.11833e-05 2.23368e-05 3.61888 8.56535e-06 9.43178e-06 1.42296
365 1.16218e-05 2.23981e-05 3.62311 8.32961e-06 9.4234e-06 1.37355
366 1.16181e-05 2.24095e-05 3.66274 8.74751e-06 9.52486e-06 1.45284
367 1.15591e-05 2.1806e-05 3.58785 8.53044e-06 8.95074e-06 1.37223
368 1.21189e-05 2.32385e-05 3.78567 9.15256e-06 9.36256e-06 1.40324
369 1.13644e-05 2.33732e-05 3.86199 8.59364e-06 9.44635e-06 1.44332
370 1.15334e-05 2.29318e-05 3.77372 8.60978e-06 9.2784e-06 1.39291
371 1.16216e-05 2.2489e-05 3.73961 8.37986e-06 9.32078e-06 1.43434
372 1.16297e-05 2.22843e-05 3.67543 8.58441e-06 9.32948e-06 1.40965
373 1.1325e-05 2.2603e-05 3.68993 8.46501e-06 9.36911e-06 1.42864
374 1.14621e-05 2.31014e-05 3.81039 8.69819e-06 9.47663e-06 1.46649
375 1.11764e-05 2.19406e-05 3.59027 8.62157e-06 9.05525e-06 1.39365
376 1.1538e-05 2.28037e-05 3.68151 8.90953e-06 9.35042e-06 1.42808
377 1.14245e-05 2.32151e-05 3.82338 8.51796e-06 9.45242e-06 1.46128
378 1.16459e-05 2.30379e-05 3.81855 8.5773e-06 9.16766e-06 1.37055
379 1.11519e-05 2.26135e-05 3.6467 8.41683e-06 9.56823e-06 1.41498
380 1.12318e-05 2.2449e-05 3.67519 8.58479e-06 9.35417e-06 1.42743
381 1.182e-05 2.4349e-05 3.97009 8.67572e-06 9.49946e-06 1.42666
382 1.13579e-05 2.3338e-05 3.8661 8.43378e-06 9.56734e-06 1.47492
383 1.13679e-05 2.28165e-05 3.66657 8.4763e-06 9.34354e-06 1.38225
384 1.13445e-05 2.28131e-05 3.73393 8.40585e-06 9.34411e-06 1.42873
385 1.11253e-05 2.27594e-05 3.74769 8.14437e-06 9.26673e-06 1.40646
386 1.13591e-05 2.20761e-05 3.65043 8.32584e-06 8.97107e-06 1.37196
387 1.12324e-05 2.17657e-05 3.56198 8.43353e-06 9.1296e-06 1.37769
388 1.14747e-05 2.35771e-05 3.84864 8.54851e-06 9.67731e-06 1.42443
389 1.15178e-05 2.28276e-05 3.74947 8.4972e-06 9.32329e-06 1.40235
390 1.12145e-05 2.40621e-05 3.93087 8.54271e-06 9.3622e-06 1.36284
391 1.11386e-05 2.21847e-05 3.62266 8.48933e-06 9.01016e-06 1.33853
392 1.1171e-05 2.29338e-05 3.70802 8.28728e-06 9.78071e-06 1.469
393 1.12574e-05 2.25293e-05 3.6392 8.48176e-06 9.54383e-06 1.40683
394 1.161e-05 2.15996e-05 3.50558 8.58434e-06 8.78928e-06 1.31245
395 1.133e-05 2.08898e-05 3.39513 8.30299e-06 9.15249e-06 1.35825
396 1.1093e-05 2.20183e-05 3.57239 8.22148e-06 9.31582e-06 1.41556
397 1.11298e-05 2.24683e-05 3.64603 8.15605e-06 9.2014e-06 1.37959
398 1.14491e-05 2.363e-05 3.85193 8.63297e-06 9.53715e-06 1.41813
399 1.07891e-05 2.27848e-05 3.72513 8.09323e-06 9.23365e-06 1.37563
400 1.1637e-05 2.29641e-05 3.76048 8.74124e-06 9.12932e-06 1.38344
401 1.16752e-05 2.29426e-05 3.77125 8.61644e-06 9.1137e-06 1.35489
402 1.10871e-05 2.20962e-05 3.60659 8.14527e-06 9.15799e-06 1.35999
403 1.13331e-05 2.31606e-05 3.78716 8.43872e-06 9.37956e-06 1.41677
404 1.16264e-05 2.32932e-05 3.75481 8.71752e-06 9.31227e-06 1.35575
405 1.13519e-05 2.17364e-05 3.53389 8.34827e-06 9.11564e-06 1.36091
406 1.12679e-05 2.22452e-05 3.63864 8.22177e-06 9.28993e-06 1.38946
407 1.09325e-05 2.27919e-05 3.70504 8.13631e-06 9.33053e-06 1.38458
408 1.11015e-05 2.22102e-05 3.59099 8.27864e-06 9.43818e-06 1.40737
409 1.13164e-05 2.28379e-05 3.75302 8.27299e-06 9.27737e-06 1.3973
410 1.08555e-05 2.27536e-05 3.68315 7.96914e-06 9.10439e-06 1.3353
411 1.13402e-05 2.23786e-05 3.64033 8.53103e-06 9.20473e-06 1.37777
412 1.12102e-05 2.27014e-05 3.67513 8.50528e-06 9.13813e-06 1.35839
413 1.13118e-05 2.1868e-05 3.49176 8.53296e-06 9.21667e-06 1.35
414 1.14064e-05 2.22862e-05 3.6499 8.58702e-06 9.14894e-06 1.34959
415 1.1209e-05 2.3555e-05 3.88681 8.18092e-06 9.05865e-06 1.37154
416 1.0758e-05 2.30446e-05 3.74298 8.18157e-06 9.18213e-06 1.37384
417 1.09209e-05 2.2803e-05 3.71498 8.08205e-06 9.14114e-06 1.34064
418 1.12289e-05 2.21739e-05 3.59595 8.35756e-06 8.98082e-06 1.33222
419 1.09633e-05 2.30797e-05 3.72191 7.98679e-06 9.36447e-06 1.3914
420 1.12715e-05 2.25303e-05 3.66798 8.20386e-06 8.93849e-06 1.2746
421 1.11707e-05 2.30835e-05 3.79155 8.25201e-06 9.06207e-06 1.32841
422 1.10621e-05 2.18095e-05 3.5367 8.33427e-06 8.79122e-06 1.30437
423 1.11976e-05 2.34997e-05 3.80778 8.53963e-06 9.31288e-06 1.346
424 1.10223e-05 2.13997e-05 3.49401 7.99995e-06 8.82582e-06 1.32121
425 1.11997e-05 2.2914e-05 3.74001 8.51683e-06 9.11425e-06 1.3594
426 1.12312e-05 2.21567e-05 3.60898 8.31105e-06 8.97407e-06 1.32974
427 1.06012e-05 2.38004e-05 3.876 8.03755e-06 9.29784e-06 1.39652
428 1.06415e-05 2.29167e-05 3.71171 8.1289e-06 9.21609e-06 1.37171
429 1.0984e-05 2.15666e-05 3.50238 8.1314e-06 9.17958e-06 1.39703
430 1.14585e-05 2.25991e-05 3.71732 8.26112e-06 8.82756e-06 1.30811
431 1.0948e-05 2.32658e-05 3.78729 8.03682e-06 9.38267e-06 1.38596
432 1.08895e-05 2.42118e-05 3.9052 8.2016e-06 9.54532e-06 1.403
433 1.1062e-05 2.21015e-05 3.58443 8.11364e-06 8.9985e-06 1.34058
434 1.09208e-05 2.22032e-05 3.59919 8.03854e-06 8.92957e-06 1.30208
435 1.11136e-05 2.22722e-05 3.65268 8.0985e-06 9.08354e-06 1.37423
436 1.07953e-05 2.30809e-05 3.75969 7.94835e-06 9.32713e-06 1.38698
437 1.09822e-05 2.24998e-05 3.63966 7.85435e-06 8.99189e-06 1.31332
438 1.10626e-05 2.26963e-05 3.68625 8.10709e-06 9.12615e-06 1.32963
439 1.09621e-05 2.32102e-05 3.72898 8.17642e-06 9.17208e-06 1.32251
440 1.08362e-05 2.23593e-05 3.61555 7.95965e-06 9.20029e-06 1.36177
441 1.10791e-05 2.19846e-05 3.58458 8.09796e-06 8.786e-06 1.27439
442 1.0882e-05 2.27094e-05 3.65253 8.0564e-06 9.30789e-06 1.3798
443 1.09152e-05 2.22155e-05 3.55701 8.04376e-06 9.00895e-06 1.3421
444 1.0806e-05 2.28628e-05 3.67155 8.02926e-06 9.36841e-06 1.37886
445 1.07928e-05 2.2147e-05 3.56314 8.07064e-06 9.23811e-06 1.35242
446 1.08017e-05 2.27436e-05 3.68662 8.0439e-06 9.40611e-06 1.38518
447 1.11029e-05 2.30393e-05 3.73315 8.17413e-06 9.04533e-06 1.32041
448 1.08828e-05 2.26058e-05 3.66616 7.90538e-06 9.48805e-06 1.40755
449 1.08666e-05 2.20461e-05 3.51872 7.8836e-06 9.22445e-06 1.34717
450 1.07111e-05 2.31287e-05 3.71906 8.0704e-06 9.13541e-06 1.31073
451 1.123e-05 2.18523e-05 3.52634 8.2923e-06 9.08524e-06 1.3372
452 1.08431e-05 2.21232e-05 3.58543 7.78464e-06 9.04721e-06 1.33012
453 1.11075e-05 2.23169e-05 3.61406 8.20183e-06 9.19032e-06 1.36666
454 1.07681e-05 2.22875e-05 3.60282 7.87566e-06 8.91445e-06 1.30184
455 1.08257e-05 2.28875e-05 3.69499 8.18079e-06 8.8862e-06 1.2867
456 1.07528e-05 2.30313e-05 3.69523 7.93211e-06 9.19603e-06 1.33036
457 1.07347e-05 2.24977e-05 3.59806 7.91614e-06 9.06778e-06 1.31455
458 1.06912e-05 2.18721e-05 3.49458 7.68322e-06 9.22721e-06 1.34315
459 1.09234e-05 2.23266e-05 3.58437 8.097e-06 9.13124e-06 1.33896
460 1.10905e-05 2.3299e-05 3.79534 8.29558e-06 8.98764e-06 1.32215
461 1.11791e-05 2.22586e-05 3.56195 8.15369e-06 9.08606e-06 1.30771
462 1.06374e-05 2.29305e-05 3.75906 7.96256e-06 9.37811e-06 1.41442
463 1.02886e-05 2.27832e-05 3.64188 7.71265e-06 9.00915e-06 1.29454
464 1.06924e-05 2.08228e-05 3.40938 7.92541e-06 8.63812e-06 1.28607
465 1.03221e-05 2.34426e-05 3.77376 7.68461e-06 9.20106e-06 1.34106
466 1.08731e-05 2.35953e-05 3.80898 7.95149e-06 9.30045e-06 1.3594
467 1.10239e-05 2.11173e-05 3.4356 8.132e-06 8.58412e-06 1.26145
468 1.07023e-05 2.28164e-05 3.68348 8.09026e-06 8.96288e-06 1.31924
469 1.06914e-05 2.24945e-05 3.63346 7.87633e-06 8.96325e-06 1.339
470 1.11437e-05 2.24062e-05 3.60177 8.26776e-06 8.92714e-06 1.3164
471 1.06766e-05 2.19461e-05 3.54031 7.88339e-06 9.15091e-06 1.33451
472 1.03043e-05 2.35326e-05 3.8001 7.6305e-06 9.32496e-06 1.37116
473 1.04561e-05 2.27726e-05 3.68444 7.71266e-06 9.09194e-06 1.34023
474 1.05256e-05 2.26524e-05 3.58189 7.90776e-06 9.22129e-06 1.31276
475 1.00443e-05 2.27643e-05 3.66022 7.20508e-06 9.18772e-06 1.30605
476 1.09054e-05 2.29518e-05 3.7102 7.94989e-06 9.07769e-06 1.31391
477 1.05582e-05 2.25604e-05 3.60513 7.72535e-06 9.20597e-06 1.34227
478 1.05234e-05 2.39295e-05 3.88008 7.72092e-06 9.55242e-06 1.39024
479 1.05484e-05 2.23812e-05 3.57533 7.5664e-06 9.19324e-06 1.3097
480 1.03998e-05 2.15439e-05 3.50703 7.57426e-06 8.69891e-06 1.29515
481 1.03872e-05 2.33308e-05 3.73218 7.80882e-06 9.23607e-06 1.30872
482 1.04976e-05 2.29579e-05 3.72993 7.50207e-06 9.19879e-06 1.32161
483 1.06719e-05 2.12864e-05 3.39484 7.66216e-06 8.98994e-06 1.29436
484 1.00049e-05 2.25555e-05 3.6318 7.45493e-06 9.06118e-06 1.31722
485 1.07068e-05 2.23994e-05 3.58743 7.78574e-06 9.0473e-06 1.30218
486 1.04805e-05 2.20505e-05 3.57472 7.86002e-06 8.94575e-06 1.32364
487 1.08233e-05 2.22453e-05 3.5706 7.92133e-06 9.0349e-06 1.31786
488 1.0531e-05 2.17988e-05 3.5123 7.8824e-06 8.8619e-06 1.30911
489 1.03223e-05 2.28814e-05 3.63474 7.529e-06 9.21223e-06 1.3133
490 1.06721e-05 2.20523e-05 3.51018 7.53125e-06 8.97168e-06 1.27959
491 1.06153e-05 2.35619e-05 3.7654 7.7197e-06 9.21367e-06 1.33411
492 1.03667e-05 2.2743e-05 3.6657 7.71043e-06 9.26344e-06 1.35316
493 1.05874e-05 2.28373e-05 3.64714 7.8239e-06 9.05496e-06 1.28348
494 1.03453e-05 2.23565e-05 3.61431 7.80179e-06 9.00332e-06 1.31932
495 1.01752e-05 2.36603e-05 3.82841 7.63288e-06 9.31038e-06 1.35632
496 1.0419e-05 2.24941e-05 3.6105 8.01837e-06 9.12909e-06 1.31851
497 1.05133e-05 2.20892e-05 3.49347 7.91814e-06 8.92262e-06 1.27935
498 1.0741e-05 2.26555e-05 3.60077 7.9445e-06 9.06341e-06 1.29336
499 1.02286e-05 2.17937e-05 3.49243 7.61336e-06 8.83044e-06 1.29164
500 1.06852e-05 2.20463e-05 3.54305 7.86721e-06 8.71144e-06 1.27165
501 9.84054e-06 2.33329e-05 3.76874 7.31274e-06 9.24732e-06 1.34682
502 1.06022e-05 2.18931e-05 3.51241 7.5535e-06 8.68646e-06 1.24928
503 1.03922e-05 2.14834e-05 3.41105 7.42319e-06 8.87611e-06 1.262
504 1.08678e-05 2.26012e-05 3.65167 7.73111e-06 9.06672e-06 1.31482
505 1.0877e-05 2.20412e-05 3.55806 7.80339e-06 9.02425e-06 1.28192
506 1.07647e-05 2.10688e-05 3.30538 7.89259e-06 8.91497e-06 1.27047
507 1.05501e-05 2.20435e-05 3.53185 7.50385e-06 8.82313e-06 1.26773
508 1.0263e-05 2.26548e-05 3.62406 7.36959e-06 9.5705e-06 1.38702
509 9.97228e-06 2.29127e-05 3.61188 7.34522e-06 9.27464e-06 1.33702
510 1.0491e-05 2.13523e-05 3.4057 7.59453e-06 8.81664e-06 1.2424
511 1.01466e-05 2.37644e-05 3.85368 7.48196e-06 9.17697e-06 1.32923
512 1.07682e-05 2.22942e-05 3.54346 7.70584e-06 9.27111e-06 1.30828
513 1.05365e-05 2.25878e-05 3.60039 8.00947e-06 9.03932e-06 1.29366
514 1.02295e-05 2.24321e-05 3.59427 7.54718e-06 8.96044e-06 1.28906
515 1.09007e-05 2.12715e-05 3.40068 7.70456e-06 8.72353e-06 1.2512
516 1.00675e-05 2.14597e-05 3.45467 7.09679e-06 8.70128e-06 1.26078
517 1.06109e-05 2.24237e-05 3.5642 7.58792e-06 8.76034e-06 1.25132
518 1.00393e-05 2.33236e-05 3.73577 7.26051e-06 9.20855e-06 1.32276
519 1.0569e-05 2.31575e-05 3.67477 7.70942e-06 9.203e-06 1.30801
520 1.01966e-05 2.36094e-05 3.75999 7.53928e-06 9.18747e-06 1.31148
521 1.01746e-05 2.23984e-05 3.6005 7.5362e-06 9.18288e-06 1.35893
522 1.03682e-05 2.26964e-05 3.64091 7.51514e-06 8.84808e-06 1.26159
523 1.05489e-05 2.24808e-05 3.58572 7.64459e-06 9.05197e-06 1.28843
524 1.01252e-05 2.27207e-05 3.62607 7.42039e-06 9.08684e-06 1.30372
525 1.02857e-05 2.20104e-05 3.47827 7.26521e-06 8.79872e-06 1.2304
526 1.01124e-05 2.1803e-05 3.475 7.4929e-06 8.91469e-06 1.27119
527 1.03947e-05 2.276e-05 3.64182 7.50682e-06 9.0937e-06 1.28825
528 1.07579e-05 2.32783e-05 3.71089 7.85322e-06 9.22546e-06 1.28432
529 1.01515e-05 2.31476e-05 3.7047 7.32725e-06 9.23959e-06 1.31535
530 1.04299e-05 2.21371e-05 3.50749 7.5912e-06 9.19244e-06 1.31039
531 1.01342e-05 2.1926e-05 3.53157 7.16663e-06 8.79181e-06 1.26463
532 1.06227e-05 2.24481e-05 3.57543 7.72779e-06 8.91826e-06 1.24879
533 1.00615e-05 2.13365e-05 3.4175 7.27817e-06 8.32486e-06 1.17767
534 9.81723e-06 2.18301e-05 3.49254 7.27259e-06 8.83226e-06 1.27478
535 1.04335e-05 2.12631e-05 3.38288 7.60111e-06 8.75669e-06 1.23787
536 1.02717e-05 2.25507e-05 3.63241 7.45711e-06 9.0485e-06 1.30645
537 1.02011e-05 2.25898e-05 3.60291 7.49692e-06 9.02332e-06 1.32086
538 1.03933e-05 2.26482e-05 3.56715 7.5517e-06 9.15771e-06 1.29789
539 1.03658e-05 2.19767e-05 3.48396 7.48095e-06 8.79435e-06 1.24267
540 9.76809e-06 2.21636e-05 3.49765 7.04501e-06 8.99691e-06 1.26698
541 1.0318e-05 2.14268e-05 3.4003 7.52867e-06 8.89637e-06 1.27091
542 1.02104e-05 2.18267e-05 3.48904 7.3993e-06 9.006e-06 1.27554
543 1.01443e-05 2.19087e-05 3.50082 7.41107e-06 9.00511e-06 1.29102
544 1.04219e-05 2.17556e-05 3.44295 7.37994e-06 9.1229e-06 1.29037
545 9.84223e-06 2.16433e-05 3.44958 7.25136e-06 8.80627e-06 1.2878
546 1.03168e-05 2.25306e-05 3.62045 7.39245e-06 8.92576e-06 1.27869
547 1.04653e-05 2.13527e-05 3.37445 7.59185e-06 8.83019e-06 1.24137
548 9.95783e-06 2.26097e-05 3.64765 7.3324e-06 8.71212e-06 1.25427
549 1.02552e-05 2.17107e-05 3.44755 7.19625e-06 8.72484e-06 1.22447
550 9.65328e-06 2.23001e-05 3.56729 7.14196e-06 9.13363e-06 1.31706
551 1.01047e-05 2.29353e-05 3.64454 7.33184e-06 9.15401e-06 1.31634
552 1.011e-05 2.28166e-05 3.65773 7.35244e-06 8.79963e-06 1.25565
553 1.02782e-05 2.21932e-05 3.54066 7.34761e-06 8.98297e-06 1.25506
554 1.0031e-05 2.26523e-05 3.58937 7.21103e-06 9.06392e-06 1.28598
555 1.01041e-05 2.24662e-05 3.53918 7.36705e-06 8.98093e-06 1.25906
556 1.07146e-05 2.20443e-05 3.50132 7.54334e-06 8.84603e-06 1.23335
557 1.00322e-05 2.24525e-05 3.56371 7.36862e-06 9.24981e-06 1.30181
558 1.02859e-05 2.17369e-05 3.47613 7.28767e-06 8.86667e-06 1.26926
559 9.88269e-06 2.24516e-05 3.57771 7.27862e-06 8.77165e-06 1.24498
560 9.71843e-06 2.24337e-05 3.60158 7.15253e-06 8.81511e-06 1.28588
561 1.0179e-05 2.25715e-05 3.57691 7.46719e-06 8.92881e-06 1.26086
562 1.01228e-05 2.27728e-05 3.59592 7.54673e-06 9.0915e-06 1.29664
563 1.00863e-05 2.27905e-05 3.676 7.23021e-06 9.03315e-06 1.31043
564 9.98932e-06 2.33964e-05 3.71853 7.34786e-06 9.26047e-06 1.30322
565 1.02065e-05 2.22193e-05 3.54601 7.39451e-06 9.08383e-06 1.262
566 9.88154e-06 2.30896e-05 3.71148 7.47573e-06 8.91654e-06 1.27043
567 1.01377e-05 2.27012e-05 3.6167 7.3651e-06 9.22992e-06 1.3113
568 9.97016e-06 2.19298e-05 3.49767 7.2986e-06 8.6694e-06 1.24466
569 1.03719e-05 2.18994e-05 3.47454 7.57423e-06 8.78138e-06 1.24797
570 1.00219e-05 2.27685e-05 3.62178 7.31068e-06 9.29258e-06 1.32536
571 9.97111e-06 2.17927e-05 3.44493 7.06207e-06 8.87234e-06 1.24081
572 1.01969e-05 2.2245e-05 3.53854 7.32403e-06 8.98361e-06 1.27054
573 9.56412e-06 2.17192e-05 3.47745 6.87053e-06 8.82747e-06 1.25282
574 9.92475e-06 2.17144e-05 3.48696 7.1402e-06 8.59195e-06 1.2376
575 9.3919e-06 2.20073e-05 3.54308 6.90385e-06 8.96479e-06 1.30045
576 9.97568e-06 2.25269e-05 3.5994 7.34013e-06 8.77868e-06 1.25039
577 9.88369e-06 2.25191e-05 3.5806 7.02572e-06 9.14514e-06 1.31905
578 9.87142e-06 2.25681e-05 3.56899 7.17582e-06 9.4101e-06 1.33875
579 1.00943e-05 2.12485e-05 3.34864 7.28184e-06 8.57232e-06 1.17837
580 1.01359e-05 2.38721e-05 3.83967 7.40725e-06 9.23845e-06 1.29877
581 9.95507e-06 2.20789e-05 3.52668 7.21118e-06 8.92145e-06 1.26299
582 1.06016e-05 2.19363e-05 3.48974 7.66222e-06 8.9391e-06 1.27344
583 9.65472e-06 2.19947e-05 3.48279 6.87621e-06 8.8531e-06 1.23575
584 9.78106e-06 2.1834e-05 3.46536 7.03542e-06 9.01856e-06 1.25774
585 9.85048e-06 2.18513e-05 3.47043 7.14199e-06 8.90083e-06 1.25342
586 9.89689e-06 2.22854e-05 3.55139 7.23482e-06 8.83548e-06 1.24984
587 9.60719e-06 2.29318e-05 3.64259 7.08381e-06 8.95225e-06 1.25872
588 9.66468e-06 2.23024e-05 3.52677 7.17897e-06 8.81081e-06 1.21892
589 9.93447e-06 2.1994e-05 3.4847 7.45725e-06 8.91853e-06 1.2677
590 9.86606e-06 2.3029e-05 3.67699 7.04246e-06 9.14382e-06 1.29286
591 1.02522e-05 2.13807e-05 3.34769 7.47058e-06 8.77847e-06 1.21303
592 1.00498e-05 2.24088e-05 3.52927 7.13354e-06 8.89792e-06 1.23893
593 9.98508e-06 2.18553e-05 3.47128 7.25634e-06 8.66987e-06 1.22262
594 9.6995e-06 2.27731e-05 3.6584 7.17666e-06 9.02182e-06 1.30416
595 9.72345e-06 2.11579e-05 3.3669 7.06184e-06 8.63969e-06 1.22948
596 9.86064e-06 2.28914e-05 3.61126 7.22262e-06 9.1395e-06 1.28562
597 1.03686e-05 2.20494e-05 3.48262 7.60397e-06 8.77814e-06 1.2384
598 9.76413e-06 2.21242e-05 3.50677 7.14137e-06 8.86141e-06 1.25375
599 1.02159e-05 2.14677e-05 3.34914 7.1484e-06 8.83883e-06 1.21342
600 9.76704e-06 2.35734e-05 3.71996 7.00419e-06 9.36851e-06 1.32436
601 9.79584e-06 2.20265e-05 3.47698 6.96791e-06 8.97692e-06 1.25985
602 9.94782e-06 2.33832e-05 3.74124 7.09194e-06 9.09986e-06 1.29211
603 9.91103e-06 2.29099e-05 3.6387 7.20379e-06 8.86265e-06 1.23445
604 9.7823e-06 2.23994e-05 3.55742 6.96524e-06 8.77193e-06 1.24038
605 1.01051e-05 2.21708e-05 3.5304 7.23958e-06 9.00485e-06 1.25499
606 9.56337e-06 2.25206e-05 3.57549 6.98962e-06 8.95121e-06 1.24686
607 9.78463e-06 2.16856e-05 3.43359 7.04603e-06 8.68596e-06 1.25204
608 9.99285e-06 2.19728e-05 3.4648 7.14656e-06 9.14822e-06 1.27145
609 9.71883e-06 2.18933e-05 3.46173 7.11006e-06 8.85661e-06 1.2485
610 9.84694e-06 2.24325e-05 3.54452 7.08774e-06 9.05633e-06 1.28148
611 9.48739e-06 2.25096e-05 3.57314 6.8813e-06 9.12065e-06 1.2751
612 1.009e-05 2.23809e-05 3.48784 7.15104e-06 8.97283e-06 1.22591
613 9.60316e-06 2.17141e-05 3.456 7.01141e-06 8.75571e-06 1.23782
614 9.89428e-06 2.2093e-05 3.49351 7.03915e-06 8.7923e-06 1.24228
615 9.91504e-06 2.28483e-05 3.59861 7.05874e-06 8.92024e-06 1.23417
616 9.7133e-06 2.2385e-05 3.53514 7.00973e-06 8.84408e-06 1.23152
617 9.83958e-06 2.17352e-05 3.41683 7.10525e-06 8.87384e-06 1.23613
618 9.59967e-06 2.26152e-05 3.57907 6.9474e-06 8.78432e-06 1.23448
619 9.82028e-06 2.23576e-05 3.52176 7.03451e-06 9.01923e-06 1.24646
620 1.00192e-05 2.28127e-05 3.57753 7.32998e-06 9.05939e-06 1.25205
621 9.89897e-06 2.24633e-05 3.56461 7.16037e-06 8.84292e-06 1.21457
622 9.50476e-06 2.25359e-05 3.56019 6.92124e-06 9.14922e-06 1.30077
623 9.93129e-06 2.18531e-05 3.43365 7.0957e-06 8.79331e-06 1.21999
624 9.86604e-06 2.25823e-05 3.55597 7.12858e-06 9.16902e-06 1.2951
625 9.83888e-06 2.25235e-05 3.54978 7.26695e-06 8.95826e-06 1.24514
626 9.94971e-06 2.17746e-05 3.44571 7.33765e-06 8.69595e-06 1.23282
627 9.87701e-06 2.25016e-05 3.51296 6.99872e-06 9.22798e-06 1.28004
628 9.93412e-06 2.20673e-05 3.43994 7.12081e-06 9.01994e-06 1.2343
629 1.01013e-05 2.22331e-05 3.48003 7.10911e-06 8.8841e-06 1.21297
630 9.82384e-06 2.21021e-05 3.50107 6.97233e-06 8.83022e-06 1.22478
631 9.52447e-06 2.27862e-05 3.61482 6.67589e-06 8.90689e-06 1.22029
632 9.96029e-06 2.20556e-05 3.48515 7.05024e-06 8.85006e-06 1.21833
633 9.61816e-06 2.22737e-05 3.47315 7.01508e-06 8.85246e-06 1.22368
634 9.56834e-06 2.22926e-05 3.53262 6.85531e-06 9.09916e-06 1.27737
635 9.91213e-06 2.22862e-05 3.53866 7.045e-06 8.78505e-06 1.22648
636 9.87094e-06 2.16447e-05 3.45439 6.94258e-06 8.78762e-06 1.23592
637 9.70795e-06 2.20354e-05 3.45481 6.98155e-06 8.97812e-06 1.23989
638 9.71253e-06 2.24844e-05 3.5537 6.9788e-06 8.93294e-06 1.23945
639 9.35013e-06 2.34407e-05 3.75426 6.88064e-06 8.90023e-06 1.24462
640 9.50419e-06 2.30423e-05 3.65974 6.99028e-06 8.76706e-06 1.23104
641 9.59206e-06 2.2521e-05 3.57041 6.94398e-06 8.90494e-06 1.2282
642 9.76938e-06 2.27382e-05 3.60499 7.16315e-06 8.85303e-06 1.24318
643 9.98174e-06 2.20447e-05 3.45318 7.03457e-06 8.76729e-06 1.19603
644 9.68131e-06 2.29319e-05 3.65626 7.21408e-06 8.83197e-06 1.23379
645 9.56103e-06 2.22726e-05 3.52894 7.05409e-06 8.85348e-06 1.24424
646 9.53227e-06 2.21413e-05 3.48901 6.76172e-06 9.05419e-06 1.26244
647 9.66967e-06 2.20701e-05 3.49063 6.7868e-06 8.94851e-06 1.252
648 9.5771e-06 2.23922e-05 3.55176 6.76149e-06 8.77931e-06 1.23449
649 9.97273e-06 2.13584e-05 3.34655 7.03212e-06 8.59588e-06 1.18672
650 9.46953e-06 2.23702e-05 3.54714 6.66279e-06 8.78778e-06 1.21175
651 9.39838e-06 2.22628e-05 3.51754 6.75892e-06 8.9829e-06 1.2618
652 9.71766e-06 2.03335e-05 3.16007 6.88063e-06 8.71331e-06 1.20675
653 9.58127e-06 2.37431e-05 3.77245 7.05399e-06 8.98373e-06 1.24548
654 9.89038e-06 2.25569e-05 3.5726 7.0918e-06 8.80442e-06 1.19984
655 9.43051e-06 2.22881e-05 3.53353 6.62484e-06 9.06803e-06 1.28463
656 1.02689e-05 2.20119e-05 3.43178 7.51773e-06 8.75349e-06 1.1781
657 9.61438e-06 2.18497e-05 3.43886 6.91389e-06 8.86606e-06 1.22893
658 9.42698e-06 2.26549e-05 3.55702 6.80748e-06 8.81402e-06 1.22265
659 9.52726e-06 2.20963e-05 3.48049 6.87928e-06 8.88968e-06 1.2329
660 9.21176e-06 2.20927e-05 3.44744 6.6811e-06 8.84971e-06 1.20878
661 9.7221e-06 2.24133e-05 3.51564 6.91868e-06 9.04382e-06 1.23513
662 9.35124e-06 2.33866e-05 3.67534 6.73099e-06 9.02058e-06 1.2347
663 9.82243e-06 2.24018e-05 3.53196 6.86554e-06 9.01001e-06 1.25226
664 9.22464e-06 2.34394e-05 3.69639 6.75429e-06 9.14608e-06 1.27745
665 9.54409e-06 2.20107e-05 3.46856 6.96607e-06 8.76876e-06 1.2217
666 9.72222e-06 2.19471e-05 3.4557 6.91944e-06 8.96472e-06 1.23786
667 9.67687e-06 2.22603e-05 3.49484 6.73463e-06 8.97594e-06 1.25774
668 9.84307e-06 2.2684e-05 3.55914 7.0121e-06 9.01856e-06 1.24105
669 9.34774e-06 2.26908e-05 3.55979 6.81554e-06 8.77946e-06 1.19162
670 9.51129e-06 2.23726e-05 3.52944 6.78065e-06 9.06834e-06 1.25545
671 9.49395e-06 2.24332e-05 3.56165 6.47305e-06 8.95416e-06 1.24577
672 9.1692e-06 2.22461e-05 3.47998 6.42818e-06 9.07793e-06 1.25549
673 9.45517e-06 2.22643e-05 3.52018 6.63384e-06 8.88672e-06 1.23901
674 9.69862e-06 2.23857e-05 3.4818 6.99222e-06 9.09659e-06 1.24222
675 9.84609e-06 2.22214e-05 3.50999 7.01538e-06 8.90192e-06 1.22266
676 9.51488e-06 2.17016e-05 3.37002 6.8117e-06 8.68838e-06 1.19341
677 9.66155e-06 2.17407e-05 3.38538 6.81685e-06 9.1675e-06 1.29047
678 9.43463e-06 2.25909e-05 3.5725 6.71506e-06 8.89469e-06 1.24416
679 9.34379e-06 2.07967e-05 3.27003 6.42203e-06 8.437e-06 1.16386
680 9.44123e-06 2.28467e-05 3.60777 6.7383e-06 9.03295e-06 1.2716
681 9.67261e-06 2.27327e-05 3.54708 6.83618e-06 8.96684e-06 1.19128
682 9.38733e-06 2.19925e-05 3.44718 6.69184e-06 8.77429e-06 1.22616
683 9.41505e-06 2.20032e-05 3.46759 6.78519e-06 8.79845e-06 1.23226
684 9.29524e-06 2.3403e-05 3.67338 6.80019e-06 8.87372e-06 1.19892
685 9.39033e-06 2.18007e-05 3.4231 6.66404e-06 8.77621e-06 1.21319
686 9.78028e-06 2.15517e-05 3.39943 6.92585e-06 8.73577e-06 1.20882
687 9.70456e-06 2.21565e-05 3.44538 6.9644e-06 8.91724e-06 1.23203
688 9.78036e-06 2.27812e-05 3.57834 6.92613e-06 8.94171e-06 1.22764
689 1.01546e-05 2.08862e-05 3.22405 7.17584e-06 8.75047e-06 1.18861
690 9.61452e-06 2.28214e-05 3.59307 6.71082e-06 8.84026e-06 1.20167
691 9.6542e-06 2.13129e-05 3.35398 6.73684e-06 8.82515e-06 1.2137
692 9.70639e-06 2.2268e-05 3.48149 7.06556e-06 8.93007e-06 1.22418
693 9.38316e-06 2.22928e-05 3.45846 6.63858e-06 9.11163e-06 1.26246
694 9.7635e-06 2.18374e-05 3.39627 6.76408e-06 8.89104e-06 1.18761
695 9.63245e-06 2.19388e-05 3.43288 6.85509e-06 8.7518e-06 1.22016
696 9.28421e-06 2.24844e-05 3.51927 6.52936e-06 8.93208e-06 1.21395
697 9.58616e-06 2.31374e-05 3.65935 6.74983e-06 9.01619e-06 1.25729
698 9.4486e-06 2.18402e-05 3.44905 6.53352e-06 8.63755e-06 1.17779
699 9.63591e-06 2.22159e-05 3.485 6.83988e-06 8.79018e-06 1.21162
700 9.47812e-06 2.25284e-05 3.56717 6.7486e-06 8.99754e-06 1.2497
701 9.61986e-06 2.20367e-05 3.45377 6.87017e-06 8.8613e-06 1.21582
702 9.23768e-06 2.28341e-05 3.616 6.60835e-06 8.77801e-06 1.22206
703 9.50797e-06 2.25407e-05 3.53988 6.6223e-06 9.01649e-06 1.22456
704 9.57828e-06 2.20766e-05 3.45377 6.59528e-06 8.93181e-06 1.20522
705 9.28889e-06 2.23878e-05 3.49833 6.76437e-06 9.12995e-06 1.25892
706 9.2371e-06 2.16171e-05 3.35832 6.57645e-06 8.69611e-06 1.1924
707 9.79063e-06 2.17666e-05 3.39486 6.81974e-06 8.78327e-06 1.21224
708 9.07252e-06 2.27062e-05 3.58543 6.55551e-06 9.04441e-06 1.25406
709 9.72178e-06 2.14023e-05 3.30782 6.86488e-06 8.8016e-06 1.19734
710 9.3414e-06 2.31177e-05 3.59589 6.72789e-06 9.11519e-06 1.24786
711 9.68271e-06 2.19748e-05 3.44465 6.90242e-06 8.90144e-06 1.22063
712 9.32441e-06 2.13808e-05 3.34342 6.61882e-06 8.6501e-06 1.20743
713 9.44094e-06 2.20472e-05 3.44372 6.68912e-06 8.72859e-06 1.19357
714 9.2914e-06 2.26811e-05 3.58667 6.67488e-06 8.81061e-06 1.22576
715 9.17815e-06 2.24797e-05 3.55873 6.58751e-06 8.75878e-06 1.20179
716 9.63396e-06 2.22162e-05 3.44914 6.75631e-06 9.00904e-06 1.21017
717 9.71787e-06 2.19589e-05 3.43474 6.82511e-06 8.89165e-06 1.2105
718 9.50934e-06 2.25234e-05 3.51978 6.736e-06 8.99853e-06 1.21627
719 9.36566e-06 2.22706e-05 3.52595 6.6204e-06 8.8519e-06 1.22507
720 9.67586e-06 2.15254e-05 3.3582 6.72891e-06 8.6717e-06 1.16179
721 9.19901e-06 2.29539e-05 3.58846 6.45452e-06 9.00336e-06 1.25722
722 9.53953e-06 2.19742e-05 3.429 6.79832e-06 8.86265e-06 1.19905
723 9.57749e-06 2.113e-05 3.29308 6.72189e-06 8.69504e-06 1.19308
724 9.25859e-06 2.24026e-05 3.52482 6.6154e-06 8.97521e-06 1.24239
725 9.25464e-06 2.19227e-05 3.45798 6.48114e-06 8.95617e-06 1.24823
726 9.42058e-06 2.18935e-05 3.40097 6.76632e-06 8.83447e-06 1.2084
727 9.13394e-06 2.2689e-05 3.54627 6.42048e-06 8.76474e-06 1.17622
728 9.5571e-06 2.14943e-05 3.3715 6.75694e-06 8.83727e-06 1.22486
729 9.28325e-06 2.25624e-05 3.56928 6.54516e-06 8.94626e-06 1.24642
730 8.94655e-06 2.21939e-05 3.464 6.24994e-06 8.76615e-06 1.20084
731 9.39577e-06 2.23461e-05 3.52642 6.52825e-06 8.9228e-06 1.21446
732 9.15341e-06 2.22514e-05 3.48235 6.36831e-06 8.87402e-06 1.22908
733 9.8748e-06 2.1746e-05 3.40594 6.88741e-06 8.79771e-06 1.18726
734 9.49879e-06 2.1601e-05 3.35856 6.61221e-06 8.79773e-06 1.20876
735 9.20351e-06 2.22273e-05 3.47719 6.5983e-06 8.82045e-06 1.21888
736 9.23114e-06 2.21509e-05 3.45262 6.48322e-06 8.9073e-06 1.20347
737 8.9164e-06 2.19001e-05 3.40606 6.36833e-06 8.79974e-06 1.21207
738 9.63329e-06 2.20449e-05 3.421 6.65804e-06 8.88761e-06 1.20458
739 9.09939e-06 2.1971e-05 3.42614 6.26625e-06 8.89426e-06 1.22026
740 8.76378e-06 2.25543e-05 3.52336 6.22394e-06 8.88543e-06 1.21789
741 9.54145e-06 2.18825e-05 3.42531 6.54558e-06 8.98173e-06 1.24442
742 9.20053e-06 2.36139e-05 3.73273 6.50456e-06 8.77203e-06 1.17196
743 9.22627e-06 2.3011e-05 3.60166 6.55318e-06 8.98151e-06 1.20434
744 9.5458e-06 2.19949e-05 3.45777 6.67605e-06 8.84312e-06 1.20949
745 9.56212e-06 2.20451e-05 3.41378 6.74968e-06 8.83459e-06 1.19945
746 9.2927e-06 2.1804e-05 3.39772 6.44642e-06 8.77537e-06 1.19586
747 9.50352e-06 2.21757e-05 3.48643 6.71711e-06 8.89943e-06 1.22996
748 9.62641e-06 2.2311e-05 3.45007 6.86966e-06 8.79496e-06 1.15433
749 9.43245e-06 2.12149e-05 3.31389 6.64804e-06 8.48179e-06 1.15655
750 9.11466e-06 2.19855e-05 3.38077 6.44384e-06 8.9282e-06 1.20138
751 9.19767e-06 2.19237e-05 3.46391 6.44572e-06 8.70285e-06 1.19729
752 9.10351e-06 2.18532e-05 3.40553 6.44397e-06 8.82439e-06 1.21118
753 9.18675e-06 2.32406e-05 3.62125 6.35062e-06 9.27073e-06 1.25117
754 9.56499e-06 2.13642e-05 3.30911 6.77432e-06 8.45946e-06 1.14293
755 8.95729e-06 2.2313e-05 3.50258 6.49515e-06 8.65311e-06 1.18128
756 9.20631e-06 2.26415e-05 3.53717 6.54203e-06 8.75615e-06 1.18847
757 9.33591e-06 2.2314e-05 3.45379 6.47724e-06 8.86882e-06 1.1857
758 9.23368e-06 2.25554e-05 3.53756 6.36442e-06 8.96972e-06 1.20556
759 9.08939e-06 2.26721e-05 3.52647 6.4569e-06 8.95325e-06 1.22582
760 9.32656e-06 2.18399e-05 3.41333 6.49713e-06 8.83872e-06 1.20068
761 9.25357e-06 2.20873e-05 3.47306 6.65651e-06 8.95982e-06 1.23616
762 9.15861e-06 2.22043e-05 3.47611 6.44618e-06 8.88745e-06 1.21618
763 9.19437e-06 2.28345e-05 3.56779 6.36357e-06 8.89787e-06 1.18867
764 9.48976e-06 2.2087e-05 3.43809 6.62888e-06 8.79648e-06 1.16726
765 8.90832e-06 2.36803e-05 3.71392 6.57016e-06 8.88377e-06 1.20239
766 9.21906e-06 2.23423e-05 3.46439 6.4786e-06 8.83066e-06 1.19319
767 9.27169e-06 2.16215e-05 3.33221 6.54074e-06 8.77494e-06 1.20097
768 9.05995e-06 2.1441e-05 3.34392 6.2015e-06 8.76973e-06 1.19712
769 9.43289e-06 2.17853e-05 3.35606 6.58037e-06 8.72127e-06 1.1505
770 8.97895e-06 2.24372e-05 3.48987 6.39689e-06 8.98019e-06 1.22053
771 9.19917e-06 2.30935e-05 3.58757 6.58209e-06 8.99298e-06 1.23911
772 9.23439e-06 2.1702e-05 3.38098 6.4618e-06 8.71368e-06 1.19631
773 9.15879e-06 2.2e-05 3.44115 6.49447e-06 8.74991e-06 1.20007
774 9.18434e-06 2.20395e-05 3.44025 6.43692e-06 8.83409e-06 1.19227
775 9.2968e-06 2.12251e-05 3.28949 6.58453e-06 8.74017e-06 1.1932
776 9.01896e-06 2.24673e-05 3.52239 6.42343e-06 8.71009e-06 1.17801
777 9.01403e-06 2.23415e-05 3.46334 6.45259e-06 8.64032e-06 1.16031
778 9.30319e-06 2.22118e-05 3.44746 6.38334e-06 9.1443e-06 1.24607
779 9.69284e-06 2.14588e-05 3.32074 6.89174e-06 8.61108e-06 1.15094
780 8.97665e-06 2.22602e-05 3.4876 6.53507e-06 8.7391e-06 1.2017
781 9.56032e-06 2.18328e-05 3.37574 6.72976e-06 8.70597e-06 1.16703
782 9.40979e-06 2.23851e-05 3.47484 6.6162e-06 8.77173e-06 1.17916
783 9.34585e-06 2.21737e-05 3.46681 6.56292e-06 8.92163e-06 1.21681
784 9.17667e-06 2.23679e-05 3.49655 6.39603e-06 8.93318e-06 1.19759
785 9.04345e-06 2.22768e-05 3.46588 6.44503e-06 8.64773e-06 1.16671
786 9.18941e-06 2.21612e-05 3.43952 6.50962e-06 9.09773e-06 1.22725
787 9.43658e-06 2.25836e-05 3.52451 6.73878e-06 8.96464e-06 1.19686
788 9.02733e-06 2.29066e-05 3.5241 6.4279e-06 9.28877e-06 1.23819
789 9.22228e-06 2.20703e-05 3.42821 6.44304e-06 8.83352e-06 1.17921
790 9.1714e-06 2.18662e-05 3.39259 6.4671e-06 8.62053e-06 1.16047
791 9.21195e-06 2.22861e-05 3.45866 6.49363e-06 8.69348e-06 1.15245
792 9.20511e-06 2.13924e-05 3.31077 6.32993e-06 8.95859e-06 1.22071
793 8.87953e-06 2.21608e-05 3.45988 6.03967e-06 8.8836e-06 1.19798
794 9.20662e-06 2.20945e-05 3.433 6.53254e-06 8.75902e-06 1.17516
795 9.349e-06 2.21104e-05 3.42157 6.6513e-06 8.71882e-06 1.15713
796 9.31321e-06 2.18089e-05 3.37685 6.50445e-06 8.72881e-06 1.18305
797 9.05458e-06 2.25753e-05 3.53943 6.42161e-06 8.74576e-06 1.16987
798 8.86094e-06 2.25168e-05 3.5071 6.13869e-06 8.8347e-06 1.20055
799 9.07807e-06 2.22528e-05 3.45374 6.28735e-06 8.95307e-06 1.20743
800 9.33619e-06 2.20707e-05 3.43898 6.56415e-06 8.87024e-06 1.19267
801 9.17163e-06 2.19183e-05 3.38349 6.45638e-06 8.92355e-06 1.21155
802 9.00035e-06 2.27921e-05 3.56 6.40712e-06 8.9492e-06 1.22204
803 8.92244e-06 2.2948e-05 3.59296 6.22319e-06 9.04216e-06 1.24071
804 9.25921e-06 2.19099e-05 3.38826 6.5623e-06 9.05771e-06 1.21949
805 9.49241e-06 2.18609e-05 3.42015 6.83375e-06 8.73528e-06 1.18463
806 8.88886e-06 2.21576e-05 3.4352 6.22943e-06 8.94131e-06 1.2157
807 9.0338e-06 2.26989e-05 3.52494 6.52735e-06 8.86452e-06 1.1928
808 9.16493e-06 2.23468e-05 3.45976 6.38085e-06 8.5348e-06 1.13201
809 8.96688e-06 2.21098e-05 3.43189 6.35953e-06 8.70309e-06 1.18598
810 9.04937e-06 2.20982e-05 3.42048 6.3479e-06 8.74129e-06 1.16882
811 9.47747e-06 2.11259e-05 3.24836 6.53277e-06 8.71557e-06 1.17674
812 8.83443e-06 2.14296e-05 3.3222 6.11356e-06 8.84248e-06 1.21307
813 9.37022e-06 2.16268e-05 3.34543 6.4607e-06 8.88522e-06 1.18483
814 9.10422e-06 2.1871e-05 3.39333 6.25635e-06 8.82008e-06 1.20256
815 8.90633e-06 2.19355e-05 3.43352 6.29753e-06 8.65122e-06 1.18006
816 8.69188e-06 2.22235e-05 3.45452 6.27209e-06 8.7345e-06 1.18376
817 9.0724e-06 2.27478e-05 3.5728 6.50624e-06 8.79215e-06 1.21249
818 8.91787e-06 2.22581e-05 3.47388 6.24913e-06 8.62002e-06 1.1705
819 9.39134e-06 2.14613e-05 3.32335 6.53698e-06 8.8243e-06 1.21285
820 9.39153e-06 2.21405e-05 3.43265 6.55159e-06 8.7217e-06 1.16301
821 9.18295e-06 2.16328e-05 3.35428 6.40578e-06 8.70108e-06 1.15282
822 9.1683e-06 2.17988e-05 3.38207 6.39434e-06 8.9027e-06 1.19944
823 9.01929e-06 2.24398e-05 3.49393 6.34444e-06 8.82216e-06 1.1875
824 8.93137e-06 2.22215e-05 3.44065 6.22792e-06 8.96957e-06 1.20316
825 8.97832e-06 2.29391e-05 3.56439 6.40321e-06 8.89636e-06 1.19519
826 8.94434e-06 2.13995e-05 3.29465 6.28532e-06 8.78708e-06 1.19123
827 8.97841e-06 2.27367e-05 3.52782 6.48328e-06 9.00156e-06 1.21779
828 9.08273e-06 2.13827e-05 3.30844 6.3701e-06 8.49048e-06 1.15892
829 8.96837e-06 2.29439e-05 3.59586 6.44254e-06 8.85176e-06 1.18727
830 9.05422e-06 2.26526e-05 3.5273 6.3023e-06 9.08396e-06 1.22042
831 9.33737e-06 2.26838e-05 3.50414 6.48626e-06 9.16814e-06 1.24259
832 9.14405e-06 2.21093e-05 3.44242 6.36868e-06 8.70406e-06 1.15662
833 9.3624e-06 2.23438e-05 3.43101 6.64589e-06 8.99084e-06 1.18999
834 8.6635e-06 2.26216e-05 3.54402 5.9833e-06 9.03845e-06 1.24693
835 9.42951e-06 2.12585e-05 3.2625 6.52145e-06 8.69353e-06 1.14825
836 8.72599e-06 2.22959e-05 3.44456 6.19239e-06 8.94715e-06 1.21749
837 9.29127e-06 2.21748e-05 3.45988 6.73015e-06 8.57665e-06 1.14668
838 8.94461e-06 2.26551e-05 3.53075 6.30564e-06 8.97854e-06 1.21281
839 8.69623e-06 2.20032e-05 3.41953 5.87242e-06 8.89154e-06 1.21007
840 9.2707e-06 2.09557e-05 3.23152 6.23269e-06 8.67055e-06 1.16524
841 8.89771e-06 2.25842e-05 3.52415 6.38332e-06 8.75044e-06 1.17214
842 8.93973e-06 2.24833e-05 3.51393 6.20809e-06 8.83638e-06 1.19393
843 9.07088e-06 2.25126e-05 3.49029 6.35955e-06 8.87963e-06 1.17237
844 8.81193e-06 2.26827e-05 3.53425 6.30799e-06 8.78077e-06 1.1786
845 8.85151e-06 2.21532e-05 3.43327 6.25741e-06 8.90544e-06 1.21494
846 9.13765e-06 2.27695e-05 3.53608 6.33257e-06 9.04262e-06 1.19793
847 8.83367e-06 2.24255e-05 3.4684 6.221e-06 8.85686e-06 1.1763
848 9.33673e-06 2.20655e-05 3.42875 6.60336e-06 9.01779e-06 1.20718
849 8.95085e-06 2.16553e-05 3.36289 6.34324e-06 8.77482e-06 1.20034
850 9.08306e-06 2.27702e-05 3.52291 6.17599e-06 9.11093e-06 1.2393
851 8.9015e-06 2.22246e-05 3.43803 6.17505e-06 8.73423e-06 1.14898
852 8.99695e-06 2.2376e-05 3.45429 6.2772e-06 8.97168e-06 1.22152
853 8.88269e-06 2.19641e-05 3.39944 6.17942e-06 9.14289e-06 1.22204
854 8.97382e-06 2.21549e-05 3.4443 6.11408e-06 8.96985e-06 1.18361
855 8.90932e-06 2.26923e-05 3.51996 6.35834e-06 8.59982e-06 1.14897
856 9.02386e-06 2.1654e-05 3.35874 6.27995e-06 8.74977e-06 1.18458
857 9.02528e-06 2.28105e-05 3.56189 6.35024e-06 8.93001e-06 1.20887
858 8.8703e-06 2.23153e-05 3.4921 6.10798e-06 8.82735e-06 1.1932
859 8.91577e-06 2.15344e-05 3.34531 6.13858e-06 8.58166e-06 1.15114
860 9.02175e-06 2.14756e-05 3.3162 6.01811e-06 8.81195e-06 1.17022
861 8.77961e-06 2.29691e-05 3.59562 6.10328e-06 8.99363e-06 1.21894
862 8.86146e-06 2.1837e-05 3.40737 6.25018e-06 8.8535e-06 1.20045
863 9.19927e-06 2.05021e-05 3.13993 6.16814e-06 8.4397e-06 1.11188
864 8.73034e-06 2.20518e-05 3.41742 6.00968e-06 8.8472e-06 1.18376
865 9.1398e-06 2.21827e-05 3.46135 6.44589e-06 8.73843e-06 1.1737
866 8.92001e-06 2.25619e-05 3.48372 6.38813e-06 9.01845e-06 1.20208
867 8.69829e-06 2.313e-05 3.59098 6.03086e-06 9.02515e-06 1.21185
868 8.84101e-06 2.20665e-05 3.37615 6.25576e-06 8.91314e-06 1.18645
869 8.85178e-06 2.23638e-05 3.49013 6.1887e-06 8.95813e-06 1.21556
870 8.6985e-06 2.22395e-05 3.44986 6.01774e-06 8.82756e-06 1.18745
871 9.01264e-06 2.23675e-05 3.44318 6.31986e-06 9.01204e-06 1.20148
872 8.8195e-06 2.28073e-05 3.57015 6.06239e-06 8.97092e-06 1.19869
873 9.1486e-06 2.19901e-05 3.40949 6.2947e-06 8.88274e-06 1.19606
874 9.07865e-06 2.20171e-05 3.37259 6.29188e-06 8.82165e-06 1.15211
875 9.01582e-06 2.09502e-05 3.20883 6.2935e-06 8.65835e-06 1.16457
876 8.79344e-06 2.28395e-05 3.56844 6.33158e-06 8.97722e-06 1.2115
877 9.11385e-06 2.19459e-05 3.39918 6.29229e-06 8.84011e-06 1.17863
878 9.15272e-06 2.16357e-05 3.30574 6.41749e-06 8.49934e-06 1.11588
879 8.49733e-06 2.23147e-05 3.46617 5.99799e-06 8.76178e-06 1.18095
880 9.02992e-06 2.21185e-05 3.40805 6.09737e-06 8.84895e-06 1.16849
881 8.90739e-06 2.16845e-05 3.32782 6.23751e-06 8.95531e-06 1.20024
882 8.7305e-06 2.19766e-05 3.39661 6.10489e-06 8.79029e-06 1.17045
883 8.51286e-06 2.28552e-05 3.54782 6.02024e-06 9.04748e-06 1.21455
884 8.99074e-06 2.25216e-05 3.48263 6.23213e-06 8.87725e-06 1.18789
885 9.05961e-06 2.19983e-05 3.36952 6.37681e-06 8.81602e-06 1.17128
886 8.77855e-06 2.27139e-05 3.54962 6.10845e-06 8.76866e-06 1.19413
887 8.6902e-06 2.32908e-05 3.62644 6.12379e-06 9.09799e-06 1.22854
888 8.70978e-06 2.20479e-05 3.41597 6.07216e-06 8.82183e-06 1.19345
889 8.79263e-06 2.27367e-05 3.52273 6.17182e-06 8.97943e-06 1.20613
890 8.9014e-06 2.21389e-05 3.39177 6.18063e-06 9.00557e-06 1.20939
891 9.07507e-06 2.19956e-05 3.3656 6.41618e-06 8.85426e-06 1.16228
892 9.40013e-06 2.26694e-05 3.47586 6.53199e-06 8.8136e-06 1.14881
893 8.674e-06 2.25179e-05 3.49565 6.20593e-06 8.872e-06 1.19128
894 8.92998e-06 2.11552e-05 3.23429 5.87647e-06 8.76207e-06 1.16043
895 8.98982e-06 2.18433e-05 3.37949 6.30755e-06 8.56565e-06 1.13604
896 8.86804e-06 2.23585e-05 3.44885 6.23823e-06 8.90967e-06 1.19259
897 8.7673e-06 2.26681e-05 3.5014 6.19736e-06 8.8656e-06 1.16494
898 8.8147e-06 2.2016e-05 3.40747 6.09107e-06 8.77378e-06 1.16504
899 8.57764e-06 2.23654e-05 3.46216 6.0487e-06 8.77615e-06 1.16437
900 8.58665e-06 2.30008e-05 3.57887 6.13359e-06 9.09317e-06 1.21807
901 8.81118e-06 2.25743e-05 3.47101 6.25851e-06 8.98362e-06 1.18785
902 8.64839e-06 2.23859e-05 3.45119 6.02786e-06 8.94007e-06 1.19812
903 8.87731e-06 2.23145e-05 3.47248 6.22479e-06 8.77059e-06 1.17779
904 8.82775e-06 2.15362e-05 3.29683 5.9868e-06 8.72805e-06 1.16369
905 8.99031e-06 2.28826e-05 3.54812 6.29392e-06 8.80745e-06 1.17158
906 8.51552e-06 2.30525e-05 3.5641 6.144e-06 8.94532e-06 1.19734
907 9.0533e-06 2.22273e-05 3.40812 6.22075e-06 8.81016e-06 1.15656
908 8.58866e-06 2.25996e-05 3.5181 6.15299e-06 8.86054e-06 1.20133
909 8.98169e-06 2.12667e-05 3.24599 6.32228e-06 8.76931e-06 1.15203
910 8.88034e-06 2.20784e-05 3.42023 6.1053e-06 8.70971e-06 1.14238
911 8.85191e-06 2.23197e-05 3.43692 6.13517e-06 8.91139e-06 1.18887
912 9.11604e-06 2.13663e-05 3.31293 6.24479e-06 8.72623e-06 1.17863
913 9.0251e-06 2.17492e-05 3.35521 6.17734e-06 8.84538e-06 1.18583
914 8.76404e-06 2.25875e-05 3.47601 6.02102e-06 8.84343e-06 1.18348
915 9.03365e-06 2.22114e-05 3.42953 6.23001e-06 8.74829e-06 1.14571
916 8.60919e-06 2.28593e-05 3.54392 6.06147e-06 9.01689e-06 1.2136
917 8.57144e-06 2.23837e-05 3.4404 5.99189e-06 9.01416e-06 1.20565
918 8.69301e-06 2.25131e-05 3.52982 6.16734e-06 8.78563e-06 1.19462
919 8.65563e-06 2.30386e-05 3.57677 6.16263e-06 8.90256e-06 1.17599
920 8.73498e-06 2.28139e-05 3.51024 6.06e-06 8.98519e-06 1.1878
921 8.66224e-06 2.24548e-05 3.4766 5.8825e-06 8.87131e-06 1.19127
922 8.93484e-06 2.31326e-05 3.58286 6.37674e-06 8.70719e-06 1.1477
923 8.78179e-06 2.26845e-05 3.52071 5.98696e-06 8.89581e-06 1.18325
924 8.90485e-06 2.19044e-05 3.35653 6.24063e-06 8.76428e-06 1.16856
925 8.22225e-06 2.34294e-05 3.67706 5.81659e-06 8.99133e-06 1.2154
926 8.78911e-06 2.25069e-05 3.42659 6.04458e-06 9.024e-06 1.17088
927 8.8914e-06 2.14804e-05 3.30331 6.12222e-06 8.7793e-06 1.16741
928 8.68199e-06 2.21949e-05 3.41503 6.16084e-06 9.07135e-06 1.22876
929 8.99408e-06 2.19883e-05 3.37341 6.16001e-06 8.62229e-06 1.12851
930 8.68344e-06 2.24172e-05 3.44673 5.96606e-06 8.97288e-06 1.19406
931 8.95237e-06 2.12716e-05 3.28568 6.2138e-06 8.42732e-06 1.11603
932 8.76608e-06 2.23296e-05 3.44892 5.98832e-06 8.81546e-06 1.16963
933 8.63571e-06 2.28003e-05 3.52942 5.90456e-06 9.15583e-06 1.23666
934 9.12666e-06 2.13387e-05 3.27391 6.20432e-06 8.90716e-06 1.17203
935 8.4631e-06 2.19826e-05 3.40637 5.8707e-06 8.8393e-06 1.20249
936 8.70749e-06 2.1897e-05 3.37548 6.17824e-06 8.51233e-06 1.11586
937 8.96891e-06 2.17966e-05 3.35568 6.25598e-06 8.59922e-06 1.12008
938 8.72992e-06 2.1632e-05 3.32155 6.02411e-06 8.8811e-06 1.19435
939 8.75626e-06 2.24093e-05 3.45408 5.94177e-06 8.90189e-06 1.17192
940 8.77604e-06 2.25246e-05 3.50306 5.96531e-06 8.87812e-06 1.18561
941 8.50023e-06 2.30287e-05 3.58188 5.92264e-06 9.03483e-06 1.21323
942 8.59525e-06 2.27506e-05 3.52327 5.91402e-06 8.79873e-06 1.16404
943 8.94766e-06 2.14365e-05 3.27543 6.0956e-06 8.9495e-06 1.16572
944 8.57016e-06 2.2226e-05 3.44118 6.10141e-06 8.7147e-06 1.17768
945 8.51644e-06 2.23982e-05 3.4721 5.87875e-06 8.76795e-06 1.17761
946 8.67728e-06 2.09605e-05 3.19407 5.83244e-06 8.66762e-06 1.1523
947 8.97537e-06 2.25096e-05 3.44795 6.36032e-06 8.73317e-06 1.14125
948 8.62864e-06 2.21599e-05 3.44531 5.89201e-06 8.86981e-06 1.1799
949 8.78876e-06 2.27906e-05 3.49279 6.18066e-06 8.90655e-06 1.18667
950 8.67804e-06 2.21071e-05 3.40219 6.0208e-06 8.89132e-06 1.17952
951 8.73754e-06 2.20662e-05 3.42224 6.04073e-06 8.69272e-06 1.15404
952 8.41434e-06 2.31561e-05 3.6064 5.85699e-06 8.91553e-06 1.20005
953 8.48539e-06 2.22552e-05 3.43092 5.86204e-06 8.81677e-06 1.15873
954 8.8015e-06 2.17983e-05 3.36498 6.04893e-06 8.6882e-06 1.15463
955 8.87947e-06 2.24179e-05 3.45787 6.0449e-06 8.70539e-06 1.16083
956 8.444e-06 2.25504e-05 3.48436 6.06408e-06 8.76576e-06 1.17739
957 9.0781e-06 2.18321e-05 3.33724 6.2689e-06 8.72193e-06 1.12941
958 8.92843e-06 2.22728e-05 3.42926 6.25224e-06 8.88237e-06 1.16525
959 8.63276e-06 2.24461e-05 3.4523 6.03683e-06 8.55635e-06 1.1274
960 8.89723e-06 2.16602e-05 3.34023 6.10542e-06 8.74023e-06 1.16309
961 8.82096e-06 2.2571e-05 3.49631 6.12104e-06 8.69893e-06 1.15204
962 8.71419e-06 2.23463e-05 3.42926 6.14709e-06 8.97757e-06 1.18787
963 8.93723e-06 2.22134e-05 3.41423 6.26686e-06 8.66892e-06 1.15368
964 8.77205e-06 2.26216e-05 3.49759 6.07027e-06 8.76951e-06 1.14771
965 9.17266e-06 2.09365e-05 3.21347 6.26973e-06 8.51096e-06 1.12107
966 8.77972e-06 2.24615e-05 3.47504 6.00387e-06 8.70982e-06 1.14875
967 8.66178e-06 2.17792e-05 3.34791 5.81845e-06 8.9186e-06 1.20023
968 8.68232e-06 2.19942e-05 3.37377 5.97688e-06 8.72938e-06 1.13585
969 8.76464e-06 2.24007e-05 3.45218 5.97295e-06 8.88337e-06 1.16981
970 8.72618e-06 2.13395e-05 3.2953 6.02338e-06 8.44606e-06 1.13546
971 8.82517e-06 2.17766e-05 3.38561 6.00461e-06 8.60144e-06 1.14784
972 8.82839e-06 2.18611e-05 3.32144 6.10376e-06 8.70363e-06 1.15168
973 8.71155e-06 2.18931e-05 3.33854 5.81896e-06 8.89716e-06 1.16933
974 8.77618e-06 2.25558e-05 3.45442 6.20263e-06 8.8552e-06 1.16095
975 8.79342e-06 2.1638e-05 3.33268 6.05785e-06 8.72928e-06 1.17568
976 8.83045e-06 2.26767e-05 3.45133 6.07251e-06 9.02693e-06 1.17251
977 8.86983e-06 2.19092e-05 3.33376 6.08061e-06 8.92444e-06 1.18058
978 8.51983e-06 2.17108e-05 3.34719 5.82514e-06 8.55388e-06 1.14009
979 8.80123e-06 2.2546e-05 3.45662 6.0944e-06 8.73049e-06 1.13606
980 8.59832e-06 2.18349e-05 3.34588 5.76527e-06 8.97385e-06 1.19022
981 8.725e-06 2.26253e-05 3.48936 6.03494e-06 8.87628e-06 1.15099
982 8.4724e-06 2.20481e-05 3.40751 5.67002e-06 8.76316e-06 1.16209
983 8.93348e-06 2.19557e-05 3.36122 6.06997e-06 8.68426e-06 1.12625
984 8.47285e-06 2.23786e-05 3.47326 5.60419e-06 8.99453e-06 1.20188
985 8.75777e-06 2.13665e-05 3.28532 5.97246e-06 8.6597e-06 1.14318
986 8.81471e-06 2.25513e-05 3.47968 6.05377e-06 8.87308e-06 1.17673
987 8.95406e-06 2.1833e-05 3.33654 5.93771e-06 8.7896e-06 1.15754
988 8.75023e-06 2.17301e-05 3.34296 6.09371e-06 8.81612e-06 1.18121
989 8.64113e-06 2.24362e-05 3.46891 5.89699e-06 8.89942e-06 1.18907
990 8.66242e-06 2.25636e-05 3.47446 5.91008e-06 8.99094e-06 1.17509
991 8.87601e-06 2.21167e-05 3.38885 6.09727e-06 8.81588e-06 1.15298
992 8.77175e-06 2.1841e-05 3.32376 6.03739e-06 9.06587e-06 1.20007
993 8.68615e-06 2.22324e-05 3.42541 5.90965e-06 8.74495e-06 1.1478
994 8.8544e-06 2.17462e-05 3.36002 6.15972e-06 8.66863e-06 1.13922
995 8.61814e-06 2.2664e-05 3.47739 5.99139e-06 9.08813e-06 1.20589
996 8.74964e-06 2.29706e-05 3.52074 6.05639e-06 8.90718e-06 1.1481
997 8.88784e-06 2.13864e-05 3.27341 6.0541e-06 8.76813e-06 1.15796
998 8.37816e-06 2.20422e-05 3.37381 5.65156e-06 8.808e-06 1.16246
999 8.55376e-06 2.19511e-05 3.37294 5.94999e-06 8.74691e-06 1.15516
1000 8.47992e-06 2.33225e-05 3.58961 5.78085e-06 9.03227e-06 1.19222
