10 0.000119845 7.47102e-05 15.8984 8.19457e-05 4.5713e-05 10.5925
11 2.23905 7.1468e-05 14.7826 7.75383e-05 4.22664e-05 9.83321
12 2.06065 6.65301e-05 14.0055 7.30638e-05 4.02738e-05 9.36039
13 4.30151 6.29315e-05 13.4133 7.03712e-05 3.80116e-05 8.96599
14 9.42732e-05 6.05608e-05 12.8765 6.79073e-05 3.68276e-05 8.66972
15 8.94007e-05 5.8452e-05 12.1619 6.50332e-05 3.45714e-05 8.18221
16 8.66346e-05 5.7222e-05 11.9486 6.3601e-05 3.39894e-05 8.06912
17 8.5194e-05 5.62421e-05 11.7289 6.11729e-05 3.29938e-05 7.78811
18 8.15804e-05 5.43721e-05 11.3221 5.90861e-05 3.22303e-05 7.60489
19 7.83807e-05 5.26988e-05 10.9901 5.83932e-05 3.10206e-05 7.4259
20 7.65202e-05 5.21616e-05 10.7406 5.61561e-05 3.04158e-05 7.2008
21 7.51867e-05 4.94941e-05 10.2241 5.49244e-05 2.94022e-05 6.94971
22 7.38179e-05 4.84515e-05 10.1391 5.40868e-05 2.87024e-05 6.847
23 7.1756e-05 4.8419e-05 10.0509 5.27853e-05 2.86799e-05 6.83674
24 6.97023e-05 4.72152e-05 9.7742 5.22724e-05 2.73321e-05 6.57801
25 6.84058e-05 4.61127e-05 9.56198 5.07094e-05 2.70417e-05 6.47112
26 6.78839e-05 4.48042e-05 9.24591 4.99575e-05 2.65148e-05 6.30826
27 6.5449e-05 4.44006e-05 9.18152 4.90802e-05 2.61377e-05 6.26976
28 6.5416e-05 4.42937e-05 9.1452 4.8563e-05 2.59731e-05 6.20101
29 6.4195e-05 4.35023e-05 8.97231 4.7382e-05 2.55015e-05 6.10966
30 6.24612e-05 4.28403e-05 8.81472 4.69434e-05 2.50866e-05 5.9912
31 6.26766e-05 4.24484e-05 8.7249 4.67328e-05 2.48293e-05 5.95736
32 6.18729e-05 4.18637e-05 8.62752 4.57595e-05 2.44857e-05 5.8302
33 5.99332e-05 4.02893e-05 8.30728 4.47035e-05 2.37504e-05 5.69747
34 5.99504e-05 4.10139e-05 8.4095 4.46908e-05 2.37443e-05 5.68989
35 5.89839e-05 4.00332e-05 8.19087 4.44063e-05 2.33572e-05 5.65559
36 5.83272e-05 3.91671e-05 8.13481 4.32347e-05 2.30565e-05 5.56298
37 5.70495e-05 3.91225e-05 8.03441 4.30865e-05 2.29557e-05 5.532
38 5.65353e-05 3.8965e-05 7.98591 4.23375e-05 2.29812e-05 5.52606
39 5.6381e-05 3.86065e-05 7.92271 4.23864e-05 2.26233e-05 5.45362
40 5.56482e-05 3.73212e-05 7.75608 4.25287e-05 2.21343e-05 5.41036
41 5.52039e-05 3.75204e-05 7.74735 4.09147e-05 2.21116e-05 5.30741
42 5.37851e-05 3.71123e-05 7.59595 4.11011e-05 2.18032e-05 5.25743
43 5.31418e-05 3.70998e-05 7.5656 4.03067e-05 2.16474e-05 5.23643
44 5.2571e-05 3.66588e-05 7.48398 4.02891e-05 2.14662e-05 5.24769
45 5.35223e-05 3.59817e-05 7.37382 3.98922e-05 2.12375e-05 5.13672
46 5.21712e-05 3.6077e-05 7.36928 3.91182e-05 2.09131e-05 5.04717
47 5.25381e-05 3.60567e-05 7.39016 3.95393e-05 2.09569e-05 5.11235
48 5.1331e-05 3.49638e-05 7.20557 3.88281e-05 2.03347e-05 4.9574
49 5.08687e-05 3.54484e-05 7.25905 3.87559e-05 2.07177e-05 5.01398
50 5.04375e-05 3.51357e-05 7.1576 3.8419e-05 2.04639e-05 4.97344
51 4.99737e-05 3.42654e-05 6.97207 3.72777e-05 2.01903e-05 4.87401
52 4.95238e-05 3.42595e-05 6.97557 3.77537e-05 2.03049e-05 4.92617
53 5.05614e-05 3.38503e-05 6.93703 3.74719e-05 2.01764e-05 4.87344
54 4.90917e-05 3.35942e-05 6.921 3.72334e-05 1.97284e-05 4.80833
55 4.92684e-05 3.38734e-05 6.8921 3.61783e-05 1.98941e-05 4.75762
56 4.8126e-05 3.36191e-05 6.82543 3.67238e-05 1.97115e-05 4.7746
57 4.77343e-05 3.37248e-05 6.88387 3.66976e-05 1.97249e-05 4.80989
58 4.75382e-05 3.31303e-05 6.74709 3.66894e-05 1.96373e-05 4.79886
59 4.73406e-05 3.32148e-05 6.76063 3.61137e-05 1.96305e-05 4.77564
60 4.66545e-05 3.20707e-05 6.51924 3.56346e-05 1.94405e-05 4.70265
61 4.62449e-05 3.24301e-05 6.58072 3.57926e-05 1.9253e-05 4.67839
62 4.59178e-05 3.21815e-05 6.56311 3.5383e-05 1.90123e-05 4.62786
63 4.65288e-05 3.17203e-05 6.42501 3.52868e-05 1.88558e-05 4.59707
64 4.65336e-05 3.17264e-05 6.48686 3.51238e-05 1.8855e-05 4.5916
65 4.58452e-05 3.13462e-05 6.38011 3.498e-05 1.8745e-05 4.57516
66 4.51109e-05 3.09278e-05 6.23252 3.46917e-05 1.87023e-05 4.54377
67 4.49045e-05 3.1639e-05 6.43094 3.4598e-05 1.88531e-05 4.57198
68 4.46677e-05 3.12681e-05 6.28944 3.44776e-05 1.84743e-05 4.51236
69 4.51124e-05 3.09614e-05 6.26223 3.41909e-05 1.82364e-05 4.47245
70 4.39678e-05 3.07834e-05 6.22325 3.42339e-05 1.84878e-05 4.5163
71 4.46656e-05 3.08671e-05 6.29742 3.40137e-05 1.8349e-05 4.4946
72 4.43362e-05 3.11242e-05 6.24533 3.40083e-05 1.83665e-05 4.46571
73 4.36651e-05 3.02566e-05 6.14543 3.39796e-05 1.82348e-05 4.47549
74 4.34668e-05 3.05537e-05 6.15027 3.40062e-05 1.82665e-05 4.49977
75 4.34815e-05 3.00871e-05 6.08416 3.30024e-05 1.79687e-05 4.38709
76 4.31708e-05 2.92922e-05 5.92415 3.27858e-05 1.76514e-05 4.32163
77 4.29571e-05 3.03317e-05 6.06504 3.3344e-05 1.7983e-05 4.39606
78 4.27685e-05 2.90239e-05 5.94417 3.32524e-05 1.77335e-05 4.38202
79 4.20258e-05 2.96559e-05 5.94454 3.23282e-05 1.78219e-05 4.34311
80 4.21042e-05 2.90254e-05 5.90276 3.30956e-05 1.7834e-05 4.39252
81 4.21603e-05 2.91758e-05 5.90845 3.25963e-05 1.77273e-05 4.32987
82 4.19687e-05 2.86424e-05 5.80842 3.2422e-05 1.75707e-05 4.30597
83 4.17627e-05 2.87417e-05 5.8347 3.24675e-05 1.75186e-05 4.32782
84 4.18042e-05 2.89464e-05 5.8383 3.26569e-05 1.75525e-05 4.32011
85 4.14576e-05 2.89656e-05 5.85183 3.19462e-05 1.75772e-05 4.27735
86 4.12946e-05 2.83279e-05 5.74083 3.20478e-05 1.72759e-05 4.2416
87 4.09596e-05 2.85e-05 5.74287 3.21676e-05 1.74709e-05 4.2927
88 4.12008e-05 2.82195e-05 5.68962 3.17211e-05 1.74049e-05 4.24853
89 4.04876e-05 2.85281e-05 5.74423 3.19265e-05 1.7334e-05 4.25926
90 4.08953e-05 2.88295e-05 5.73564 3.18807e-05 1.75162e-05 4.29198
91 4.05448e-05 2.8161e-05 5.686 3.19208e-05 1.70789e-05 4.20721
92 4.05723e-05 2.82594e-05 5.72286 3.13272e-05 1.70309e-05 4.19717
93 4.02879e-05 2.78498e-05 5.59854 3.14248e-05 1.69379e-05 4.17268
94 3.98829e-05 2.79362e-05 5.60126 3.1142e-05 1.70171e-05 4.19621
95 3.98506e-05 2.77334e-05 5.53802 3.13528e-05 1.70867e-05 4.20029
96 3.95767e-05 2.78403e-05 5.57424 3.09801e-05 1.68901e-05 4.15162
97 3.94193e-05 2.74177e-05 5.45836 3.05939e-05 1.65808e-05 4.08533
98 3.98303e-05 2.77452e-05 5.54803 3.06901e-05 1.68908e-05 4.14246
99 3.97685e-05 2.7409e-05 5.48657 3.08295e-05 1.68321e-05 4.14124
100 3.92997e-05 2.7175e-05 5.46977 3.08587e-05 1.6663e-05 4.11475
101 3.89931e-05 2.73038e-05 5.45335 3.09299e-05 1.66738e-05 4.11074
102 3.90497e-05 2.72144e-05 5.43753 3.03947e-05 1.65541e-05 4.07921
103 3.87188e-05 2.68408e-05 5.39266 3.06076e-05 1.64736e-05 4.07568
104 3.9036e-05 2.71412e-05 5.42126 3.05261e-05 1.67189e-05 4.13287
105 3.8628e-05 2.6772e-05 5.34419 3.03178e-05 1.6662e-05 4.10588
106 3.87561e-05 2.65685e-05 5.33248 3.03382e-05 1.66183e-05 4.10778
107 3.85117e-05 2.69103e-05 5.37957 3.03269e-05 1.67352e-05 4.1254
108 3.89797e-05 2.6545e-05 5.34614 2.97898e-05 1.63562e-05 4.01584
109 3.82983e-05 2.64698e-05 5.31448 3.03289e-05 1.65171e-05 4.08762
110 3.7927e-05 2.63353e-05 5.28707 2.99625e-05 1.6203e-05 4.02578
111 3.83815e-05 2.67031e-05 5.33032 3.00212e-05 1.63821e-05 4.04263
112 3.81292e-05 2.64075e-05 5.28168 2.96904e-05 1.61831e-05 3.99651
113 3.77324e-05 2.6666e-05 5.29069 2.97832e-05 1.62869e-05 4.02105
114 3.72952e-05 2.60149e-05 5.17641 3.01295e-05 1.63951e-05 4.06338
115 3.80793e-05 2.59352e-05 5.16796 2.96919e-05 1.61462e-05 3.99636
116 3.72966e-05 2.60359e-05 5.19927 2.99637e-05 1.62202e-05 4.01056
117 3.78325e-05 2.59075e-05 5.20359 2.99904e-05 1.61905e-05 4.01063
118 3.7191e-05 2.61787e-05 5.22714 2.96826e-05 1.61686e-05 4.00897
119 3.72839e-05 2.59743e-05 5.12132 2.97066e-05 1.63825e-05 4.04041
120 3.68834e-05 2.59751e-05 5.16287 2.93928e-05 1.61347e-05 4.00011
121 3.65326e-05 2.56551e-05 5.07689 2.9393e-05 1.61515e-05 4.00935
122 3.68198e-05 2.54086e-05 5.06553 2.92919e-05 1.59151e-05 3.95555
123 3.70506e-05 2.54415e-05 5.10085 2.9261e-05 1.59751e-05 3.96556
124 3.72136e-05 2.57896e-05 5.14755 2.95095e-05 1.60367e-05 3.99141
125 3.67356e-05 2.57848e-05 5.09981 2.93316e-05 1.59582e-05 3.9676
126 3.63814e-05 2.53605e-05 5.01915 2.92525e-05 1.59529e-05 3.96157
127 3.71509e-05 2.5135e-05 5.00344 2.91823e-05 1.59184e-05 3.95357
128 3.63959e-05 2.5121e-05 4.98647 2.91126e-05 1.58357e-05 3.94032
129 3.64733e-05 2.50009e-05 4.95558 2.88677e-05 1.57216e-05 3.90304
130 3.59295e-05 2.50847e-05 4.97733 2.87985e-05 1.59464e-05 3.94617
131 3.6163e-05 2.53119e-05 4.98409 2.88873e-05 1.57921e-05 3.92165
132 3.60124e-05 2.50714e-05 4.97943 2.83678e-05 1.5682e-05 3.87477
133 3.63186e-05 2.52193e-05 4.99203 2.87128e-05 1.57996e-05 3.91319
134 3.63219e-05 2.4768e-05 4.89451 2.85235e-05 1.56411e-05 3.87349
135 3.62891e-05 2.51311e-05 4.99382 2.88108e-05 1.57024e-05 3.90065
136 3.5794e-05 2.47886e-05 4.90054 2.85264e-05 1.57988e-05 3.91431
137 3.55655e-05 2.44683e-05 4.86733 2.88288e-05 1.57873e-05 3.93089
138 3.58925e-05 2.41703e-05 4.82767 2.88771e-05 1.54405e-05 3.86226
139 3.53161e-05 2.49062e-05 4.92049 2.87035e-05 1.56934e-05 3.91978
140 3.53208e-05 2.45092e-05 4.816 2.84341e-05 1.56211e-05 3.88878
141 3.53322e-05 2.45984e-05 4.83409 2.83803e-05 1.57225e-05 3.89616
142 3.54316e-05 2.40071e-05 4.74215 2.81219e-05 1.55358e-05 3.86103
143 3.52096e-05 2.42407e-05 4.79726 2.86288e-05 1.55613e-05 3.89049
144 3.50376e-05 2.47117e-05 4.85408 2.83455e-05 1.56628e-05 3.88946
145 3.51136e-05 2.44329e-05 4.7887 2.8486e-05 1.5675e-05 3.90734
146 3.45715e-05 2.43007e-05 4.79889 2.86401e-05 1.55443e-05 3.89303
147 3.49549e-05 2.45339e-05 4.79049 2.86079e-05 1.573e-05 3.93064
148 3.50686e-05 2.41696e-05 4.76478 2.82549e-05 1.5479e-05 3.85573
149 3.5258e-05 2.42934e-05 4.76592 2.78356e-05 1.55238e-05 3.85155
150 3.51643e-05 2.458e-05 4.81384 2.82407e-05 1.56955e-05 3.89271
151 3.48362e-05 2.4194e-05 4.75792 2.81378e-05 1.55351e-05 3.86362
152 3.53647e-05 2.38935e-05 4.66758 2.76565e-05 1.5467e-05 3.82845
153 3.45701e-05 2.39174e-05 4.70184 2.80126e-05 1.53591e-05 3.83103
154 3.51883e-05 2.43622e-05 4.78722 2.78443e-05 1.54471e-05 3.83988
155 3.47907e-05 2.39006e-05 4.70807 2.81693e-05 1.53552e-05 3.84182
156 3.47183e-05 2.39496e-05 4.68776 2.80579e-05 1.5458e-05 3.85441
157 3.43159e-05 2.40688e-05 4.69895 2.7762e-05 1.53181e-05 3.81306
158 3.41727e-05 2.42189e-05 4.71695 2.80666e-05 1.54557e-05 3.85379
159 3.43502e-05 2.35486e-05 4.61855 2.78164e-05 1.52396e-05 3.80368
160 3.43839e-05 2.3639e-05 4.58312 2.78403e-05 1.5476e-05 3.84326
161 3.434e-05 2.38218e-05 4.64176 2.814e-05 1.54026e-05 3.84988
162 3.42074e-05 2.38123e-05 4.63223 2.81687e-05 1.53879e-05 3.85717
163 3.406e-05 2.38911e-05 4.63263 2.76447e-05 1.53838e-05 3.83418
164 3.38649e-05 2.33336e-05 4.58121 2.77993e-05 1.52519e-05 3.82216
165 3.43657e-05 2.38149e-05 4.62431 2.76842e-05 1.53931e-05 3.82539
166 3.43648e-05 2.34596e-05 4.61728 2.80566e-05 1.52545e-05 3.83067
167 3.42207e-05 2.34125e-05 4.60086 2.76025e-05 1.51866e-05 3.78335
168 3.4019e-05 2.35072e-05 4.57137 2.75397e-05 1.53421e-05 3.81391
169 3.37842e-05 2.32514e-05 4.57663 2.74963e-05 1.52375e-05 3.79958
170 3.36599e-05 2.38213e-05 4.60672 2.76727e-05 1.54521e-05 3.84691
171 3.37195e-05 2.34784e-05 4.53874 2.75564e-05 1.52879e-05 3.81828
172 3.36749e-05 2.33701e-05 4.56556 2.77633e-05 1.5242e-05 3.81446
173 3.39446e-05 2.28404e-05 4.50323 2.74029e-05 1.50277e-05 3.75247
174 3.33836e-05 2.28812e-05 4.48331 2.74097e-05 1.50308e-05 3.76191
175 3.40047e-05 2.31764e-05 4.54341 2.72115e-05 1.51538e-05 3.76973
176 3.38204e-05 2.30268e-05 4.49086 2.71769e-05 1.50506e-05 3.75152
177 3.34786e-05 2.27071e-05 4.46138 2.71566e-05 1.49559e-05 3.73468
178 3.34417e-05 2.30644e-05 4.51557 2.72556e-05 1.50828e-05 3.76773
179 3.3424e-05 2.29437e-05 4.46668 2.75939e-05 1.51872e-05 3.80507
180 3.33707e-05 2.32556e-05 4.50013 2.74233e-05 1.53169e-05 3.8338
181 3.3218e-05 2.29891e-05 4.40145 2.69659e-05 1.5193e-05 3.76627
182 3.29647e-05 2.2821e-05 4.43449 2.74522e-05 1.5102e-05 3.79271
183 3.29273e-05 2.27976e-05 4.43508 2.73723e-05 1.50441e-05 3.76711
184 3.34989e-05 2.29785e-05 4.46093 2.6966e-05 1.51636e-05 3.76932
185 3.33071e-05 2.24628e-05 4.37058 2.6922e-05 1.49336e-05 3.72885
186 3.32998e-05 2.25288e-05 4.40006 2.71466e-05 1.49645e-05 3.74503
187 3.30342e-05 2.26904e-05 4.38254 2.69166e-05 1.4987e-05 3.73275
188 3.31001e-05 2.26351e-05 4.365 2.71046e-05 1.48694e-05 3.73503
189 3.27624e-05 2.2874e-05 4.43235 2.69539e-05 1.4938e-05 3.72876
190 3.31131e-05 2.31633e-05 4.44915 2.68212e-05 1.50067e-05 3.74384
191 3.36368e-05 2.19001e-05 4.26684 2.68282e-05 1.47786e-05 3.69147
192 3.29079e-05 2.25469e-05 4.36169 2.69021e-05 1.49288e-05 3.73486
193 3.28276e-05 2.2437e-05 4.32362 2.68155e-05 1.48383e-05 3.70422
194 3.29249e-05 2.24645e-05 4.35988 2.68436e-05 1.49955e-05 3.74075
195 3.28935e-05 2.24601e-05 4.33554 2.66989e-05 1.4879e-05 3.715
196 3.26782e-05 2.24207e-05 4.3163 2.69519e-05 1.51114e-05 3.77304
197 3.27406e-05 2.22887e-05 4.32688 2.6754e-05 1.49221e-05 3.73846
198 3.26445e-05 2.24579e-05 4.32082 2.68045e-05 1.4991e-05 3.74149
199 3.25095e-05 2.20784e-05 4.26261 2.68901e-05 1.48646e-05 3.72551
200 3.2609e-05 2.22352e-05 4.28422 2.67836e-05 1.48406e-05 3.71484
201 3.25934e-05 2.24155e-05 4.31749 2.7061e-05 1.48631e-05 3.7282
202 3.22901e-05 2.22013e-05 4.26096 2.66633e-05 1.48563e-05 3.70936
203 3.25402e-05 2.23572e-05 4.2645 2.68817e-05 1.50363e-05 3.76089
204 3.26721e-05 2.21778e-05 4.28248 2.65583e-05 1.46909e-05 3.69328
205 3.18072e-05 2.21481e-05 4.22855 2.69341e-05 1.49446e-05 3.74735
206 3.22226e-05 2.22555e-05 4.26974 2.66614e-05 1.4786e-05 3.70516
207 3.21277e-05 2.20899e-05 4.24507 2.69307e-05 1.49337e-05 3.74442
208 3.22798e-05 2.2215e-05 4.25074 2.6621e-05 1.49696e-05 3.7319
209 3.18558e-05 2.21508e-05 4.25514 2.71129e-05 1.48899e-05 3.74797
210 3.21736e-05 2.19896e-05 4.20843 2.65164e-05 1.48334e-05 3.71304
211 3.19009e-05 2.216e-05 4.23911 2.6941e-05 1.48719e-05 3.74539
212 3.21501e-05 2.17632e-05 4.13414 2.6359e-05 1.4781e-05 3.69511
213 3.21725e-05 2.20159e-05 4.19212 2.66521e-05 1.48171e-05 3.72533
214 3.19927e-05 2.18043e-05 4.14932 2.67475e-05 1.49376e-05 3.73492
215 3.22491e-05 2.17063e-05 4.15798 2.66459e-05 1.48197e-05 3.71674
216 3.20669e-05 2.17706e-05 4.15412 2.61273e-05 1.46953e-05 3.65995
217 3.17908e-05 2.13249e-05 4.0894 2.66788e-05 1.46721e-05 3.69513
218 3.21831e-05 2.17804e-05 4.16696 2.62143e-05 1.46978e-05 3.67328
219 3.19595e-05 2.16413e-05 4.13556 2.65021e-05 1.47902e-05 3.7079
220 3.18295e-05 2.1787e-05 4.15107 2.63481e-05 1.47817e-05 3.70184
221 3.21256e-05 2.16836e-05 4.15044 2.62348e-05 1.47143e-05 3.67979
222 3.18788e-05 2.19459e-05 4.18726 2.64426e-05 1.47801e-05 3.69797
223 3.20273e-05 2.16841e-05 4.10807 2.65897e-05 1.4897e-05 3.73098
224 3.18937e-05 2.1406e-05 4.10074 2.61412e-05 1.46841e-05 3.6711
225 3.19653e-05 2.173e-05 4.12889 2.61225e-05 1.47021e-05 3.67413
226 3.15367e-05 2.20683e-05 4.17609 2.63911e-05 1.47241e-05 3.69614
227 3.16511e-05 2.16265e-05 4.1219 2.63034e-05 1.47398e-05 3.69623
228 3.1052e-05 2.14157e-05 4.06626 2.67033e-05 1.4634e-05 3.69794
229 3.15336e-05 2.13961e-05 4.06821 2.65917e-05 1.4843e-05 3.73017
230 3.15369e-05 2.13901e-05 4.08853 2.61674e-05 1.46423e-05 3.65763
231 3.14608e-05 2.16228e-05 4.08044 2.63328e-05 1.46611e-05 3.68129
232 3.17498e-05 2.14744e-05 4.06754 2.62881e-05 1.47062e-05 3.68052
233 3.14646e-05 2.11945e-05 4.03042 2.63195e-05 1.44405e-05 3.6399
234 3.12142e-05 2.17772e-05 4.09901 2.63184e-05 1.47692e-05 3.70396
235 3.14556e-05 2.14759e-05 4.06701 2.62723e-05 1.4705e-05 3.68492
236 3.16829e-05 2.11928e-05 4.06309 2.62168e-05 1.45412e-05 3.64456
237 3.17391e-05 2.1034e-05 4.03185 2.6075e-05 1.45692e-05 3.65427
238 3.1629e-05 2.0975e-05 3.98894 2.58207e-05 1.46454e-05 3.64839
239 3.15907e-05 2.09565e-05 3.99296 2.60773e-05 1.45665e-05 3.6596
240 3.15457e-05 2.10204e-05 3.98894 2.60075e-05 1.44785e-05 3.63312
241 3.1067e-05 2.13125e-05 4.03142 2.60935e-05 1.46281e-05 3.67171
242 3.10633e-05 2.09623e-05 3.96502 2.63555e-05 1.4659e-05 3.69031
243 3.13822e-05 2.09159e-05 3.94834 2.58775e-05 1.46402e-05 3.65922
244 3.14939e-05 2.11706e-05 4.03111 2.59861e-05 1.45647e-05 3.64666
245 3.12595e-05 2.12323e-05 4.00865 2.58635e-05 1.45846e-05 3.64733
246 3.09789e-05 2.10355e-05 3.95661 2.62346e-05 1.45642e-05 3.66807
247 3.12934e-05 2.1028e-05 4.0099 2.59034e-05 1.45377e-05 3.65191
248 3.09549e-05 2.08135e-05 3.95956 2.62503e-05 1.45521e-05 3.6736
249 3.09799e-05 2.09661e-05 3.95091 2.60607e-05 1.462e-05 3.66418
250 3.09694e-05 2.0844e-05 3.92033 2.60282e-05 1.44728e-05 3.64428
251 3.12621e-05 2.10426e-05 3.95845 2.58802e-05 1.45667e-05 3.64658
252 3.09403e-05 2.07857e-05 3.9191 2.60546e-05 1.45139e-05 3.64958
253 3.12939e-05 2.08909e-05 3.97508 2.59593e-05 1.44667e-05 3.63778
254 3.10247e-05 2.09134e-05 3.94363 2.59271e-05 1.45402e-05 3.65002
255 3.11912e-05 2.07195e-05 3.95724 2.59993e-05 1.45399e-05 3.64943
256 3.12115e-05 2.08744e-05 3.90085 2.58081e-05 1.46113e-05 3.65612
257 3.11587e-05 2.09293e-05 3.92988 2.58624e-05 1.45591e-05 3.64625
258 3.10867e-05 2.08601e-05 3.92115 2.60354e-05 1.45224e-05 3.65252
259 3.09668e-05 2.07363e-05 3.91915 2.58402e-05 1.44564e-05 3.63432
260 3.13059e-05 2.09445e-05 3.93827 2.57161e-05 1.45082e-05 3.64138
261 3.0828e-05 2.06201e-05 3.89066 2.59861e-05 1.4402e-05 3.6288
262 3.09829e-05 2.07268e-05 3.90653 2.58184e-05 1.44373e-05 3.62648
263 3.09357e-05 2.06824e-05 3.91846 2.58738e-05 1.43222e-05 3.61284
264 3.08561e-05 2.08895e-05 3.9086 2.56885e-05 1.45407e-05 3.6444
265 3.09554e-05 2.04062e-05 3.89175 2.57227e-05 1.44351e-05 3.62464
266 3.089e-05 2.04449e-05 3.85863 2.6018e-05 1.44418e-05 3.64504
267 3.05231e-05 2.08595e-05 3.91882 2.57839e-05 1.442e-05 3.62662
268 3.06255e-05 2.08994e-05 3.89715 2.5981e-05 1.43827e-05 3.62629
269 3.07634e-05 2.01466e-05 3.80009 2.59624e-05 1.43228e-05 3.61647
270 3.06335e-05 2.05646e-05 3.84295 2.60258e-05 1.44378e-05 3.63961
271 3.04036e-05 2.04688e-05 3.80352 2.58018e-05 1.45644e-05 3.65426
272 3.0399e-05 1.97525e-05 3.76739 2.56547e-05 1.43833e-05 3.61988
273 3.05771e-05 2.07788e-05 3.85771 2.59044e-05 1.45574e-05 3.66226
274 3.02673e-05 2.04663e-05 3.86077 2.61096e-05 1.42892e-05 3.62568
275 3.02009e-05 2.07357e-05 3.8631 2.59505e-05 1.44817e-05 3.65533
276 3.07641e-05 2.04976e-05 3.86125 2.57142e-05 1.43315e-05 3.60847
277 3.04167e-05 2.03534e-05 3.80581 2.57041e-05 1.44375e-05 3.63567
278 3.05238e-05 2.05651e-05 3.84834 2.57845e-05 1.43909e-05 3.62361
279 3.0326e-05 2.04893e-05 3.79871 2.58085e-05 1.45635e-05 3.65598
280 3.03564e-05 2.01003e-05 3.76736 2.59428e-05 1.44322e-05 3.63998
281 3.05655e-05 2.05064e-05 3.84752 2.56792e-05 1.43499e-05 3.60513
282 3.02301e-05 2.08618e-05 3.85931 2.59565e-05 1.45036e-05 3.6494
283 2.99155e-05 2.04596e-05 3.78582 2.60382e-05 1.44332e-05 3.65176
284 3.02487e-05 2.01778e-05 3.77696 2.58144e-05 1.43702e-05 3.62996
285 3.07761e-05 2.0518e-05 3.81654 2.53953e-05 1.43866e-05 3.6015
286 3.03001e-05 2.00861e-05 3.76626 2.5863e-05 1.42849e-05 3.61228
287 3.04154e-05 2.021e-05 3.78629 2.54979e-05 1.42754e-05 3.59619
288 3.02968e-05 2.02037e-05 3.77012 2.57244e-05 1.43625e-05 3.62091
289 3.01021e-05 2.03735e-05 3.77067 2.56371e-05 1.44442e-05 3.62764
290 3.02155e-05 2.03421e-05 3.78001 2.56106e-05 1.44713e-05 3.6355
291 3.04632e-05 2.0347e-05 3.78187 2.55967e-05 1.43281e-05 3.60408
292 3.00419e-05 2.0092e-05 3.72628 2.56819e-05 1.44049e-05 3.62643
293 3.00599e-05 2.02034e-05 3.7379 2.58301e-05 1.43754e-05 3.62659
294 3.00087e-05 1.99934e-05 3.74554 2.59604e-05 1.42932e-05 3.62526
295 2.9869e-05 2.00108e-05 3.71448 2.54993e-05 1.44199e-05 3.62174
296 3.01442e-05 1.99564e-05 3.68562 2.5615e-05 1.44114e-05 3.62987
297 2.98846e-05 1.97523e-05 3.68593 2.60564e-05 1.43996e-05 3.64898
298 2.96847e-05 1.99518e-05 3.67731 2.58168e-05 1.43503e-05 3.62667
299 3.01985e-05 1.95326e-05 3.64935 2.55116e-05 1.42191e-05 3.58685
300 2.99621e-05 2.00172e-05 3.73653 2.56826e-05 1.43838e-05 3.62905
301 2.99151e-05 2.00325e-05 3.71626 2.57478e-05 1.44083e-05 3.63312
302 2.98628e-05 1.9909e-05 3.68364 2.5725e-05 1.42672e-05 3.60572
303 2.99659e-05 2.02145e-05 3.71381 2.56317e-05 1.44079e-05 3.6245
304 2.98384e-05 1.99131e-05 3.69241 2.57346e-05 1.44114e-05 3.63899
305 3.00443e-05 2.01029e-05 3.69132 2.55918e-05 1.43209e-05 3.61118
306 3.03338e-05 1.98505e-05 3.70338 2.51824e-05 1.42591e-05 3.57199
307 2.97387e-05 2.01054e-05 3.72182 2.5758e-05 1.43798e-05 3.63759
308 3.00585e-05 1.973e-05 3.64772 2.54506e-05 1.42703e-05 3.5999
309 3.0126e-05 1.95638e-05 3.66861 2.53704e-05 1.41111e-05 3.57119
310 3.01436e-05 1.9568e-05 3.62238 2.52588e-05 1.41741e-05 3.56568
311 2.95631e-05 1.99504e-05 3.6686 2.59047e-05 1.42531e-05 3.62079
312 2.9581e-05 1.97442e-05 3.6414 2.57231e-05 1.43078e-05 3.62161
313 3.0009e-05 1.98908e-05 3.65789 2.56764e-05 1.42749e-05 3.61363
314 3.01092e-05 1.97996e-05 3.65193 2.54176e-05 1.43303e-05 3.60842
315 2.98562e-05 2.00633e-05 3.6711 2.54625e-05 1.43195e-05 3.6085
316 2.96817e-05 1.96118e-05 3.63301 2.57737e-05 1.43086e-05 3.62267
317 3.02118e-05 1.97022e-05 3.62155 2.53305e-05 1.44337e-05 3.61829
318 2.97488e-05 1.97151e-05 3.61294 2.56949e-05 1.42864e-05 3.61621
319 2.98488e-05 1.95546e-05 3.61968 2.55997e-05 1.42821e-05 3.61524
320 2.99749e-05 2.001e-05 3.67411 2.51894e-05 1.43315e-05 3.58802
321 2.93721e-05 1.96035e-05 3.59074 2.56036e-05 1.44048e-05 3.63369
322 2.98499e-05 2.01295e-05 3.66579 2.54433e-05 1.43999e-05 3.62444
323 2.95833e-05 1.9896e-05 3.65044 2.57396e-05 1.43263e-05 3.62879
324 2.95092e-05 1.95683e-05 3.60993 2.54586e-05 1.42942e-05 3.60727
325 2.98217e-05 1.95824e-05 3.59503 2.53223e-05 1.42472e-05 3.58774
326 2.95834e-05 1.97995e-05 3.62985 2.54345e-05 1.43133e-05 3.61419
327 2.98405e-05 1.98817e-05 3.64887 2.5494e-05 1.43885e-05 3.6242
328 2.95202e-05 2.01014e-05 3.68848 2.58078e-05 1.43494e-05 3.63651
329 2.98867e-05 1.9745e-05 3.60467 2.53676e-05 1.43081e-05 3.60072
330 2.97224e-05 1.94362e-05 3.5687 2.56237e-05 1.42423e-05 3.60838
331 2.96259e-05 1.95189e-05 3.58394 2.55061e-05 1.41978e-05 3.59404
332 2.97097e-05 1.94634e-05 3.59821 2.54857e-05 1.41577e-05 3.58615
333 2.95366e-05 1.96498e-05 3.592 2.54197e-05 1.42695e-05 3.59626
334 2.95357e-05 1.94647e-05 3.56237 2.54822e-05 1.42559e-05 3.60689
335 2.93661e-05 1.95571e-05 3.58817 2.56539e-05 1.42948e-05 3.62135
336 2.95539e-05 1.93216e-05 3.54195 2.54444e-05 1.42068e-05 3.58715
337 2.95329e-05 1.92554e-05 3.54352 2.54311e-05 1.4236e-05 3.59523
338 2.94862e-05 1.9911e-05 3.61615 2.5336e-05 1.41903e-05 3.58813
339 2.95543e-05 1.95577e-05 3.53803 2.54029e-05 1.43727e-05 3.62031
340 2.93768e-05 1.94922e-05 3.56873 2.55065e-05 1.41897e-05 3.59572
341 2.94407e-05 1.93728e-05 3.55572 2.5537e-05 1.41791e-05 3.59058
342 2.94744e-05 1.92249e-05 3.5092 2.53565e-05 1.4272e-05 3.60697
343 2.92502e-05 1.92152e-05 3.50982 2.56774e-05 1.42136e-05 3.61111
344 2.95597e-05 1.93354e-05 3.54993 2.51487e-05 1.41587e-05 3.57226
345 2.9393e-05 1.97511e-05 3.57707 2.54939e-05 1.41945e-05 3.59744
346 2.92387e-05 1.94303e-05 3.58434 2.55885e-05 1.42186e-05 3.60674
347 2.92684e-05 1.91988e-05 3.49552 2.56584e-05 1.42181e-05 3.61256
348 2.95349e-05 1.92817e-05 3.53311 2.55304e-05 1.41717e-05 3.58568
349 2.94551e-05 1.96134e-05 3.57088 2.5291e-05 1.41618e-05 3.57327
350 2.93601e-05 1.91188e-05 3.49894 2.5328e-05 1.42256e-05 3.58987
351 2.96493e-05 1.93166e-05 3.48532 2.51652e-05 1.43159e-05 3.59518
352 2.93577e-05 1.96718e-05 3.54897 2.53466e-05 1.43286e-05 3.61058
353 2.93075e-05 1.91636e-05 3.47532 2.54319e-05 1.43175e-05 3.61513
354 2.90078e-05 1.93543e-05 3.49244 2.5594e-05 1.4356e-05 3.63429
355 2.90014e-05 1.95268e-05 3.56323 2.54835e-05 1.41575e-05 3.5939
356 2.88051e-05 1.9495e-05 3.51475 2.56935e-05 1.43462e-05 3.63322
357 2.91165e-05 1.90537e-05 3.42529 2.53685e-05 1.42105e-05 3.59442
358 2.89686e-05 1.90949e-05 3.45546 2.54403e-05 1.42219e-05 3.59772
359 2.91759e-05 1.9163e-05 3.46052 2.52869e-05 1.42183e-05 3.59061
360 2.92706e-05 1.89859e-05 3.44344 2.53758e-05 1.41641e-05 3.58283
361 2.94626e-05 1.90143e-05 3.4763 2.51577e-05 1.41314e-05 3.56885
362 2.90413e-05 1.8899e-05 3.43128 2.51988e-05 1.4148e-05 3.57402
363 2.93031e-05 1.8966e-05 3.42056 2.53678e-05 1.41613e-05 3.58917
364 2.92643e-05 1.92811e-05 3.4629 2.51784e-05 1.41512e-05 3.57053
365 2.91086e-05 1.93537e-05 3.49173 2.54237e-05 1.42681e-05 3.60644
366 2.92786e-05 1.90376e-05 3.43568 2.52885e-05 1.41894e-05 3.58837
367 2.88317e-05 1.94878e-05 3.51044 2.53898e-05 1.42491e-05 3.60365
368 2.88785e-05 1.90881e-05 3.40957 2.54705e-05 1.41945e-05 3.59674
369 2.8977e-05 1.91646e-05 3.46278 2.54993e-05 1.41939e-05 3.60568
370 2.90983e-05 1.89333e-05 3.40098 2.5238e-05 1.42095e-05 3.59043
371 2.90098e-05 1.88415e-05 3.43006 2.52319e-05 1.41909e-05 3.58356
372 2.91735e-05 1.87332e-05 3.4289 2.51544e-05 1.41029e-05 3.56548
373 2.91651e-05 1.9171e-05 3.45867 2.5099e-05 1.40544e-05 3.55583
374 2.89516e-05 1.89476e-05 3.42819 2.54137e-05 1.42381e-05 3.6102
375 2.92198e-05 1.89324e-05 3.4106 2.53313e-05 1.41407e-05 3.58555
376 2.95604e-05 1.87812e-05 3.41339 2.49655e-05 1.41772e-05 3.56801
377 2.90921e-05 1.92885e-05 3.45444 2.54387e-05 1.42217e-05 3.60487
378 2.89975e-05 1.91526e-05 3.42934 2.52068e-05 1.41713e-05 3.58387
379 2.89453e-05 1.90357e-05 3.4352 2.54277e-05 1.40984e-05 3.58212
380 2.87982e-05 1.89443e-05 3.41542 2.53912e-05 1.41424e-05 3.59123
381 2.87532e-05 1.91264e-05 3.4361 2.54193e-05 1.42792e-05 3.61545
382 2.87389e-05 1.89542e-05 3.42111 2.54577e-05 1.41392e-05 3.59337
383 2.87371e-05 1.93846e-05 3.45617 2.52198e-05 1.42747e-05 3.59744
384 2.94713e-05 1.8517e-05 3.39218 2.5026e-05 1.39975e-05 3.54149
385 2.89119e-05 1.87781e-05 3.35058 2.52037e-05 1.40704e-05 3.56455
386 2.92232e-05 1.87158e-05 3.38423 2.50554e-05 1.41181e-05 3.56134
387 2.88659e-05 1.88833e-05 3.37521 2.53745e-05 1.42155e-05 3.60193
388 2.90114e-05 1.89326e-05 3.40093 2.51744e-05 1.41189e-05 3.56535
389 2.91339e-05 1.86985e-05 3.36624 2.52583e-05 1.41749e-05 3.58906
390 2.85675e-05 1.90834e-05 3.38934 2.54635e-05 1.42158e-05 3.60939
391 2.87996e-05 1.89559e-05 3.36971 2.53636e-05 1.4226e-05 3.6035
392 2.88121e-05 1.8904e-05 3.42142 2.5177e-05 1.39746e-05 3.54777
393 2.86055e-05 1.89308e-05 3.38919 2.55121e-05 1.41089e-05 3.59086
394 2.8987e-05 1.88073e-05 3.36129 2.5072e-05 1.41723e-05 3.57875
395 2.86258e-05 1.8773e-05 3.36189 2.52291e-05 1.4152e-05 3.58603
396 2.88884e-05 1.91182e-05 3.39272 2.53182e-05 1.42132e-05 3.59484
397 2.89152e-05 1.89572e-05 3.38789 2.51902e-05 1.41831e-05 3.58355
398 2.88343e-05 1.87725e-05 3.34574 2.49341e-05 1.41794e-05 3.57744
399 2.88608e-05 1.87536e-05 3.35643 2.52649e-05 1.40754e-05 3.57077
400 2.86923e-05 1.91481e-05 3.39838 2.53692e-05 1.42149e-05 3.59716
401 2.87211e-05 1.87396e-05 3.33334 2.51552e-05 1.4095e-05 3.5691
402 2.85065e-05 1.88694e-05 3.36228 2.53117e-05 1.4205e-05 3.59589
403 2.86862e-05 1.88024e-05 3.35396 2.53078e-05 1.41159e-05 3.58473
404 2.88781e-05 1.88644e-05 3.37194 2.51272e-05 1.41379e-05 3.5746
405 2.8832e-05 1.86206e-05 3.3274 2.51846e-05 1.41965e-05 3.58554
406 2.87362e-05 1.85616e-05 3.31921 2.52099e-05 1.41659e-05 3.58865
407 2.84458e-05 1.86732e-05 3.30468 2.52336e-05 1.41648e-05 3.59315
408 2.8972e-05 1.85771e-05 3.33554 2.51274e-05 1.41151e-05 3.57196
409 2.85361e-05 1.87829e-05 3.35652 2.53104e-05 1.41939e-05 3.59756
410 2.86677e-05 1.84947e-05 3.29207 2.49279e-05 1.40173e-05 3.54249
411 2.81171e-05 1.90657e-05 3.33955 2.53345e-05 1.4176e-05 3.59768
412 2.85201e-05 1.89893e-05 3.32017 2.52088e-05 1.41693e-05 3.58256
413 2.87328e-05 1.86582e-05 3.31272 2.51088e-05 1.40632e-05 3.56214
414 2.8585e-05 1.84956e-05 3.2668 2.51082e-05 1.41145e-05 3.57122
415 2.8545e-05 1.85486e-05 3.31007 2.51201e-05 1.40853e-05 3.56551
416 2.86436e-05 1.87569e-05 3.32339 2.51016e-05 1.4129e-05 3.57327
417 2.83335e-05 1.8638e-05 3.31417 2.55202e-05 1.41931e-05 3.60749
418 2.85663e-05 1.86186e-05 3.31382 2.52294e-05 1.3981e-05 3.55604
419 2.85757e-05 1.85328e-05 3.30057 2.49805e-05 1.40287e-05 3.54866
420 2.82216e-05 1.88295e-05 3.31396 2.52898e-05 1.40709e-05 3.57445
421 2.87738e-05 1.86124e-05 3.31475 2.5227e-05 1.41433e-05 3.58347
422 2.84283e-05 1.8646e-05 3.28453 2.52782e-05 1.4101e-05 3.58019
423 2.85192e-05 1.85857e-05 3.29447 2.50067e-05 1.40064e-05 3.54656
424 2.8461e-05 1.85629e-05 3.2613 2.52869e-05 1.41478e-05 3.58956
425 2.8393e-05 1.85228e-05 3.30125 2.53081e-05 1.41065e-05 3.57726
426 2.82604e-05 1.85902e-05 3.25702 2.51863e-05 1.41242e-05 3.58171
427 2.87597e-05 1.84867e-05 3.31055 2.50243e-05 1.4013e-05 3.55144
428 2.86724e-05 1.83625e-05 3.24976 2.50158e-05 1.41292e-05 3.56909
429 2.8498e-05 1.85469e-05 3.28408 2.51602e-05 1.39991e-05 3.55466
430 2.84531e-05 1.85491e-05 3.25424 2.5077e-05 1.42341e-05 3.59474
431 2.84515e-05 1.8453e-05 3.29348 2.5089e-05 1.39393e-05 3.54372
432 2.86598e-05 1.85092e-05 3.2611 2.49368e-05 1.40628e-05 3.55346
433 2.78395e-05 1.84719e-05 3.23245 2.53749e-05 1.40309e-05 3.57746
434 2.8508e-05 1.89011e-05 3.31099 2.51157e-05 1.42406e-05 3.59723
435 2.83964e-05 1.84973e-05 3.25796 2.51334e-05 1.40255e-05 3.56288
436 2.82908e-05 1.85086e-05 3.27525 2.52047e-05 1.40083e-05 3.5625
437 2.82516e-05 1.82805e-05 3.21478 2.51739e-05 1.40863e-05 3.57461
438 2.84064e-05 1.82388e-05 3.19503 2.50168e-05 1.40835e-05 3.56432
439 2.83648e-05 1.82515e-05 3.22565 2.51433e-05 1.40026e-05 3.55939
440 2.86158e-05 1.82556e-05 3.23721 2.50321e-05 1.4023e-05 3.55603
441 2.85196e-05 1.86023e-05 3.26068 2.51085e-05 1.41295e-05 3.57643
442 2.79484e-05 1.85908e-05 3.2492 2.54496e-05 1.41555e-05 3.60292
443 2.8345e-05 1.84476e-05 3.23196 2.51606e-05 1.41507e-05 3.58448
444 2.86495e-05 1.81499e-05 3.21437 2.49187e-05 1.39305e-05 3.53142
445 2.83328e-05 1.82287e-05 3.21429 2.51854e-05 1.40297e-05 3.56913
446 2.82559e-05 1.84004e-05 3.2152 2.5178e-05 1.41637e-05 3.58916
447 2.83197e-05 1.83906e-05 3.22208 2.51525e-05 1.41069e-05 3.57846
448 2.83863e-05 1.81506e-05 3.21214 2.52078e-05 1.40666e-05 3.5683
449 2.84001e-05 1.84945e-05 3.24124 2.49213e-05 1.41315e-05 3.56696
450 2.81104e-05 1.82357e-05 3.20839 2.52982e-05 1.40079e-05 3.57214
451 2.82657e-05 1.87434e-05 3.27203 2.53013e-05 1.4146e-05 3.59358
452 2.81788e-05 1.8286e-05 3.19372 2.52118e-05 1.40458e-05 3.57083
453 2.85412e-05 1.83498e-05 3.21712 2.49691e-05 1.40959e-05 3.56426
454 2.82998e-05 1.83603e-05 3.21794 2.51649e-05 1.4063e-05 3.57511
455 2.81136e-05 1.85741e-05 3.25462 2.5218e-05 1.42186e-05 3.60325
456 2.84304e-05 1.84376e-05 3.21491 2.49916e-05 1.42454e-05 3.59225
457 2.83545e-05 1.81887e-05 3.16302 2.50349e-05 1.41614e-05 3.57933
458 2.81208e-05 1.84283e-05 3.23951 2.51793e-05 1.41116e-05 3.57667
459 2.78646e-05 1.80809e-05 3.15478 2.54873e-05 1.40855e-05 3.59198
460 2.80923e-05 1.84532e-05 3.18001 2.50448e-05 1.41215e-05 3.57426
461 2.82452e-05 1.82582e-05 3.15734 2.49017e-05 1.40785e-05 3.55376
462 2.80666e-05 1.82841e-05 3.19308 2.53549e-05 1.41006e-05 3.59035
463 2.81431e-05 1.8128e-05 3.18419 2.5206e-05 1.40779e-05 3.57982
464 2.82122e-05 1.82058e-05 3.16385 2.50528e-05 1.4062e-05 3.56805
465 2.82042e-05 1.79363e-05 3.14533 2.50113e-05 1.39919e-05 3.55238
466 2.82641e-05 1.82714e-05 3.17424 2.5088e-05 1.40488e-05 3.56451
467 2.80697e-05 1.79249e-05 3.1144 2.52905e-05 1.40528e-05 3.57684
468 2.79189e-05 1.82365e-05 3.17222 2.53738e-05 1.40898e-05 3.59244
469 2.80898e-05 1.82401e-05 3.18704 2.53038e-05 1.41555e-05 3.59748
470 2.80091e-05 1.8164e-05 3.14164 2.53323e-05 1.40934e-05 3.58801
471 2.81558e-05 1.84369e-05 3.18411 2.51377e-05 1.42628e-05 3.6085
472 2.83442e-05 1.82731e-05 3.18934 2.48959e-05 1.40395e-05 3.55346
473 2.80812e-05 1.80179e-05 3.1231 2.50547e-05 1.4073e-05 3.56885
474 2.80861e-05 1.82757e-05 3.15401 2.50735e-05 1.40493e-05 3.56572
475 2.83163e-05 1.79476e-05 3.11645 2.48724e-05 1.3906e-05 3.52627
476 2.80879e-05 1.82656e-05 3.174 2.51095e-05 1.41301e-05 3.58231
477 2.80486e-05 1.82001e-05 3.1789 2.50961e-05 1.4128e-05 3.58146
478 2.79782e-05 1.78444e-05 3.11653 2.51378e-05 1.39847e-05 3.56135
479 2.79426e-05 1.84835e-05 3.1983 2.49799e-05 1.40795e-05 3.56745
480 2.8134e-05 1.80383e-05 3.14872 2.50233e-05 1.40766e-05 3.57146
481 2.82381e-05 1.80496e-05 3.15619 2.49513e-05 1.39288e-05 3.53666
482 2.80508e-05 1.83256e-05 3.16652 2.50651e-05 1.4105e-05 3.57369
483 2.81687e-05 1.80146e-05 3.13703 2.48777e-05 1.40319e-05 3.55049
484 2.80359e-05 1.8297e-05 3.20399 2.51798e-05 1.40806e-05 3.57775
485 2.82604e-05 1.80101e-05 3.14664 2.49341e-05 1.40514e-05 3.56214
486 2.82128e-05 1.80424e-05 3.14085 2.48987e-05 1.40387e-05 3.55544
487 2.7907e-05 1.78355e-05 3.08065 2.53188e-05 1.40736e-05 3.58578
488 2.77947e-05 1.79722e-05 3.07251 2.5151e-05 1.40871e-05 3.57657
489 2.79127e-05 1.81336e-05 3.13054 2.50541e-05 1.40236e-05 3.56313
490 2.79068e-05 1.84463e-05 3.13807 2.51205e-05 1.41463e-05 3.58512
491 2.80837e-05 1.8076e-05 3.14041 2.50801e-05 1.39956e-05 3.55281
492 2.78376e-05 1.81855e-05 3.1151 2.50304e-05 1.41185e-05 3.57979
493 2.78948e-05 1.79867e-05 3.10285 2.51269e-05 1.40739e-05 3.57497
494 2.8144e-05 1.7873e-05 3.10416 2.49581e-05 1.4036e-05 3.56136
495 2.79249e-05 1.81895e-05 3.10365 2.50617e-05 1.41555e-05 3.5826
496 2.8021e-05 1.82735e-05 3.11836 2.50849e-05 1.41346e-05 3.58015
497 2.76628e-05 1.80651e-05 3.11702 2.51397e-05 1.40317e-05 3.56947
498 2.78593e-05 1.80343e-05 3.10064 2.51409e-05 1.41729e-05 3.59422
499 2.79919e-05 1.80709e-05 3.09118 2.50676e-05 1.414e-05 3.5812
500 2.81828e-05 1.82257e-05 3.13703 2.48853e-05 1.40775e-05 3.56125
501 2.77948e-05 1.78347e-05 3.097 2.51409e-05 1.39492e-05 3.55566
502 2.80898e-05 1.78632e-05 3.08809 2.5059e-05 1.40246e-05 3.56313
503 2.80143e-05 1.79397e-05 3.07008 2.50524e-05 1.40936e-05 3.57294
504 2.76971e-05 1.82486e-05 3.13012 2.50204e-05 1.40957e-05 3.57681
505 2.77051e-05 1.79268e-05 3.07507 2.52592e-05 1.40611e-05 3.58064
506 2.77064e-05 1.80824e-05 3.10918 2.51316e-05 1.40144e-05 3.5644
507 2.79033e-05 1.7997e-05 3.08127 2.51064e-05 1.41449e-05 3.58645
508 2.78303e-05 1.76939e-05 3.05123 2.49015e-05 1.39695e-05 3.54481
509 2.76649e-05 1.78785e-05 3.06466 2.50582e-05 1.40894e-05 3.57884
510 2.75749e-05 1.79969e-05 3.09485 2.53122e-05 1.4103e-05 3.59154
511 2.78096e-05 1.77225e-05 3.06092 2.51785e-05 1.40758e-05 3.58026
512 2.78096e-05 1.79314e-05 3.09282 2.50271e-05 1.40706e-05 3.56648
513 2.77085e-05 1.79209e-05 3.08677 2.50667e-05 1.40513e-05 3.5692
514 2.80456e-05 1.80238e-05 3.09236 2.48534e-05 1.40513e-05 3.55814
515 2.78347e-05 1.79208e-05 3.07897 2.5164e-05 1.40921e-05 3.58218
516 2.7952e-05 1.79031e-05 3.06809 2.50159e-05 1.40268e-05 3.55987
517 2.78671e-05 1.7695e-05 3.03126 2.50283e-05 1.40188e-05 3.5581
518 2.79152e-05 1.79593e-05 3.0779 2.48884e-05 1.39456e-05 3.53855
519 2.83439e-05 1.77827e-05 3.08084 2.46484e-05 1.39263e-05 3.52241
520 2.73879e-05 1.77674e-05 3.02878 2.5239e-05 1.40405e-05 3.57924
521 2.76309e-05 1.78031e-05 3.0505 2.49995e-05 1.39464e-05 3.54961
522 2.7722e-05 1.75606e-05 3.00052 2.51197e-05 1.41053e-05 3.58477
523 2.77291e-05 1.77214e-05 3.02875 2.49853e-05 1.40082e-05 3.5549
524 2.77954e-05 1.77575e-05 3.02735 2.50198e-05 1.4068e-05 3.57103
525 2.78889e-05 1.76382e-05 3.04283 2.50257e-05 1.40267e-05 3.55966
526 2.77097e-05 1.7955e-05 3.07972 2.48162e-05 1.40539e-05 3.55558
527 2.79205e-05 1.79239e-05 3.09258 2.49373e-05 1.39652e-05 3.54524
528 2.75756e-05 1.7813e-05 3.01113 2.51634e-05 1.40662e-05 3.58241
529 2.7715e-05 1.79008e-05 3.03439 2.50199e-05 1.41101e-05 3.5766
530 2.76225e-05 1.81196e-05 3.07868 2.49932e-05 1.40147e-05 3.55852
531 2.75755e-05 1.80015e-05 3.05616 2.5193e-05 1.41375e-05 3.59089
532 2.77548e-05 1.7858e-05 3.03908 2.50391e-05 1.40483e-05 3.56555
533 2.78529e-05 1.80874e-05 3.05517 2.50318e-05 1.41116e-05 3.57703
534 2.76112e-05 1.75461e-05 2.98396 2.51096e-05 1.39661e-05 3.55936
535 2.78687e-05 1.7856e-05 3.06258 2.51771e-05 1.40763e-05 3.58241
536 2.75953e-05 1.78019e-05 3.03646 2.50093e-05 1.39979e-05 3.55799
537 2.78458e-05 1.78215e-05 3.02521 2.49258e-05 1.39856e-05 3.54755
538 2.74508e-05 1.80441e-05 3.04733 2.51999e-05 1.42147e-05 3.60484
539 2.77555e-05 1.75676e-05 2.99802 2.4968e-05 1.39143e-05 3.53907
540 2.77077e-05 1.78322e-05 3.00995 2.51098e-05 1.40066e-05 3.5648
541 2.79541e-05 1.77158e-05 3.01269 2.47482e-05 1.39839e-05 3.53998
542 2.74978e-05 1.7869e-05 3.01498 2.52036e-05 1.41106e-05 3.59046
543 2.76879e-05 1.76403e-05 3.02547 2.49426e-05 1.39482e-05 3.54357
544 2.77221e-05 1.77285e-05 3.00988 2.48286e-05 1.40225e-05 3.551
545 2.76923e-05 1.77257e-05 3.0122 2.49506e-05 1.39867e-05 3.55412
546 2.74293e-05 1.75245e-05 2.96121 2.51489e-05 1.40004e-05 3.56922
547 2.77724e-05 1.76498e-05 2.98443 2.48165e-05 1.39454e-05 3.53691
548 2.76221e-05 1.75859e-05 2.97731 2.491e-05 1.39799e-05 3.54985
549 2.76159e-05 1.75919e-05 2.97076 2.48292e-05 1.39962e-05 3.54756
550 2.7675e-05 1.7664e-05 2.96549 2.48794e-05 1.3987e-05 3.54783
551 2.76327e-05 1.76609e-05 2.97877 2.48029e-05 1.39933e-05 3.54685
552 2.78826e-05 1.75443e-05 2.96106 2.48527e-05 1.39955e-05 3.54558
553 2.75533e-05 1.77899e-05 2.9998 2.48425e-05 1.40113e-05 3.55146
554 2.74765e-05 1.81478e-05 3.04196 2.51069e-05 1.41854e-05 3.59805
555 2.74783e-05 1.77319e-05 2.97158 2.50196e-05 1.40893e-05 3.5752
556 2.76615e-05 1.77471e-05 2.98938 2.50326e-05 1.40242e-05 3.56251
557 2.76489e-05 1.77091e-05 2.98114 2.50074e-05 1.41313e-05 3.58086
558 2.74717e-05 1.75655e-05 2.97971 2.50425e-05 1.39473e-05 3.55436
559 2.79246e-05 1.7472e-05 2.94179 2.47301e-05 1.40442e-05 3.54844
560 2.72957e-05 1.7736e-05 2.9962 2.52968e-05 1.40141e-05 3.57655
561 2.75383e-05 1.7627e-05 2.96918 2.50127e-05 1.39326e-05 3.54736
562 2.7694e-05 1.75735e-05 2.95771 2.48534e-05 1.4093e-05 3.56471
563 2.76329e-05 1.74743e-05 2.93481 2.49184e-05 1.39877e-05 3.55367
564 2.72795e-05 1.80209e-05 3.01365 2.5049e-05 1.4061e-05 3.57681
565 2.75161e-05 1.77156e-05 2.98023 2.49918e-05 1.40471e-05 3.56731
566 2.76479e-05 1.75864e-05 2.93701 2.47752e-05 1.40178e-05 3.55133
567 2.76487e-05 1.77381e-05 2.97018 2.49727e-05 1.40312e-05 3.56119
568 2.73644e-05 1.78078e-05 3.00375 2.50828e-05 1.4072e-05 3.57343
569 2.75085e-05 1.77992e-05 2.97201 2.49974e-05 1.39824e-05 3.55334
570 2.74828e-05 1.75718e-05 2.95629 2.50157e-05 1.40548e-05 3.56737
571 2.75984e-05 1.78213e-05 2.97279 2.48e-05 1.40289e-05 3.55126
572 2.74659e-05 1.73816e-05 2.9396 2.4978e-05 1.39679e-05 3.55472
573 2.74982e-05 1.74798e-05 2.91021 2.51249e-05 1.40046e-05 3.56826
574 2.74676e-05 1.76526e-05 2.94586 2.5053e-05 1.41016e-05 3.58181
575 2.72573e-05 1.75758e-05 2.95144 2.50026e-05 1.39442e-05 3.55275
576 2.74324e-05 1.73555e-05 2.9182 2.49036e-05 1.38996e-05 3.53488
577 2.75985e-05 1.77773e-05 3.00276 2.49274e-05 1.40217e-05 3.56035
578 2.72746e-05 1.76848e-05 2.95897 2.51712e-05 1.4049e-05 3.58045
579 2.72736e-05 1.7499e-05 2.93273 2.51033e-05 1.40639e-05 3.57717
580 2.74017e-05 1.75421e-05 2.91919 2.48808e-05 1.40722e-05 3.56158
581 2.74491e-05 1.73858e-05 2.93271 2.49174e-05 1.39526e-05 3.54578
582 2.75479e-05 1.7202e-05 2.87988 2.50108e-05 1.4001e-05 3.55673
583 2.74205e-05 1.72262e-05 2.896 2.49446e-05 1.39324e-05 3.54596
584 2.74113e-05 1.77379e-05 2.92868 2.48671e-05 1.40797e-05 3.56509
585 2.74352e-05 1.74148e-05 2.91591 2.49573e-05 1.39361e-05 3.54803
586 2.74599e-05 1.74853e-05 2.91473 2.50371e-05 1.40393e-05 3.56838
587 2.74927e-05 1.74424e-05 2.90733 2.48863e-05 1.39949e-05 3.55431
588 2.74937e-05 1.72069e-05 2.87156 2.49711e-05 1.40317e-05 3.5611
589 2.75596e-05 1.75716e-05 2.92317 2.49845e-05 1.40131e-05 3.55936
590 2.72773e-05 1.7744e-05 2.95912 2.51273e-05 1.40938e-05 3.58401
591 2.72255e-05 1.76158e-05 2.91501 2.50994e-05 1.4127e-05 3.58961
592 2.73922e-05 1.73035e-05 2.88092 2.50183e-05 1.40534e-05 3.56896
593 2.73889e-05 1.75564e-05 2.94029 2.52012e-05 1.40422e-05 3.57795
594 2.73199e-05 1.75538e-05 2.92939 2.51779e-05 1.40872e-05 3.58654
595 2.72099e-05 1.72979e-05 2.89903 2.51972e-05 1.39257e-05 3.55743
596 2.76094e-05 1.72841e-05 2.8628 2.46011e-05 1.38165e-05 3.50612
597 2.72716e-05 1.75772e-05 2.90365 2.50143e-05 1.39869e-05 3.56088
598 2.71581e-05 1.72924e-05 2.85621 2.5067e-05 1.40196e-05 3.56797
599 2.73749e-05 1.7418e-05 2.87865 2.50558e-05 1.40238e-05 3.56984
600 2.72797e-05 1.76543e-05 2.92645 2.49199e-05 1.4013e-05 3.56012
601 2.71359e-05 1.7321e-05 2.89038 2.50366e-05 1.40342e-05 3.57015
602 2.72647e-05 1.72959e-05 2.88793 2.51869e-05 1.41046e-05 3.58322
603 2.71759e-05 1.73989e-05 2.86584 2.51611e-05 1.40483e-05 3.57665
604 2.71974e-05 1.73925e-05 2.8742 2.50503e-05 1.39336e-05 3.55615
605 2.75593e-05 1.73637e-05 2.87446 2.48287e-05 1.40473e-05 3.56181
606 2.7474e-05 1.73781e-05 2.89256 2.48482e-05 1.40584e-05 3.56264
607 2.74924e-05 1.74969e-05 2.89894 2.48492e-05 1.40602e-05 3.5619
608 2.73854e-05 1.72694e-05 2.89382 2.49584e-05 1.3965e-05 3.55693
609 2.72166e-05 1.74953e-05 2.8869 2.51262e-05 1.41295e-05 3.58846
610 2.74311e-05 1.73116e-05 2.88008 2.48788e-05 1.39407e-05 3.54532
611 2.70045e-05 1.72482e-05 2.86435 2.51652e-05 1.39538e-05 3.56392
612 2.75752e-05 1.7183e-05 2.85859 2.49184e-05 1.39917e-05 3.55463
613 2.74557e-05 1.7324e-05 2.8683 2.48797e-05 1.39451e-05 3.54632
614 2.73134e-05 1.75103e-05 2.90598 2.50941e-05 1.40348e-05 3.57427
615 2.73595e-05 1.75727e-05 2.90225 2.49528e-05 1.41199e-05 3.58037
616 2.75049e-05 1.71798e-05 2.83677 2.48679e-05 1.40103e-05 3.55611
617 2.70868e-05 1.73597e-05 2.85889 2.50401e-05 1.40196e-05 3.56585
618 2.75966e-05 1.70734e-05 2.86616 2.4703e-05 1.3889e-05 3.5269
619 2.73445e-05 1.74007e-05 2.85918 2.49651e-05 1.40671e-05 3.56927
620 2.73409e-05 1.7417e-05 2.87991 2.48222e-05 1.39948e-05 3.5505
621 2.75837e-05 1.72719e-05 2.86491 2.47973e-05 1.39558e-05 3.54089
622 2.71867e-05 1.72621e-05 2.83179 2.50592e-05 1.40894e-05 3.57682
623 2.72663e-05 1.72943e-05 2.86464 2.50758e-05 1.3978e-05 3.56458
624 2.73453e-05 1.7433e-05 2.85765 2.48112e-05 1.40026e-05 3.55145
625 2.73006e-05 1.73262e-05 2.84511 2.49243e-05 1.40584e-05 3.56874
626 2.74595e-05 1.71777e-05 2.85676 2.48283e-05 1.39141e-05 3.53653
627 2.70765e-05 1.7535e-05 2.88402 2.49825e-05 1.40447e-05 3.56699
628 2.72541e-05 1.70956e-05 2.82085 2.50353e-05 1.40268e-05 3.56685
629 2.72074e-05 1.71894e-05 2.84816 2.50442e-05 1.39578e-05 3.55687
630 2.71562e-05 1.74038e-05 2.86253 2.49913e-05 1.40958e-05 3.57968
631 2.7194e-05 1.71568e-05 2.83554 2.49495e-05 1.39237e-05 3.5467
632 2.73843e-05 1.74811e-05 2.87199 2.4838e-05 1.40592e-05 3.56117
633 2.73358e-05 1.72955e-05 2.83135 2.49073e-05 1.39815e-05 3.55061
634 2.70836e-05 1.74252e-05 2.86141 2.50519e-05 1.39824e-05 3.56172
635 2.71053e-05 1.72092e-05 2.82898 2.49921e-05 1.39618e-05 3.55584
636 2.72858e-05 1.71741e-05 2.84248 2.5013e-05 1.39762e-05 3.55778
637 2.70833e-05 1.71582e-05 2.83983 2.5149e-05 1.39665e-05 3.56515
638 2.71721e-05 1.73491e-05 2.83138 2.51166e-05 1.40541e-05 3.57737
639 2.71962e-05 1.73937e-05 2.86508 2.50241e-05 1.39828e-05 3.55876
640 2.72662e-05 1.71737e-05 2.83897 2.48356e-05 1.38927e-05 3.532
641 2.72096e-05 1.72128e-05 2.82593 2.49747e-05 1.40704e-05 3.57323
642 2.70785e-05 1.73199e-05 2.84794 2.50127e-05 1.39919e-05 3.56061
643 2.71082e-05 1.71002e-05 2.78031 2.50676e-05 1.39954e-05 3.56401
644 2.71503e-05 1.73509e-05 2.866 2.50611e-05 1.40593e-05 3.57434
645 2.72944e-05 1.71937e-05 2.81788 2.48575e-05 1.40711e-05 3.56374
646 2.69266e-05 1.71552e-05 2.78635 2.50579e-05 1.39943e-05 3.56483
647 2.72235e-05 1.72236e-05 2.81035 2.49369e-05 1.40187e-05 3.55953
648 2.72589e-05 1.73733e-05 2.83655 2.49931e-05 1.40286e-05 3.56512
649 2.71882e-05 1.70915e-05 2.79945 2.49501e-05 1.40067e-05 3.56159
650 2.69993e-05 1.74585e-05 2.847 2.50379e-05 1.41691e-05 3.59604
651 2.72964e-05 1.71426e-05 2.81442 2.49023e-05 1.39319e-05 3.54644
652 2.71893e-05 1.69779e-05 2.77977 2.48628e-05 1.39952e-05 3.55433
653 2.70913e-05 1.74063e-05 2.83474 2.49291e-05 1.40298e-05 3.56696
654 2.74574e-05 1.70197e-05 2.81689 2.46467e-05 1.38653e-05 3.51932
655 2.70976e-05 1.72349e-05 2.80207 2.48437e-05 1.39267e-05 3.54036
656 2.7118e-05 1.71066e-05 2.81092 2.49893e-05 1.39056e-05 3.54613
657 2.71042e-05 1.72124e-05 2.8229 2.50488e-05 1.39279e-05 3.55329
658 2.71775e-05 1.69096e-05 2.76329 2.49194e-05 1.39204e-05 3.54367
659 2.70544e-05 1.72382e-05 2.80705 2.49997e-05 1.40461e-05 3.56791
660 2.6936e-05 1.71054e-05 2.77499 2.51404e-05 1.40172e-05 3.57434
661 2.73797e-05 1.67311e-05 2.7757 2.49088e-05 1.39617e-05 3.5505
662 2.72328e-05 1.72259e-05 2.82334 2.48642e-05 1.39817e-05 3.55269
663 2.73661e-05 1.69012e-05 2.78792 2.48961e-05 1.39212e-05 3.5416
664 2.71519e-05 1.71917e-05 2.76102 2.48413e-05 1.40238e-05 3.5558
665 2.72632e-05 1.69921e-05 2.78576 2.47841e-05 1.3914e-05 3.53306
666 2.72029e-05 1.68917e-05 2.75752 2.49531e-05 1.39923e-05 3.55411
667 2.74118e-05 1.70077e-05 2.78865 2.47825e-05 1.39531e-05 3.54462
668 2.70545e-05 1.71454e-05 2.77421 2.48174e-05 1.39557e-05 3.54563
669 2.73106e-05 1.6974e-05 2.77617 2.47046e-05 1.38598e-05 3.52161
670 2.71594e-05 1.73884e-05 2.82605 2.48632e-05 1.39894e-05 3.55494
671 2.69598e-05 1.7403e-05 2.82853 2.50423e-05 1.40211e-05 3.56737
672 2.70322e-05 1.7425e-05 2.81897 2.49409e-05 1.40353e-05 3.56604
673 2.72829e-05 1.6852e-05 2.75225 2.47926e-05 1.39534e-05 3.54337
674 2.6994e-05 1.72269e-05 2.79293 2.49875e-05 1.40504e-05 3.57241
675 2.72211e-05 1.7203e-05 2.81919 2.48292e-05 1.39766e-05 3.55027
676 2.71301e-05 1.7152e-05 2.82334 2.50082e-05 1.39092e-05 3.54712
677 2.70037e-05 1.70132e-05 2.78794 2.50904e-05 1.39303e-05 3.55568
678 2.70406e-05 1.71553e-05 2.78312 2.49789e-05 1.40121e-05 3.56236
679 2.7068e-05 1.69791e-05 2.76511 2.48587e-05 1.38593e-05 3.5308
680 2.73696e-05 1.69251e-05 2.74288 2.47196e-05 1.39926e-05 3.5464
681 2.70389e-05 1.71234e-05 2.78475 2.47598e-05 1.38485e-05 3.5258
682 2.7266e-05 1.68808e-05 2.73309 2.4783e-05 1.39164e-05 3.5348
683 2.70039e-05 1.70375e-05 2.75833 2.50918e-05 1.40276e-05 3.57445
684 2.70291e-05 1.70913e-05 2.75179 2.49171e-05 1.3971e-05 3.55222
685 2.70399e-05 1.71025e-05 2.75953 2.49631e-05 1.40071e-05 3.56473
686 2.71313e-05 1.71638e-05 2.74974 2.46817e-05 1.39152e-05 3.53059
687 2.69981e-05 1.71111e-05 2.76808 2.50236e-05 1.39999e-05 3.56517
688 2.70211e-05 1.71556e-05 2.76158 2.48161e-05 1.39788e-05 3.54924
689 2.70821e-05 1.71581e-05 2.74565 2.49296e-05 1.40283e-05 3.56537
690 2.71083e-05 1.67143e-05 2.71418 2.49352e-05 1.38731e-05 3.53773
691 2.71627e-05 1.69384e-05 2.72046 2.49356e-05 1.40411e-05 3.56499
692 2.70631e-05 1.68013e-05 2.73011 2.49992e-05 1.38761e-05 3.5422
693 2.66683e-05 1.73487e-05 2.7893 2.51849e-05 1.4144e-05 3.59915
694 2.70539e-05 1.70576e-05 2.7724 2.49572e-05 1.39225e-05 3.54637
695 2.71407e-05 1.69686e-05 2.75717 2.4908e-05 1.39235e-05 3.54653
696 2.68537e-05 1.71409e-05 2.74709 2.49542e-05 1.39977e-05 3.55743
697 2.67944e-05 1.7086e-05 2.72441 2.50245e-05 1.3999e-05 3.56366
698 2.70588e-05 1.68552e-05 2.75945 2.49408e-05 1.39697e-05 3.5575
699 2.70904e-05 1.69933e-05 2.74277 2.47938e-05 1.39196e-05 3.53756
700 2.71711e-05 1.681e-05 2.73002 2.47255e-05 1.39298e-05 3.53627
701 2.66963e-05 1.72253e-05 2.75055 2.50438e-05 1.40271e-05 3.57132
702 2.69444e-05 1.69766e-05 2.73473 2.50563e-05 1.40504e-05 3.57607
703 2.69023e-05 1.7044e-05 2.74563 2.47833e-05 1.39453e-05 3.54189
704 2.67886e-05 1.71407e-05 2.7589 2.50494e-05 1.40119e-05 3.56906
705 2.70049e-05 1.69136e-05 2.77612 2.50003e-05 1.38968e-05 3.54673
706 2.70877e-05 1.68708e-05 2.71757 2.4889e-05 1.39962e-05 3.55454
707 2.70698e-05 1.69914e-05 2.69865 2.48096e-05 1.41292e-05 3.57637
708 2.6915e-05 1.69512e-05 2.73207 2.5053e-05 1.39309e-05 3.55355
709 2.67634e-05 1.71326e-05 2.74583 2.50897e-05 1.40997e-05 3.58546
710 2.68158e-05 1.71218e-05 2.78122 2.50286e-05 1.3953e-05 3.55846
711 2.68811e-05 1.70689e-05 2.7433 2.48268e-05 1.39974e-05 3.55612
712 2.6922e-05 1.70553e-05 2.75146 2.48692e-05 1.39692e-05 3.54958
713 2.68307e-05 1.67483e-05 2.67668 2.49476e-05 1.40163e-05 3.56305
714 2.67649e-05 1.70747e-05 2.71692 2.50154e-05 1.40239e-05 3.56988
715 2.69477e-05 1.69544e-05 2.70427 2.4896e-05 1.40274e-05 3.56372
716 2.68324e-05 1.69475e-05 2.71638 2.49445e-05 1.39768e-05 3.55728
717 2.69329e-05 1.69474e-05 2.72813 2.48591e-05 1.4022e-05 3.55947
718 2.68122e-05 1.6742e-05 2.6895 2.50555e-05 1.40203e-05 3.57203
719 2.7186e-05 1.70059e-05 2.75186 2.48051e-05 1.39315e-05 3.53919
720 2.70113e-05 1.69935e-05 2.73237 2.48727e-05 1.39865e-05 3.55219
721 2.71483e-05 1.69661e-05 2.71277 2.48287e-05 1.4008e-05 3.55461
722 2.70821e-05 1.71174e-05 2.74539 2.47881e-05 1.39804e-05 3.5479
723 2.67251e-05 1.69415e-05 2.68518 2.4954e-05 1.40587e-05 3.57036
724 2.6625e-05 1.7034e-05 2.71972 2.5084e-05 1.40157e-05 3.57083
725 2.72859e-05 1.69257e-05 2.69706 2.47272e-05 1.40181e-05 3.55067
726 2.70772e-05 1.68688e-05 2.70765 2.48372e-05 1.39678e-05 3.54715
727 2.69954e-05 1.68607e-05 2.69122 2.48309e-05 1.40163e-05 3.55938
728 2.70511e-05 1.69465e-05 2.69342 2.47931e-05 1.3966e-05 3.5453
729 2.67611e-05 1.70842e-05 2.72959 2.49605e-05 1.40459e-05 3.56982
730 2.68957e-05 1.69784e-05 2.69755 2.49733e-05 1.39685e-05 3.55742
731 2.70635e-05 1.69417e-05 2.69535 2.49095e-05 1.39948e-05 3.55536
732 2.69837e-05 1.67133e-05 2.64981 2.48062e-05 1.39552e-05 3.54409
733 2.69186e-05 1.69477e-05 2.71318 2.49015e-05 1.39536e-05 3.54931
734 2.70118e-05 1.68497e-05 2.71656 2.4849e-05 1.39849e-05 3.55199
735 2.6712e-05 1.68296e-05 2.68434 2.50625e-05 1.39525e-05 3.56038
736 2.67217e-05 1.67467e-05 2.6712 2.49544e-05 1.3961e-05 3.55848
737 2.70285e-05 1.70781e-05 2.76237 2.49279e-05 1.39504e-05 3.55215
738 2.6946e-05 1.66436e-05 2.64497 2.47887e-05 1.39367e-05 3.54022
739 2.66137e-05 1.68231e-05 2.68874 2.50595e-05 1.39656e-05 3.56258
740 2.69564e-05 1.6954e-05 2.69222 2.49179e-05 1.4048e-05 3.567
741 2.69947e-05 1.6948e-05 2.71665 2.48375e-05 1.40311e-05 3.55958
742 2.69061e-05 1.71081e-05 2.71427 2.49711e-05 1.40707e-05 3.56997
743 2.68286e-05 1.69423e-05 2.69987 2.47816e-05 1.38929e-05 3.531
744 2.69186e-05 1.7063e-05 2.69594 2.472e-05 1.39189e-05 3.53622
745 2.68686e-05 1.67689e-05 2.68379 2.48951e-05 1.39392e-05 3.5459
746 2.68931e-05 1.70816e-05 2.71211 2.48473e-05 1.40209e-05 3.55952
747 2.67003e-05 1.70948e-05 2.67517 2.48267e-05 1.39833e-05 3.55117
748 2.67269e-05 1.7034e-05 2.7054 2.49716e-05 1.39422e-05 3.55072
749 2.66875e-05 1.70051e-05 2.69121 2.50503e-05 1.40285e-05 3.57172
750 2.66716e-05 1.6869e-05 2.68145 2.50585e-05 1.39394e-05 3.5579
751 2.68242e-05 1.67836e-05 2.65744 2.49817e-05 1.40226e-05 3.56835
752 2.6992e-05 1.66742e-05 2.65143 2.48717e-05 1.3984e-05 3.55253
753 2.70028e-05 1.6564e-05 2.65486 2.48594e-05 1.39118e-05 3.54142
754 2.69725e-05 1.68081e-05 2.65863 2.47086e-05 1.39728e-05 3.54218
755 2.6969e-05 1.69563e-05 2.69237 2.48831e-05 1.39162e-05 3.54401
756 2.70265e-05 1.65797e-05 2.64069 2.49163e-05 1.39276e-05 3.5484
757 2.6776e-05 1.69288e-05 2.68265 2.49345e-05 1.40075e-05 3.56338
758 2.69155e-05 1.6803e-05 2.66354 2.48498e-05 1.39942e-05 3.55498
759 2.67971e-05 1.69926e-05 2.67884 2.49656e-05 1.4029e-05 3.56725
760 2.6808e-05 1.66568e-05 2.64199 2.49329e-05 1.38968e-05 3.54163
761 2.66709e-05 1.69685e-05 2.68018 2.51157e-05 1.40866e-05 3.58494
762 2.68314e-05 1.69073e-05 2.66922 2.49132e-05 1.40033e-05 3.55958
763 2.68094e-05 1.68247e-05 2.67301 2.49294e-05 1.39566e-05 3.55187
764 2.68417e-05 1.65789e-05 2.64957 2.4999e-05 1.39062e-05 3.54701
765 2.69265e-05 1.70103e-05 2.69942 2.48761e-05 1.39891e-05 3.55481
766 2.69209e-05 1.67176e-05 2.64919 2.48217e-05 1.39546e-05 3.54496
767 2.69954e-05 1.69002e-05 2.67286 2.48608e-05 1.39671e-05 3.55008
768 2.67044e-05 1.66176e-05 2.61588 2.48932e-05 1.38827e-05 3.53968
769 2.70786e-05 1.67635e-05 2.67609 2.47729e-05 1.39412e-05 3.54009
770 2.66501e-05 1.65282e-05 2.61633 2.4925e-05 1.39802e-05 3.55563
771 2.68646e-05 1.69296e-05 2.65815 2.47376e-05 1.39684e-05 3.54206
772 2.68037e-05 1.69832e-05 2.67061 2.49001e-05 1.40303e-05 3.56491
773 2.68265e-05 1.68017e-05 2.66222 2.48679e-05 1.39361e-05 3.54438
774 2.67229e-05 1.68878e-05 2.66229 2.48592e-05 1.39991e-05 3.55683
775 2.67427e-05 1.67254e-05 2.64439 2.4895e-05 1.39996e-05 3.55852
776 2.67552e-05 1.70918e-05 2.71339 2.49111e-05 1.39827e-05 3.55501
777 2.66891e-05 1.70103e-05 2.65328 2.49309e-05 1.39792e-05 3.55605
778 2.65322e-05 1.66312e-05 2.61135 2.51088e-05 1.39004e-05 3.55446
779 2.66819e-05 1.69092e-05 2.65297 2.49248e-05 1.39637e-05 3.55691
780 2.65589e-05 1.69106e-05 2.64046 2.49598e-05 1.40474e-05 3.56831
781 2.67463e-05 1.61142e-05 2.56689 2.5068e-05 1.38721e-05 3.54739
782 2.66043e-05 1.70297e-05 2.64128 2.50512e-05 1.40235e-05 3.56927
783 2.67908e-05 1.66919e-05 2.63415 2.48809e-05 1.39968e-05 3.55746
784 2.69808e-05 1.64671e-05 2.63495 2.4793e-05 1.38406e-05 3.52559
785 2.69233e-05 1.66345e-05 2.60949 2.49362e-05 1.39445e-05 3.55055
786 2.6785e-05 1.67023e-05 2.60475 2.48873e-05 1.40109e-05 3.55891
787 2.67244e-05 1.67244e-05 2.63586 2.49665e-05 1.39573e-05 3.55339
788 2.67801e-05 1.66861e-05 2.60819 2.48545e-05 1.40202e-05 3.55821
789 2.6623e-05 1.68558e-05 2.63037 2.50244e-05 1.39938e-05 3.56458
790 2.65136e-05 1.67541e-05 2.64017 2.51202e-05 1.39888e-05 3.56638
791 2.66645e-05 1.65697e-05 2.59338 2.4867e-05 1.39582e-05 3.54953
792 2.67318e-05 1.6751e-05 2.63265 2.49755e-05 1.39716e-05 3.55655
793 2.66312e-05 1.67714e-05 2.60915 2.49154e-05 1.40307e-05 3.56358
794 2.67163e-05 1.66253e-05 2.61857 2.50027e-05 1.39391e-05 3.55604
795 2.67748e-05 1.70524e-05 2.67724 2.48008e-05 1.40332e-05 3.55676
796 2.68392e-05 1.66929e-05 2.61741 2.48736e-05 1.39957e-05 3.55786
797 2.68349e-05 1.65456e-05 2.61674 2.4837e-05 1.3912e-05 3.54042
798 2.67725e-05 1.66219e-05 2.61608 2.49824e-05 1.39052e-05 3.54688
799 2.66103e-05 1.66361e-05 2.61154 2.49892e-05 1.39479e-05 3.55258
800 2.6715e-05 1.68755e-05 2.64116 2.48897e-05 1.40074e-05 3.56253
801 2.66646e-05 1.69111e-05 2.62601 2.49768e-05 1.40502e-05 3.57206
802 2.67359e-05 1.64544e-05 2.59579 2.49247e-05 1.38743e-05 3.5362
803 2.67808e-05 1.68434e-05 2.63605 2.48736e-05 1.40006e-05 3.55718
804 2.6589e-05 1.65432e-05 2.60458 2.51326e-05 1.39475e-05 3.56114
805 2.69135e-05 1.67107e-05 2.60055 2.49016e-05 1.39838e-05 3.5557
806 2.65568e-05 1.6505e-05 2.59764 2.50275e-05 1.39207e-05 3.55182
807 2.65923e-05 1.67837e-05 2.61605 2.50782e-05 1.4071e-05 3.58208
808 2.66792e-05 1.65958e-05 2.61888 2.48637e-05 1.39093e-05 3.53851
809 2.67393e-05 1.68813e-05 2.63013 2.48811e-05 1.39219e-05 3.54385
810 2.66241e-05 1.67306e-05 2.61023 2.50726e-05 1.39584e-05 3.56302
811 2.66911e-05 1.67478e-05 2.594 2.49289e-05 1.40247e-05 3.56499
812 2.65572e-05 1.6743e-05 2.6206 2.49501e-05 1.39746e-05 3.55891
813 2.66475e-05 1.66143e-05 2.59044 2.49082e-05 1.39173e-05 3.54668
814 2.67364e-05 1.6826e-05 2.6531 2.49622e-05 1.394e-05 3.55272
815 2.66139e-05 1.67084e-05 2.5829 2.50065e-05 1.4027e-05 3.56858
816 2.66619e-05 1.65879e-05 2.6127 2.49646e-05 1.38834e-05 3.54403
817 2.70353e-05 1.65503e-05 2.58464 2.46908e-05 1.39691e-05 3.53982
818 2.68021e-05 1.69062e-05 2.61027 2.47994e-05 1.3988e-05 3.55043
819 2.64156e-05 1.69851e-05 2.62184 2.50966e-05 1.40834e-05 3.58483
820 2.65671e-05 1.68779e-05 2.61001 2.49893e-05 1.40397e-05 3.57022
821 2.66597e-05 1.66257e-05 2.58001 2.49749e-05 1.39405e-05 3.55377
822 2.66194e-05 1.68129e-05 2.60276 2.48807e-05 1.40069e-05 3.56005
823 2.673e-05 1.68666e-05 2.6361 2.48148e-05 1.39718e-05 3.54816
824 2.67482e-05 1.67687e-05 2.61277 2.49207e-05 1.4006e-05 3.56221
825 2.65938e-05 1.67224e-05 2.59455 2.48837e-05 1.39699e-05 3.55636
826 2.65692e-05 1.65681e-05 2.54426 2.50066e-05 1.39803e-05 3.56169
827 2.65741e-05 1.66878e-05 2.60341 2.506e-05 1.39561e-05 3.56181
828 2.65211e-05 1.659e-05 2.57496 2.49381e-05 1.39367e-05 3.5542
829 2.6622e-05 1.6663e-05 2.59229 2.50089e-05 1.39684e-05 3.56034
830 2.67453e-05 1.69434e-05 2.61441 2.4837e-05 1.40138e-05 3.55824
831 2.63499e-05 1.68851e-05 2.58367 2.50345e-05 1.39607e-05 3.55841
832 2.66062e-05 1.65713e-05 2.58985 2.49776e-05 1.39736e-05 3.55929
833 2.63693e-05 1.67061e-05 2.58572 2.50422e-05 1.39789e-05 3.56555
834 2.67077e-05 1.66653e-05 2.5667 2.48739e-05 1.39568e-05 3.54979
835 2.67903e-05 1.63525e-05 2.5548 2.47259e-05 1.39068e-05 3.5356
836 2.6704e-05 1.654e-05 2.57905 2.49934e-05 1.3959e-05 3.55749
837 2.66968e-05 1.65092e-05 2.54924 2.47111e-05 1.38954e-05 3.53058
838 2.65433e-05 1.65948e-05 2.57239 2.50522e-05 1.40317e-05 3.57253
839 2.67162e-05 1.64797e-05 2.56904 2.48938e-05 1.39338e-05 3.5468
840 2.65675e-05 1.64175e-05 2.54241 2.50332e-05 1.39722e-05 3.56107
841 2.64915e-05 1.64479e-05 2.53766 2.49898e-05 1.39309e-05 3.55436
842 2.63764e-05 1.68695e-05 2.57503 2.50121e-05 1.4053e-05 3.57623
843 2.66028e-05 1.65065e-05 2.5482 2.49559e-05 1.39765e-05 3.55902
844 2.66419e-05 1.65205e-05 2.55836 2.50273e-05 1.40111e-05 3.56995
845 2.66657e-05 1.65663e-05 2.55906 2.49033e-05 1.39982e-05 3.55881
846 2.66361e-05 1.66063e-05 2.54573 2.4951e-05 1.40002e-05 3.5633
847 2.65009e-05 1.64296e-05 2.53145 2.50244e-05 1.39369e-05 3.55482
848 2.67223e-05 1.67795e-05 2.60619 2.49886e-05 1.40047e-05 3.56383
849 2.6746e-05 1.65496e-05 2.55113 2.47743e-05 1.39398e-05 3.54055
850 2.66861e-05 1.65148e-05 2.55254 2.49567e-05 1.39628e-05 3.5564
851 2.67463e-05 1.63745e-05 2.5248 2.48057e-05 1.38634e-05 3.52974
852 2.6791e-05 1.66305e-05 2.54752 2.4842e-05 1.39797e-05 3.55286
853 2.64202e-05 1.64847e-05 2.56279 2.49988e-05 1.39291e-05 3.55298
854 2.66297e-05 1.6626e-05 2.56654 2.48945e-05 1.39932e-05 3.55746
855 2.65932e-05 1.67392e-05 2.56609 2.48808e-05 1.40399e-05 3.566
856 2.65732e-05 1.652e-05 2.56355 2.49417e-05 1.3975e-05 3.55675
857 2.66933e-05 1.66215e-05 2.54974 2.4823e-05 1.39126e-05 3.54095
858 2.65961e-05 1.63592e-05 2.53566 2.49391e-05 1.39558e-05 3.55272
859 2.63584e-05 1.64413e-05 2.52758 2.50236e-05 1.39894e-05 3.56452
860 2.65567e-05 1.66042e-05 2.56358 2.5027e-05 1.40371e-05 3.57148
861 2.65929e-05 1.62756e-05 2.51304 2.49154e-05 1.39757e-05 3.55617
862 2.65437e-05 1.65816e-05 2.54975 2.48322e-05 1.39713e-05 3.55231
863 2.65297e-05 1.6445e-05 2.53831 2.49532e-05 1.39147e-05 3.54703
864 2.64666e-05 1.68013e-05 2.58619 2.49259e-05 1.39518e-05 3.5527
865 2.64813e-05 1.64421e-05 2.52102 2.50481e-05 1.40307e-05 3.57346
866 2.66108e-05 1.67073e-05 2.55446 2.49606e-05 1.40815e-05 3.57557
867 2.67657e-05 1.6523e-05 2.53913 2.48715e-05 1.40014e-05 3.55667
868 2.63321e-05 1.66993e-05 2.55378 2.5053e-05 1.40414e-05 3.57361
869 2.64425e-05 1.67726e-05 2.55536 2.50149e-05 1.40263e-05 3.56787
870 2.65752e-05 1.66398e-05 2.52765 2.49124e-05 1.3886e-05 3.54151
871 2.65762e-05 1.65473e-05 2.54301 2.50074e-05 1.39892e-05 3.56212
872 2.67266e-05 1.6666e-05 2.59334 2.49174e-05 1.38943e-05 3.54314
873 2.64164e-05 1.66062e-05 2.54132 2.49924e-05 1.3939e-05 3.55495
874 2.6534e-05 1.66957e-05 2.57042 2.48877e-05 1.40328e-05 3.56401
875 2.63974e-05 1.65984e-05 2.50885 2.49815e-05 1.3988e-05 3.56212
876 2.65017e-05 1.64968e-05 2.53483 2.49183e-05 1.39804e-05 3.55564
877 2.66359e-05 1.63876e-05 2.50157 2.49413e-05 1.39336e-05 3.55073
878 2.67186e-05 1.6307e-05 2.49206 2.48131e-05 1.39801e-05 3.55058
879 2.65317e-05 1.64166e-05 2.51811 2.49103e-05 1.39479e-05 3.54996
880 2.66626e-05 1.62497e-05 2.4771 2.48593e-05 1.39776e-05 3.55198
881 2.66122e-05 1.64281e-05 2.5483 2.49367e-05 1.3918e-05 3.54715
882 2.66144e-05 1.66073e-05 2.56762 2.4774e-05 1.39179e-05 3.53704
883 2.66576e-05 1.64919e-05 2.53349 2.48302e-05 1.39606e-05 3.54657
884 2.63734e-05 1.64109e-05 2.52571 2.48801e-05 1.39942e-05 3.55848
885 2.65605e-05 1.64682e-05 2.53598 2.49604e-05 1.39464e-05 3.55148
886 2.64643e-05 1.63361e-05 2.4797 2.50284e-05 1.39256e-05 3.5545
887 2.65276e-05 1.65585e-05 2.52221 2.48962e-05 1.39251e-05 3.54685
888 2.66801e-05 1.63319e-05 2.49473 2.48159e-05 1.39036e-05 3.5374
889 2.64526e-05 1.63831e-05 2.49159 2.49571e-05 1.40494e-05 3.571
890 2.64994e-05 1.65754e-05 2.52733 2.48944e-05 1.39438e-05 3.55052
891 2.63386e-05 1.67445e-05 2.52973 2.50481e-05 1.40558e-05 3.57829
892 2.66827e-05 1.64505e-05 2.48969 2.47785e-05 1.39434e-05 3.54242
893 2.65565e-05 1.66031e-05 2.53876 2.48888e-05 1.39924e-05 3.55581
894 2.64336e-05 1.64891e-05 2.51534 2.47809e-05 1.39319e-05 3.53948
895 2.65796e-05 1.64377e-05 2.5189 2.47952e-05 1.38811e-05 3.53225
896 2.65337e-05 1.66973e-05 2.53694 2.49171e-05 1.39818e-05 3.55551
897 2.64807e-05 1.63655e-05 2.48392 2.49861e-05 1.39781e-05 3.56117
898 2.64119e-05 1.65591e-05 2.51649 2.49769e-05 1.39237e-05 3.54907
899 2.67126e-05 1.63706e-05 2.50275 2.46929e-05 1.38818e-05 3.52952
900 2.64395e-05 1.65531e-05 2.51665 2.49932e-05 1.40302e-05 3.57128
901 2.64977e-05 1.63075e-05 2.47522 2.50222e-05 1.39847e-05 3.56361
902 2.66055e-05 1.63141e-05 2.48889 2.47717e-05 1.38786e-05 3.53227
903 2.63886e-05 1.681e-05 2.51814 2.50217e-05 1.4057e-05 3.57401
904 2.65146e-05 1.65012e-05 2.50729 2.48955e-05 1.39673e-05 3.55346
905 2.65374e-05 1.65948e-05 2.50352 2.49597e-05 1.40269e-05 3.56552
906 2.64995e-05 1.6302e-05 2.4626 2.48612e-05 1.39139e-05 3.5422
907 2.65386e-05 1.60629e-05 2.45359 2.49229e-05 1.39108e-05 3.54518
908 2.65658e-05 1.6227e-05 2.45492 2.48916e-05 1.38825e-05 3.54113
909 2.64527e-05 1.65582e-05 2.50278 2.50574e-05 1.40234e-05 3.56958
910 2.66409e-05 1.6448e-05 2.51302 2.48135e-05 1.38816e-05 3.53255
911 2.65682e-05 1.65256e-05 2.5298 2.48981e-05 1.39771e-05 3.55523
912 2.65834e-05 1.65587e-05 2.51145 2.49787e-05 1.40056e-05 3.56377
913 2.65909e-05 1.63225e-05 2.45669 2.49224e-05 1.39817e-05 3.55751
914 2.62595e-05 1.66133e-05 2.49801 2.50973e-05 1.39969e-05 3.5707
915 2.67172e-05 1.62419e-05 2.47951 2.48973e-05 1.39074e-05 3.54261
916 2.63436e-05 1.62994e-05 2.47784 2.50656e-05 1.40144e-05 3.57152
917 2.64378e-05 1.65927e-05 2.50886 2.49812e-05 1.40435e-05 3.5733
918 2.61704e-05 1.64917e-05 2.48265 2.51259e-05 1.3993e-05 3.56883
919 2.65997e-05 1.64585e-05 2.49801 2.4851e-05 1.39622e-05 3.54904
920 2.66772e-05 1.63259e-05 2.48295 2.49316e-05 1.39725e-05 3.55484
921 2.65993e-05 1.64679e-05 2.49708 2.4928e-05 1.39412e-05 3.55139
922 2.6326e-05 1.63798e-05 2.47855 2.50578e-05 1.40084e-05 3.57136
923 2.63729e-05 1.64194e-05 2.47427 2.49281e-05 1.39386e-05 3.55005
924 2.65394e-05 1.64652e-05 2.44952 2.48487e-05 1.39422e-05 3.54544
925 2.63395e-05 1.65236e-05 2.5082 2.49827e-05 1.39201e-05 3.54928
926 2.67602e-05 1.61124e-05 2.44473 2.47712e-05 1.39153e-05 3.53918
927 2.65202e-05 1.6356e-05 2.45942 2.49938e-05 1.39842e-05 3.56306
928 2.65918e-05 1.64232e-05 2.48419 2.49013e-05 1.3999e-05 3.55898
929 2.64531e-05 1.6349e-05 2.46867 2.50075e-05 1.39091e-05 3.54881
930 2.64999e-05 1.6449e-05 2.47572 2.48261e-05 1.39778e-05 3.55171
931 2.66385e-05 1.63016e-05 2.47551 2.49239e-05 1.39252e-05 3.54885
932 2.64605e-05 1.6565e-05 2.47143 2.49806e-05 1.4017e-05 3.56651
933 2.64621e-05 1.6122e-05 2.44864 2.49339e-05 1.38608e-05 3.53554
934 2.64727e-05 1.64493e-05 2.47347 2.48509e-05 1.39059e-05 3.54021
935 2.63345e-05 1.65602e-05 2.48016 2.49417e-05 1.39967e-05 3.56147
936 2.64767e-05 1.63186e-05 2.46761 2.48319e-05 1.39268e-05 3.5443
937 2.64812e-05 1.64351e-05 2.4678 2.49262e-05 1.39889e-05 3.5578
938 2.63815e-05 1.64589e-05 2.497 2.49322e-05 1.39329e-05 3.54908
939 2.64135e-05 1.63324e-05 2.45157 2.48855e-05 1.39505e-05 3.54934
940 2.63115e-05 1.63605e-05 2.44356 2.49523e-05 1.40118e-05 3.56221
941 2.63625e-05 1.67108e-05 2.4948 2.49769e-05 1.40593e-05 3.57539
942 2.63502e-05 1.63782e-05 2.45518 2.51036e-05 1.40021e-05 3.57152
943 2.67171e-05 1.65367e-05 2.46997 2.49229e-05 1.39973e-05 3.55869
944 2.62875e-05 1.63846e-05 2.45323 2.50464e-05 1.39582e-05 3.56068
945 2.62426e-05 1.64521e-05 2.47745 2.50917e-05 1.39896e-05 3.56879
946 2.63697e-05 1.64676e-05 2.48292 2.49279e-05 1.39688e-05 3.55724
947 2.62927e-05 1.62811e-05 2.44728 2.50817e-05 1.39257e-05 3.55748
948 2.64824e-05 1.62158e-05 2.4453 2.48265e-05 1.38964e-05 3.53634
949 2.62228e-05 1.63852e-05 2.46648 2.49225e-05 1.3944e-05 3.55026
950 2.62909e-05 1.64458e-05 2.4867 2.51219e-05 1.39972e-05 3.57337
951 2.61313e-05 1.64048e-05 2.46717 2.50314e-05 1.4008e-05 3.56906
952 2.65421e-05 1.6423e-05 2.47507 2.47829e-05 1.38828e-05 3.53355
953 2.64027e-05 1.63964e-05 2.47213 2.49393e-05 1.39686e-05 3.55589
954 2.63795e-05 1.64125e-05 2.43876 2.4864e-05 1.3954e-05 3.54964
955 2.61393e-05 1.64412e-05 2.43509 2.50486e-05 1.40219e-05 3.57313
956 2.62747e-05 1.62581e-05 2.44396 2.49957e-05 1.39693e-05 3.55895
957 2.6245e-05 1.64614e-05 2.45891 2.48959e-05 1.3957e-05 3.55078
958 2.64139e-05 1.66524e-05 2.49685 2.48755e-05 1.39765e-05 3.55463
959 2.64399e-05 1.6472e-05 2.4855 2.49012e-05 1.39403e-05 3.54893
960 2.66118e-05 1.6031e-05 2.40594 2.47258e-05 1.3894e-05 3.52989
961 2.63234e-05 1.65328e-05 2.46765 2.50289e-05 1.39837e-05 3.5664
962 2.62389e-05 1.63935e-05 2.46895 2.49816e-05 1.3978e-05 3.55966
963 2.62855e-05 1.6403e-05 2.44645 2.49565e-05 1.40422e-05 3.57175
964 2.63605e-05 1.65598e-05 2.4639 2.50067e-05 1.40086e-05 3.56648
965 2.64748e-05 1.61637e-05 2.4319 2.49837e-05 1.39311e-05 3.55214
966 2.63466e-05 1.63867e-05 2.44399 2.48933e-05 1.39632e-05 3.55423
967 2.63152e-05 1.67952e-05 2.49361 2.49644e-05 1.40618e-05 3.5759
968 2.62976e-05 1.6483e-05 2.45616 2.49585e-05 1.40289e-05 3.5682
969 2.65009e-05 1.63947e-05 2.43264 2.49096e-05 1.39475e-05 3.55038
970 2.6442e-05 1.62995e-05 2.42235 2.49744e-05 1.4005e-05 3.56417
971 2.64855e-05 1.63671e-05 2.4395 2.48105e-05 1.38899e-05 3.53575
972 2.65669e-05 1.61869e-05 2.43448 2.48739e-05 1.39595e-05 3.55233
973 2.64613e-05 1.62857e-05 2.43912 2.48425e-05 1.39371e-05 3.54537
974 2.64398e-05 1.64319e-05 2.44055 2.48896e-05 1.40215e-05 3.56481
975 2.63746e-05 1.6353e-05 2.43663 2.49287e-05 1.39823e-05 3.55784
976 2.64685e-05 1.61742e-05 2.42301 2.49313e-05 1.39645e-05 3.55495
977 2.62411e-05 1.62539e-05 2.4174 2.49665e-05 1.3959e-05 3.55626
978 2.66674e-05 1.59826e-05 2.39486 2.47556e-05 1.38452e-05 3.52395
979 2.64234e-05 1.63839e-05 2.42709 2.48638e-05 1.39371e-05 3.5459
980 2.61834e-05 1.64841e-05 2.46862 2.49124e-05 1.39437e-05 3.55037
981 2.64465e-05 1.61817e-05 2.40899 2.48928e-05 1.39589e-05 3.55347
982 2.60596e-05 1.62361e-05 2.41637 2.50846e-05 1.39311e-05 3.55847
983 2.64441e-05 1.6188e-05 2.41041 2.49212e-05 1.39645e-05 3.55469
984 2.63386e-05 1.61711e-05 2.41221 2.49967e-05 1.40296e-05 3.57128
985 2.6441e-05 1.62264e-05 2.4152 2.48541e-05 1.39685e-05 3.55085
986 2.62977e-05 1.62861e-05 2.41216 2.50025e-05 1.39277e-05 3.55192
987 2.64687e-05 1.63086e-05 2.42249 2.48251e-05 1.39647e-05 3.54757
988 2.64356e-05 1.61505e-05 2.39563 2.4889e-05 1.39505e-05 3.54943
989 2.65115e-05 1.62958e-05 2.40925 2.4881e-05 1.39586e-05 3.55177
990 2.63553e-05 1.61503e-05 2.42189 2.49835e-05 1.39004e-05 3.54547
991 2.6415e-05 1.64731e-05 2.44322 2.4802e-05 1.39929e-05 3.55305
992 2.61288e-05 1.65523e-05 2.42176 2.50312e-05 1.39985e-05 3.56775
993 2.64445e-05 1.62805e-05 2.4045 2.4841e-05 1.39736e-05 3.54995
994 2.63935e-05 1.62788e-05 2.44456 2.48848e-05 1.39043e-05 3.54204
995 2.62192e-05 1.614e-05 2.38868 2.49078e-05 1.39327e-05 3.54925
996 2.64276e-05 1.60982e-05 2.3991 2.48768e-05 1.39255e-05 3.54458
997 2.61345e-05 1.61286e-05 2.40389 2.50909e-05 1.39463e-05 3.56148
998 2.66215e-05 1.60613e-05 2.39732 2.47302e-05 1.38725e-05 3.52701
999 2.6163e-05 1.6452e-05 2.42954 2.49945e-05 1.39247e-05 3.5514
1000 2.64504e-05 1.60903e-05 2.38045 2.49109e-05 1.38816e-05 3.53893
