# ../optics --mode=conv_modified_vs_classical --conv-start=10 --conv-end=1000 --values-start=0.5 --values-end=1 --repetitions=1000 --xsigma=2 --output-file=comparison_1000_32_1000_xsigma2.txt --multiplier=32 ldata.txt
10 8.71937e-05 7.35782e-05 13.5868 5.71222e-05 4.41669e-05 8.68744
11 20.7511 6.84012e-05 12.7056 5.0369e-05 3.89683e-05 7.57231
12 6.7485e-05 6.25779e-05 11.6543 4.92002e-05 3.63215e-05 7.1852
13 6.70093e-05 6.30566e-05 11.994 4.80702e-05 3.47349e-05 7.05672
14 0.0471613 0.0471629 7251.14 4.25351e-05 3.23381e-05 6.23239
15 5.48773e-05 5.71551e-05 10.7807 4.00605e-05 3.1823e-05 6.15781
16 5.94091e-05 5.4963e-05 10.2853 4.06933e-05 3.06511e-05 6.02114
17 5.29964e-05 5.6093e-05 10.4998 4.102e-05 2.99308e-05 6.02909
18 4.8043e-05 5.34969e-05 9.8659 3.83403e-05 2.92973e-05 5.68263
19 4.73675e-05 5.46571e-05 9.92042 3.64355e-05 2.88867e-05 5.57106
20 4.75631e-05 5.11435e-05 9.65781 3.60594e-05 2.6774e-05 5.39597
21 4.34833e-05 5.3964e-05 9.77352 3.39206e-05 2.71862e-05 5.26051
22 4.40317e-05 4.67769e-05 8.83178 3.51802e-05 2.60404e-05 5.23844
23 4.07056e-05 4.76442e-05 8.64877 3.15419e-05 2.47093e-05 4.75591
24 4.13039e-05 4.71693e-05 8.64948 3.21673e-05 2.50566e-05 4.91307
25 3.94043e-05 4.57459e-05 8.37749 3.12217e-05 2.39241e-05 4.70308
26 3.93035e-05 4.60462e-05 8.41469 3.20116e-05 2.37971e-05 4.66727
27 3.80793e-05 4.30622e-05 7.8888 3.14553e-05 2.28459e-05 4.50644
28 3.7801e-05 4.25646e-05 7.73312 3.11254e-05 2.22024e-05 4.30012
29 3.58371e-05 4.23865e-05 7.74588 2.95147e-05 2.20692e-05 4.27294
30 3.58029e-05 4.32046e-05 7.82723 2.82551e-05 2.22922e-05 4.29066
31 3.35627e-05 4.35252e-05 7.94724 2.73461e-05 2.15826e-05 4.23929
32 3.32243e-05 3.94288e-05 7.199 2.78709e-05 2.09117e-05 4.14212
33 3.28074e-05 3.87575e-05 7.02509 2.73401e-05 2.05979e-05 4.00932
34 3.32678e-05 4.00298e-05 7.3537 2.70006e-05 2.04591e-05 3.98473
35 3.15654e-05 4.03148e-05 7.19288 2.52275e-05 2.07809e-05 3.92025
36 3.30744e-05 4.01271e-05 7.33297 2.69037e-05 2.03346e-05 3.97585
37 3.21588e-05 3.85648e-05 6.96341 2.55323e-05 1.96497e-05 3.74196
38 3.16638e-05 4.05731e-05 7.25705 2.52497e-05 1.96075e-05 3.79302
39 3.06441e-05 3.99563e-05 7.31878 2.45486e-05 1.93278e-05 3.72273
40 3.16263e-05 4.13731e-05 7.44791 2.4835e-05 2.08695e-05 3.95634
41 2.89797e-05 3.762e-05 6.70943 2.35211e-05 1.95624e-05 3.65108
42 3.04498e-05 3.69565e-05 6.70851 2.46162e-05 1.91741e-05 3.62194
43 2.93959e-05 3.6762e-05 6.72083 2.3769e-05 1.77838e-05 3.40898
44 2.86486e-05 3.64925e-05 6.51761 2.2599e-05 1.8163e-05 3.38483
45 2.92592e-05 3.76175e-05 6.75056 2.36557e-05 1.79521e-05 3.39263
46 2.82261e-05 3.6323e-05 6.49595 2.35901e-05 1.76394e-05 3.40808
47 2.71837e-05 3.60857e-05 6.46804 2.25029e-05 1.79635e-05 3.39473
48 2.76174e-05 3.67739e-05 6.51021 2.22983e-05 1.74183e-05 3.26512
49 2.76896e-05 3.54686e-05 6.41205 2.24113e-05 1.71952e-05 3.26206
50 2.76102e-05 3.75187e-05 6.60477 2.17786e-05 1.76872e-05 3.24686
51 2.80249e-05 3.46726e-05 6.27019 2.1801e-05 1.73842e-05 3.32598
52 2.69922e-05 3.44484e-05 6.24314 2.20085e-05 1.71721e-05 3.30096
53 2.66523e-05 3.40116e-05 6.06561 2.16807e-05 1.63214e-05 3.0415
54 2.48566e-05 3.38689e-05 6.03253 2.07428e-05 1.59865e-05 3.0554
55 2.53128e-05 3.47646e-05 6.17034 2.07866e-05 1.68349e-05 3.10668
56 2.48235e-05 3.33697e-05 5.89404 2.05254e-05 1.62893e-05 3.05404
57 2.499e-05 3.45577e-05 6.1375 2.05381e-05 1.71666e-05 3.16429
58 2.43428e-05 3.41079e-05 6.07828 1.98644e-05 1.63145e-05 3.10404
59 2.42054e-05 3.33161e-05 5.89126 2.03023e-05 1.56548e-05 2.97653
60 2.47838e-05 3.34077e-05 5.92491 2.00023e-05 1.61873e-05 3.02189
61 2.51831e-05 3.3969e-05 6.05912 2.04237e-05 1.61793e-05 3.08046
62 2.3451e-05 3.34189e-05 5.87487 1.97823e-05 1.60181e-05 2.96198
63 2.46274e-05 3.16888e-05 5.74617 2.0225e-05 1.57593e-05 2.99755
64 2.47839e-05 3.10117e-05 5.53667 1.94799e-05 1.53555e-05 2.78595
65 2.33574e-05 3.10144e-05 5.54626 1.9764e-05 1.53926e-05 2.90255
66 2.34395e-05 3.5348e-05 6.20189 1.88002e-05 1.66419e-05 3.02474
67 2.32741e-05 3.13638e-05 5.62683 1.93526e-05 1.51819e-05 2.79797
68 2.28869e-05 3.03517e-05 5.3746 1.84297e-05 1.48485e-05 2.75532
69 2.2114e-05 3.15531e-05 5.68459 1.87653e-05 1.52326e-05 2.86192
70 2.18675e-05 3.14582e-05 5.51989 1.78477e-05 1.5441e-05 2.77866
71 2.25406e-05 3.12078e-05 5.55505 1.81511e-05 1.43972e-05 2.64766
72 2.32636e-05 3.26705e-05 5.73242 1.91873e-05 1.4841e-05 2.72357
73 2.2073e-05 2.9809e-05 5.32633 1.8204e-05 1.47237e-05 2.81157
74 2.29868e-05 3.2212e-05 5.6784 1.82895e-05 1.54415e-05 2.83354
75 2.2112e-05 3.07639e-05 5.42217 1.85545e-05 1.43988e-05 2.63031
76 2.20036e-05 2.81422e-05 5.01549 1.80482e-05 1.40488e-05 2.62543
77 2.1848e-05 3.06797e-05 5.40654 1.8109e-05 1.37671e-05 2.57799
78 2.20379e-05 3.12693e-05 5.60855 1.7596e-05 1.44823e-05 2.64682
79 2.16329e-05 3.02867e-05 5.33872 1.71582e-05 1.4365e-05 2.60407
80 2.11377e-05 3.20587e-05 5.60891 1.75478e-05 1.49349e-05 2.71492
81 2.14007e-05 2.96012e-05 5.22934 1.73602e-05 1.38469e-05 2.52472
82 2.17464e-05 2.97624e-05 5.30074 1.78453e-05 1.35366e-05 2.51326
83 2.0268e-05 2.94112e-05 5.2465 1.70587e-05 1.35332e-05 2.54582
84 2.13708e-05 2.89412e-05 5.15779 1.7188e-05 1.424e-05 2.58765
85 2.08451e-05 2.92762e-05 5.17769 1.70971e-05 1.38006e-05 2.55853
86 1.98467e-05 2.91475e-05 5.02932 1.6558e-05 1.40441e-05 2.49812
87 2.00513e-05 2.97061e-05 5.28003 1.62113e-05 1.40845e-05 2.5653
88 2.02667e-05 2.93466e-05 5.1816 1.62643e-05 1.37543e-05 2.49399
89 2.0153e-05 3.03693e-05 5.38096 1.62447e-05 1.41518e-05 2.60599
90 2.0475e-05 3.02452e-05 5.32405 1.67658e-05 1.35786e-05 2.45654
91 2.01977e-05 2.94648e-05 5.24827 1.65163e-05 1.36199e-05 2.48305
92 1.9074e-05 2.79631e-05 4.88816 1.52435e-05 1.30819e-05 2.3097
93 2.01052e-05 2.92476e-05 5.2408 1.58496e-05 1.30707e-05 2.38029
94 2.01552e-05 3.13476e-05 5.5518 1.57436e-05 1.34947e-05 2.45117
95 1.91306e-05 2.86905e-05 5.13255 1.56906e-05 1.30828e-05 2.42088
96 1.9508e-05 2.90606e-05 5.15901 1.56038e-05 1.37016e-05 2.45719
97 1.94389e-05 2.91531e-05 5.20644 1.55062e-05 1.27074e-05 2.33206
98 1.88662e-05 2.92971e-05 5.1198 1.5019e-05 1.3083e-05 2.37339
99 1.90699e-05 2.9222e-05 5.10171 1.5588e-05 1.31545e-05 2.32859
100 1.92855e-05 3.07913e-05 5.39664 1.5139e-05 1.33458e-05 2.35782
101 1.92822e-05 2.82737e-05 4.98036 1.58306e-05 1.3005e-05 2.39906
102 1.9209e-05 2.81778e-05 5.08256 1.59051e-05 1.26032e-05 2.37704
103 1.91377e-05 2.92491e-05 5.02234 1.56225e-05 1.34404e-05 2.34857
104 1.94768e-05 3.00817e-05 5.22251 1.61135e-05 1.33883e-05 2.40638
105 1.96291e-05 2.67619e-05 4.74375 1.53064e-05 1.25378e-05 2.22358
106 1.84257e-05 2.71354e-05 4.7273 1.50519e-05 1.21226e-05 2.15661
107 1.77311e-05 2.48711e-05 4.38314 1.40965e-05 1.19896e-05 2.14735
108 1.90525e-05 2.77822e-05 4.97981 1.53605e-05 1.23641e-05 2.2723
109 1.80693e-05 2.81123e-05 4.86044 1.49758e-05 1.32056e-05 2.34962
110 1.89765e-05 2.92431e-05 5.13673 1.50332e-05 1.26924e-05 2.24348
111 1.78367e-05 3.01051e-05 5.19322 1.46266e-05 1.31898e-05 2.3008
112 1.84266e-05 2.88426e-05 5.03151 1.46551e-05 1.23512e-05 2.20516
113 1.78951e-05 2.55539e-05 4.47649 1.47742e-05 1.21217e-05 2.16101
114 1.85544e-05 2.85365e-05 5.04094 1.45412e-05 1.2753e-05 2.27603
115 1.71088e-05 2.73667e-05 4.76378 1.37234e-05 1.27554e-05 2.23942
116 1.86078e-05 2.74466e-05 4.80435 1.44693e-05 1.22172e-05 2.19809
117 1.87019e-05 2.90539e-05 5.05987 1.51957e-05 1.26344e-05 2.25554
118 1.79295e-05 2.7632e-05 4.80929 1.44325e-05 1.28091e-05 2.24195
119 1.69406e-05 2.88729e-05 4.98212 1.3877e-05 1.23531e-05 2.12982
120 1.85888e-05 2.83341e-05 5.01407 1.44556e-05 1.23365e-05 2.17302
121 1.75686e-05 2.70925e-05 4.7544 1.39294e-05 1.222e-05 2.14506
122 1.78236e-05 2.74305e-05 4.77477 1.40126e-05 1.21277e-05 2.11471
123 1.75244e-05 2.80862e-05 4.87931 1.36406e-05 1.26338e-05 2.20504
124 1.79641e-05 2.74493e-05 4.81316 1.42195e-05 1.24076e-05 2.21051
125 1.78879e-05 2.71935e-05 4.7782 1.42842e-05 1.20247e-05 2.14848
126 1.83664e-05 2.95919e-05 5.12586 1.44275e-05 1.27626e-05 2.21202
127 1.71486e-05 2.76222e-05 4.84056 1.37367e-05 1.21857e-05 2.1718
128 1.71312e-05 2.63353e-05 4.66051 1.35628e-05 1.19663e-05 2.11997
129 1.77455e-05 2.68994e-05 4.6744 1.39535e-05 1.20402e-05 2.12641
130 1.73897e-05 2.74724e-05 4.67747 1.41515e-05 1.20048e-05 2.04675
131 1.67792e-05 2.75302e-05 4.7022 1.4039e-05 1.20505e-05 2.06512
132 1.71695e-05 2.6274e-05 4.52585 1.3872e-05 1.18034e-05 2.0748
133 1.71232e-05 2.78485e-05 4.82791 1.38703e-05 1.17218e-05 2.06278
134 1.65976e-05 2.80828e-05 4.9284 1.32218e-05 1.23504e-05 2.13246
135 1.73947e-05 2.74438e-05 4.77093 1.40416e-05 1.15252e-05 2.00084
136 1.7144e-05 2.65116e-05 4.56512 1.36278e-05 1.2097e-05 2.0811
137 1.68973e-05 2.84953e-05 4.92744 1.36943e-05 1.23269e-05 2.11419
138 1.5794e-05 2.82035e-05 4.83846 1.30131e-05 1.2285e-05 2.08677
139 1.65027e-05 2.62275e-05 4.62183 1.31111e-05 1.18374e-05 2.0917
140 1.65091e-05 2.70675e-05 4.61594 1.32232e-05 1.22391e-05 2.06082
141 1.595e-05 2.62168e-05 4.51386 1.30201e-05 1.17993e-05 2.04787
142 1.66521e-05 2.7415e-05 4.72308 1.31875e-05 1.1901e-05 2.05392
143 1.62947e-05 2.59112e-05 4.54238 1.32497e-05 1.18982e-05 2.10547
144 1.62212e-05 2.72036e-05 4.69985 1.31876e-05 1.1777e-05 2.06689
145 1.62227e-05 2.54746e-05 4.49219 1.27567e-05 1.1216e-05 1.95016
146 1.5973e-05 2.63226e-05 4.47289 1.304e-05 1.14837e-05 1.9382
147 1.67623e-05 2.67485e-05 4.66682 1.35106e-05 1.12989e-05 2.01759
148 1.65869e-05 2.57813e-05 4.4673 1.35933e-05 1.15859e-05 2.01647
149 1.61333e-05 2.48844e-05 4.27857 1.27216e-05 1.14235e-05 1.94812
150 1.61412e-05 2.59975e-05 4.47018 1.27391e-05 1.08708e-05 1.87087
151 1.59946e-05 2.67374e-05 4.61967 1.25069e-05 1.16082e-05 1.97789
152 1.65902e-05 2.66101e-05 4.57103 1.28749e-05 1.15974e-05 1.95131
153 1.5941e-05 2.66002e-05 4.56616 1.30862e-05 1.15194e-05 1.99743
154 1.57387e-05 2.5048e-05 4.32031 1.21648e-05 1.11456e-05 1.90156
155 1.63711e-05 2.66334e-05 4.60975 1.31991e-05 1.17048e-05 2.03003
156 1.57692e-05 2.53992e-05 4.3911 1.26977e-05 1.10609e-05 1.9494
157 1.621e-05 2.53962e-05 4.37441 1.28055e-05 1.09437e-05 1.88567
158 1.59335e-05 2.68792e-05 4.60353 1.2513e-05 1.15677e-05 1.94853
159 1.55022e-05 2.62289e-05 4.5866 1.22146e-05 1.10924e-05 1.91218
160 1.58165e-05 2.59039e-05 4.46447 1.2587e-05 1.12131e-05 1.89822
161 1.53227e-05 2.5893e-05 4.4799 1.24161e-05 1.09607e-05 1.90151
162 1.66275e-05 2.5247e-05 4.37496 1.32622e-05 1.07785e-05 1.88052
163 1.48999e-05 2.60654e-05 4.43222 1.17787e-05 1.09787e-05 1.84096
164 1.53399e-05 2.1926e-05 3.82915 1.22011e-05 1.04333e-05 1.81805
165 1.50273e-05 2.56843e-05 4.43351 1.18868e-05 1.11162e-05 1.87973
166 1.51498e-05 2.64304e-05 4.54183 1.23698e-05 1.12286e-05 1.9484
167 1.61145e-05 2.44845e-05 4.21877 1.28419e-05 1.12332e-05 1.92687
168 1.52022e-05 2.547e-05 4.40052 1.19619e-05 1.08949e-05 1.84906
169 1.56383e-05 2.54961e-05 4.3946 1.25315e-05 1.07366e-05 1.85385
170 1.55147e-05 2.62805e-05 4.5019 1.21185e-05 1.10657e-05 1.87081
171 1.52774e-05 2.48053e-05 4.25258 1.18926e-05 1.10381e-05 1.85683
172 1.51961e-05 2.64634e-05 4.48799 1.19681e-05 1.13727e-05 1.89151
173 1.56002e-05 2.7371e-05 4.65192 1.25665e-05 1.16392e-05 1.97921
174 1.44765e-05 2.70616e-05 4.65261 1.18285e-05 1.11454e-05 1.90227
175 1.5784e-05 2.50418e-05 4.33061 1.28687e-05 1.0743e-05 1.85987
176 1.53225e-05 2.60577e-05 4.47432 1.20171e-05 1.07785e-05 1.82391
177 1.49453e-05 2.49977e-05 4.21357 1.15203e-05 1.1176e-05 1.81533
178 1.47735e-05 2.53973e-05 4.38543 1.11823e-05 1.08929e-05 1.80908
179 1.57539e-05 2.59311e-05 4.49033 1.21961e-05 1.06349e-05 1.81092
180 1.4559e-05 2.49499e-05 4.2698 1.19779e-05 1.08982e-05 1.83846
181 1.52179e-05 2.46456e-05 4.25875 1.17562e-05 1.06664e-05 1.80414
182 1.48001e-05 2.64407e-05 4.54939 1.17927e-05 1.12241e-05 1.90038
183 1.49178e-05 2.59755e-05 4.39044 1.17573e-05 1.07588e-05 1.77308
184 1.45373e-05 2.64418e-05 4.52076 1.0915e-05 1.10833e-05 1.80179
185 1.46551e-05 2.45918e-05 4.1452 1.1837e-05 1.09896e-05 1.87091
186 1.4748e-05 2.54593e-05 4.34531 1.17256e-05 1.03813e-05 1.77093
187 1.45597e-05 2.58262e-05 4.43639 1.1516e-05 1.07575e-05 1.82357
188 1.46526e-05 2.54952e-05 4.35737 1.18207e-05 1.10691e-05 1.88092
189 1.42942e-05 2.5204e-05 4.25689 1.16997e-05 1.081e-05 1.80972
190 1.48579e-05 2.47241e-05 4.27229 1.1636e-05 1.05285e-05 1.80568
191 1.42112e-05 2.55866e-05 4.37458 1.08961e-05 1.11004e-05 1.864
192 1.41421e-05 2.5144e-05 4.25282 1.13793e-05 1.06325e-05 1.76866
193 1.42396e-05 2.59423e-05 4.46313 1.10248e-05 1.10994e-05 1.84754
194 1.46352e-05 2.46317e-05 4.26414 1.16872e-05 1.05473e-05 1.80263
195 1.50298e-05 2.60199e-05 4.37349 1.18493e-05 1.06293e-05 1.75002
196 1.5089e-05 2.518e-05 4.29921 1.1412e-05 1.07333e-05 1.76371
197 1.42521e-05 2.51552e-05 4.31885 1.09165e-05 1.07401e-05 1.76201
198 1.43415e-05 2.53417e-05 4.28477 1.14074e-05 1.07344e-05 1.79717
199 1.43428e-05 2.44597e-05 4.18774 1.12725e-05 1.05422e-05 1.78096
200 1.43088e-05 2.49047e-05 4.24865 1.10433e-05 1.07487e-05 1.78489
201 1.38535e-05 2.41669e-05 4.13749 1.05805e-05 1.06021e-05 1.76122
202 1.44815e-05 2.54425e-05 4.32735 1.12319e-05 1.05228e-05 1.74724
203 1.42162e-05 2.56211e-05 4.37785 1.15947e-05 1.06203e-05 1.78489
204 1.4511e-05 2.49154e-05 4.23952 1.11725e-05 1.03845e-05 1.71567
205 1.48504e-05 2.45211e-05 4.14306 1.13833e-05 1.05094e-05 1.73073
206 1.41539e-05 2.43276e-05 4.14173 1.10911e-05 1.02151e-05 1.6628
207 1.41897e-05 2.40674e-05 4.07833 1.11193e-05 1.02136e-05 1.6778
208 1.40457e-05 2.46814e-05 4.13548 1.11018e-05 1.07776e-05 1.76228
209 1.46622e-05 2.41299e-05 4.10181 1.16436e-05 1.02841e-05 1.7152
210 1.47178e-05 2.31807e-05 3.91667 1.14858e-05 9.86951e-06 1.64367
211 1.39749e-05 2.53639e-05 4.30115 1.08036e-05 1.05787e-05 1.70284
212 1.39586e-05 2.52303e-05 4.27533 1.08916e-05 1.07858e-05 1.77565
213 1.40278e-05 2.46967e-05 4.20001 1.07995e-05 1.04033e-05 1.68272
214 1.38919e-05 2.56935e-05 4.35664 1.07645e-05 1.04699e-05 1.73945
215 1.39628e-05 2.44038e-05 4.10829 1.08262e-05 1.03306e-05 1.67414
216 1.42737e-05 2.38574e-05 4.16374 1.05865e-05 1.05355e-05 1.76398
217 1.40019e-05 2.39902e-05 4.07496 1.07847e-05 1.02724e-05 1.70237
218 1.41121e-05 2.55984e-05 4.35562 1.10546e-05 1.02548e-05 1.70665
219 1.371e-05 2.48966e-05 4.24622 1.0941e-05 1.01148e-05 1.66382
220 1.3779e-05 2.44453e-05 4.06561 1.08869e-05 1.07456e-05 1.72134
221 1.39305e-05 2.39633e-05 4.14142 1.05421e-05 1.02059e-05 1.67886
222 1.4078e-05 2.57168e-05 4.42643 1.06056e-05 1.00338e-05 1.62761
223 1.39161e-05 2.44312e-05 4.20815 1.09575e-05 1.01583e-05 1.67482
224 1.36603e-05 2.35488e-05 3.94193 1.08967e-05 1.00946e-05 1.66222
225 1.38092e-05 2.30385e-05 3.8856 1.10895e-05 9.89488e-06 1.63273
226 1.35662e-05 2.48461e-05 4.22426 1.05433e-05 1.06704e-05 1.75199
227 1.42103e-05 2.46364e-05 4.09501 1.10546e-05 1.04434e-05 1.6935
228 1.41112e-05 2.42815e-05 4.11281 1.07756e-05 1.02002e-05 1.64648
229 1.37188e-05 2.41386e-05 4.04783 1.07625e-05 1.02864e-05 1.67691
230 1.3378e-05 2.43363e-05 4.10081 1.0719e-05 1.02344e-05 1.67157
231 1.33417e-05 2.54261e-05 4.24719 1.02855e-05 1.02859e-05 1.62393
232 1.38898e-05 2.37418e-05 4.02118 1.07498e-05 9.97163e-06 1.61985
233 1.3497e-05 2.41295e-05 4.09894 1.04069e-05 1.03606e-05 1.6787
234 1.34099e-05 2.43083e-05 4.0674 1.05141e-05 1.02034e-05 1.64213
235 1.34459e-05 2.4633e-05 4.11634 1.07003e-05 1.02216e-05 1.6254
236 1.37043e-05 2.42194e-05 4.08566 1.07484e-05 1.0277e-05 1.65019
237 1.38851e-05 2.44208e-05 4.10209 1.09403e-05 1.02781e-05 1.65213
238 1.37593e-05 2.38274e-05 4.07941 1.09877e-05 9.54019e-06 1.59009
239 1.35245e-05 2.43161e-05 4.13693 1.01302e-05 1.01426e-05 1.65941
240 1.34523e-05 2.40059e-05 4.02449 1.05068e-05 9.94769e-06 1.62024
241 1.32608e-05 2.39251e-05 4.00504 1.0338e-05 1.01236e-05 1.66275
242 1.34917e-05 2.3815e-05 4.07438 1.0505e-05 1.02371e-05 1.68257
243 1.34085e-05 2.35411e-05 3.98349 1.03703e-05 9.74833e-06 1.56717
244 1.33444e-05 2.44484e-05 4.07211 1.02712e-05 1.03943e-05 1.63509
245 1.34721e-05 2.4009e-05 4.0302 1.0529e-05 9.82301e-06 1.5836
246 1.32026e-05 2.39056e-05 4.04723 1.00011e-05 9.90353e-06 1.60533
247 1.3797e-05 2.33987e-05 3.97649 1.03277e-05 1.04042e-05 1.70811
248 1.31345e-05 2.44077e-05 4.05121 1.01863e-05 1.05595e-05 1.67765
249 1.34907e-05 2.4345e-05 4.07474 1.02224e-05 1.03187e-05 1.65581
250 1.33156e-05 2.42484e-05 4.06198 1.03723e-05 9.80415e-06 1.56875
251 1.34361e-05 2.43644e-05 4.04955 1.02681e-05 9.93224e-06 1.56861
252 1.3294e-05 2.49182e-05 4.16108 1.05862e-05 1.02231e-05 1.66717
253 1.32611e-05 2.28669e-05 3.84624 9.98314e-06 9.76098e-06 1.57107
254 1.35801e-05 2.42631e-05 4.11664 1.03644e-05 1.00243e-05 1.60166
255 1.38097e-05 2.41646e-05 4.02409 1.06215e-05 9.60216e-06 1.54418
256 1.34728e-05 2.41863e-05 4.02426 1.04596e-05 9.92564e-06 1.5701
257 1.27902e-05 2.37021e-05 3.96599 1.01121e-05 9.54127e-06 1.51147
258 1.37928e-05 2.19343e-05 3.64972 1.03193e-05 9.01555e-06 1.45832
259 1.31945e-05 2.32909e-05 3.92224 9.98062e-06 9.87799e-06 1.5655
260 1.34317e-05 2.2154e-05 3.71222 1.0559e-05 9.9332e-06 1.59574
261 1.3397e-05 2.46924e-05 4.19261 1.00027e-05 1.00548e-05 1.62601
262 1.3619e-05 2.43865e-05 4.07305 1.03255e-05 1.00648e-05 1.60936
263 1.29475e-05 2.31387e-05 3.88398 9.93015e-06 9.54918e-06 1.52814
264 1.31568e-05 2.3693e-05 3.96853 9.84359e-06 9.86444e-06 1.5472
265 1.26254e-05 2.31555e-05 3.84408 9.70194e-06 9.95216e-06 1.57729
266 1.28625e-05 2.42186e-05 4.05085 9.99286e-06 9.90136e-06 1.5792
267 1.27261e-05 2.37164e-05 3.94355 9.77217e-06 9.68837e-06 1.55174
268 1.29923e-05 2.38227e-05 3.97754 9.842e-06 9.9113e-06 1.58548
269 1.31635e-05 2.27737e-05 3.891 1.01103e-05 9.3632e-06 1.50612
270 1.30685e-05 2.38465e-05 4.00269 1.00907e-05 9.85755e-06 1.59093
271 1.30767e-05 2.32957e-05 3.88971 1.00926e-05 9.82447e-06 1.53709
272 1.33e-05 2.4185e-05 3.9895 1.04853e-05 1.02299e-05 1.58561
273 1.2896e-05 2.42818e-05 4.07143 9.8882e-06 1.01684e-05 1.643
274 1.26648e-05 2.49004e-05 4.15484 9.90199e-06 1.00435e-05 1.5709
275 1.27175e-05 2.40299e-05 4.00292 9.86218e-06 9.81778e-06 1.53981
276 1.2688e-05 2.38927e-05 3.99558 9.70942e-06 9.70197e-06 1.53068
277 1.28398e-05 2.25237e-05 3.80097 9.69714e-06 9.28011e-06 1.48379
278 1.26013e-05 2.44171e-05 4.05797 9.70254e-06 1.00063e-05 1.54287
279 1.23358e-05 2.52978e-05 4.20289 9.66042e-06 9.99153e-06 1.59794
280 1.26239e-05 2.44188e-05 4.05706 9.52238e-06 1.00149e-05 1.55276
281 1.25371e-05 2.31881e-05 3.84997 9.61525e-06 9.6232e-06 1.50769
282 1.30672e-05 2.45329e-05 4.0728 1.0013e-05 1.02624e-05 1.60966
283 1.27377e-05 2.45821e-05 4.09588 9.96218e-06 9.91926e-06 1.56996
284 1.31642e-05 2.36398e-05 3.93704 9.88856e-06 9.84789e-06 1.53703
285 1.25689e-05 2.346e-05 3.85357 9.60476e-06 9.93037e-06 1.5475
286 1.22633e-05 2.55517e-05 4.23984 9.45592e-06 1.03867e-05 1.6212
287 1.24651e-05 2.33154e-05 3.89661 9.41197e-06 9.79536e-06 1.55504
288 1.25513e-05 2.44738e-05 4.06137 9.48313e-06 9.582e-06 1.46571
289 1.24168e-05 2.33139e-05 3.93755 9.28185e-06 9.60023e-06 1.52696
290 1.16696e-05 2.33026e-05 3.91579 9.13076e-06 9.66541e-06 1.54718
291 1.2881e-05 2.38171e-05 3.95929 9.80576e-06 9.987e-06 1.57306
292 1.29048e-05 2.30747e-05 3.83692 9.75848e-06 9.38006e-06 1.47453
293 1.24616e-05 2.32862e-05 3.89501 9.41462e-06 9.45657e-06 1.50374
294 1.2749e-05 2.42845e-05 4.10865 9.80933e-06 9.67957e-06 1.5346
295 1.30061e-05 2.21539e-05 3.71881 9.66423e-06 9.55805e-06 1.50437
296 1.24302e-05 2.34873e-05 3.86023 9.61078e-06 9.52882e-06 1.48809
297 1.24539e-05 2.43657e-05 4.07217 9.7324e-06 9.44502e-06 1.51445
298 1.27353e-05 2.31986e-05 3.85398 9.76118e-06 9.56536e-06 1.52457
299 1.25207e-05 2.35092e-05 3.88824 9.58302e-06 9.59115e-06 1.49782
300 1.27068e-05 2.36112e-05 3.87888 9.64369e-06 9.67562e-06 1.49052
301 1.32046e-05 2.28853e-05 3.80594 9.69188e-06 9.47184e-06 1.4779
302 1.25818e-05 2.29953e-05 3.79518 9.24753e-06 9.63397e-06 1.49464
303 1.26626e-05 2.42668e-05 4.0524 9.74401e-06 9.70447e-06 1.51122
304 1.23768e-05 2.28723e-05 3.88017 9.33458e-06 9.53456e-06 1.51988
305 1.27703e-05 2.36454e-05 3.95385 9.60132e-06 9.64157e-06 1.48577
306 1.25265e-05 2.30041e-05 3.82173 9.24531e-06 9.58696e-06 1.48081
307 1.20521e-05 2.37086e-05 3.92691 9.27553e-06 9.89433e-06 1.53063
308 1.18884e-05 2.37664e-05 3.91674 9.2458e-06 9.86475e-06 1.52651
309 1.30506e-05 2.41321e-05 4.02197 9.68879e-06 9.53138e-06 1.48789
310 1.20234e-05 2.33554e-05 3.8974 9.12312e-06 9.68039e-06 1.53508
311 1.24005e-05 2.32398e-05 3.87153 9.39183e-06 9.65778e-06 1.52238
312 1.22219e-05 2.33681e-05 3.88051 9.2808e-06 9.32343e-06 1.46933
313 1.21035e-05 2.3926e-05 3.95729 9.35793e-06 9.6657e-06 1.50683
314 1.22815e-05 2.43845e-05 4.02617 9.44012e-06 9.66158e-06 1.47683
315 1.24017e-05 2.25897e-05 3.74398 9.48738e-06 9.16107e-06 1.39844
316 1.27636e-05 2.26587e-05 3.68903 9.35458e-06 9.50586e-06 1.4581
317 1.21817e-05 2.44984e-05 4.10639 9.33112e-06 9.56244e-06 1.49417
318 1.18637e-05 2.30417e-05 3.83391 9.01682e-06 9.16817e-06 1.4198
319 1.16047e-05 2.25302e-05 3.69321 8.56627e-06 9.56954e-06 1.44925
320 1.17405e-05 2.21379e-05 3.66494 9.09796e-06 9.68836e-06 1.53255
321 1.21709e-05 2.346e-05 3.85449 9.38418e-06 9.39555e-06 1.45276
322 1.17231e-05 2.36882e-05 3.89134 9.06898e-06 9.65116e-06 1.45833
323 1.23939e-05 2.27107e-05 3.82323 9.17269e-06 9.2875e-06 1.45952
324 1.17929e-05 2.30032e-05 3.84804 8.75554e-06 9.30153e-06 1.46646
325 1.28078e-05 2.24985e-05 3.74523 9.47605e-06 9.19635e-06 1.4261
326 1.20319e-05 2.32473e-05 3.87794 9.06673e-06 9.74218e-06 1.51117
327 1.23365e-05 2.40981e-05 3.99641 9.11402e-06 9.76758e-06 1.48026
328 1.18409e-05 2.34158e-05 3.8755 8.97691e-06 9.71082e-06 1.48779
329 1.22355e-05 2.33614e-05 3.87976 9.29633e-06 9.79918e-06 1.52763
330 1.18829e-05 2.40428e-05 3.95218 8.95843e-06 9.7502e-06 1.47379
331 1.2523e-05 2.33854e-05 3.90962 9.49474e-06 9.64152e-06 1.50955
332 1.19858e-05 2.28596e-05 3.70962 9.05023e-06 9.85936e-06 1.51527
333 1.17673e-05 2.35717e-05 3.88878 9.15971e-06 9.55696e-06 1.49334
334 1.19029e-05 2.21545e-05 3.68699 9.01374e-06 9.12733e-06 1.43601
335 1.21206e-05 2.34726e-05 3.82121 9.27764e-06 9.47444e-06 1.43422
336 1.19887e-05 2.37133e-05 3.9133 9.3844e-06 9.36368e-06 1.44235
337 1.16682e-05 2.27945e-05 3.67147 8.74112e-06 9.6625e-06 1.44916
338 1.20946e-05 2.31179e-05 3.81248 8.90402e-06 9.3917e-06 1.47539
339 1.12615e-05 2.32573e-05 3.83899 8.68665e-06 9.41824e-06 1.45255
340 1.20238e-05 2.20008e-05 3.63743 8.78946e-06 9.35222e-06 1.41818
341 1.19814e-05 2.30356e-05 3.76424 9.28152e-06 9.63753e-06 1.49569
342 1.15413e-05 2.50813e-05 4.11454 8.91975e-06 9.82626e-06 1.50539
343 1.1901e-05 2.22777e-05 3.69243 8.88949e-06 9.2383e-06 1.42951
344 1.22582e-05 2.2176e-05 3.63719 9.03753e-06 9.14635e-06 1.43379
345 1.15978e-05 2.37079e-05 3.94357 8.9128e-06 9.45321e-06 1.47846
346 1.18893e-05 2.32688e-05 3.86417 8.72609e-06 9.38665e-06 1.45663
347 1.17887e-05 2.32975e-05 3.79943 9.03472e-06 9.14916e-06 1.38148
348 1.14917e-05 2.31533e-05 3.87459 8.58192e-06 9.24179e-06 1.42407
349 1.17363e-05 2.34966e-05 3.86473 8.89046e-06 9.61092e-06 1.4628
350 1.15221e-05 2.21094e-05 3.6658 8.49157e-06 9.32123e-06 1.42203
351 1.1582e-05 2.28855e-05 3.77776 8.83841e-06 9.43476e-06 1.44395
352 1.16759e-05 2.25827e-05 3.68881 8.83413e-06 9.38022e-06 1.43343
353 1.14691e-05 2.31577e-05 3.82742 8.62574e-06 9.35174e-06 1.44211
354 1.15403e-05 2.25994e-05 3.6704 8.60749e-06 9.40525e-06 1.39881
355 1.14866e-05 2.35439e-05 3.82477 8.80067e-06 9.50395e-06 1.40942
356 1.18001e-05 2.28914e-05 3.79173 8.92273e-06 9.20793e-06 1.40068
357 1.18788e-05 2.28903e-05 3.75607 8.89887e-06 9.35068e-06 1.43446
358 1.1714e-05 2.26049e-05 3.68876 8.88843e-06 9.33124e-06 1.41772
359 1.186e-05 2.27903e-05 3.6841 8.93548e-06 8.96656e-06 1.34335
360 1.19362e-05 2.35375e-05 3.79499 8.93733e-06 9.22271e-06 1.37731
361 1.1552e-05 2.43714e-05 3.99274 8.88923e-06 9.48113e-06 1.43966
362 1.13007e-05 2.36996e-05 3.94514 8.55941e-06 9.37232e-06 1.44256
363 1.14471e-05 2.27556e-05 3.75337 8.54765e-06 9.29718e-06 1.44578
364 1.14526e-05 2.21914e-05 3.64166 8.83179e-06 9.11942e-06 1.37895
365 1.14584e-05 2.31468e-05 3.73338 8.79138e-06 9.33738e-06 1.3874
366 1.12497e-05 2.32822e-05 3.84727 8.60741e-06 9.17179e-06 1.42639
367 1.14906e-05 2.23292e-05 3.65686 8.75868e-06 9.08338e-06 1.36825
368 1.19093e-05 2.34138e-05 3.75935 8.79564e-06 9.88476e-06 1.47046
369 1.17641e-05 2.27131e-05 3.72938 8.80481e-06 9.24558e-06 1.42823
370 1.14506e-05 2.43082e-05 3.97256 8.84034e-06 9.48719e-06 1.4299
371 1.11422e-05 2.33822e-05 3.84515 8.51001e-06 9.17309e-06 1.3919
372 1.14297e-05 2.31933e-05 3.79825 8.50126e-06 9.27729e-06 1.4068
373 1.1411e-05 2.36252e-05 3.82648 8.55992e-06 9.67288e-06 1.43073
374 1.16494e-05 2.20621e-05 3.6214 8.66995e-06 9.0679e-06 1.39113
375 1.19597e-05 2.15675e-05 3.59278 8.72747e-06 8.9161e-06 1.37142
376 1.16339e-05 2.27882e-05 3.73714 8.68859e-06 9.25329e-06 1.40759
377 1.14007e-05 2.28223e-05 3.75194 8.782e-06 9.06963e-06 1.40298
378 1.20708e-05 2.16148e-05 3.51784 8.93328e-06 8.94655e-06 1.36719
379 1.12569e-05 2.27172e-05 3.6972 8.59572e-06 9.29893e-06 1.41691
380 1.12066e-05 2.31301e-05 3.81806 8.50049e-06 9.11778e-06 1.40209
381 1.13434e-05 2.18238e-05 3.53552 8.47498e-06 9.33177e-06 1.41997
382 1.16345e-05 2.30411e-05 3.80379 8.67392e-06 9.26116e-06 1.43461
383 1.13567e-05 2.26665e-05 3.66483 8.92261e-06 9.19729e-06 1.38624
384 1.1472e-05 2.33487e-05 3.80878 8.55684e-06 9.48802e-06 1.41729
385 1.12946e-05 2.2778e-05 3.73096 8.36202e-06 9.16177e-06 1.35565
386 1.13477e-05 2.2219e-05 3.64836 8.42371e-06 8.69667e-06 1.29633
387 1.18594e-05 2.26707e-05 3.75976 8.72617e-06 9.06676e-06 1.37277
388 1.12618e-05 2.35939e-05 3.89026 8.37128e-06 9.43035e-06 1.44346
389 1.12498e-05 2.25854e-05 3.72063 8.43737e-06 9.2052e-06 1.3938
390 1.13922e-05 2.3185e-05 3.76926 8.68745e-06 9.47713e-06 1.42454
391 1.11514e-05 2.26348e-05 3.67593 8.44216e-06 9.20482e-06 1.37887
392 1.10553e-05 2.2876e-05 3.73504 8.29419e-06 9.33018e-06 1.40319
393 1.12237e-05 2.35508e-05 3.88563 8.31192e-06 9.58177e-06 1.46216
394 1.10132e-05 2.40167e-05 4.01204 7.96522e-06 9.46151e-06 1.46222
395 1.12578e-05 2.21996e-05 3.64283 8.37091e-06 8.85197e-06 1.34584
396 1.10351e-05 2.27992e-05 3.70364 8.42823e-06 9.18969e-06 1.39048
397 1.12428e-05 2.24614e-05 3.67956 8.43095e-06 9.1255e-06 1.33861
398 1.09959e-05 2.35651e-05 3.77866 8.47691e-06 9.56348e-06 1.43989
399 1.13024e-05 2.2679e-05 3.68218 8.3749e-06 9.52395e-06 1.44385
400 1.14441e-05 2.31493e-05 3.78053 8.77738e-06 9.15762e-06 1.37362
401 1.09552e-05 2.30688e-05 3.75059 7.95001e-06 9.22217e-06 1.38083
402 1.15066e-05 2.2131e-05 3.58885 8.56793e-06 9.135e-06 1.34421
403 1.0931e-05 2.22455e-05 3.62384 8.23834e-06 9.1425e-06 1.37048
404 1.06521e-05 2.28319e-05 3.73024 7.96844e-06 8.85598e-06 1.30543
405 1.13766e-05 2.25647e-05 3.7275 8.28551e-06 8.98512e-06 1.3658
406 1.12817e-05 2.28097e-05 3.71959 8.56931e-06 9.43355e-06 1.42201
407 1.11791e-05 2.22891e-05 3.62087 8.50254e-06 9.20722e-06 1.36875
408 1.102e-05 2.22465e-05 3.62894 8.20371e-06 9.39595e-06 1.38355
409 1.11577e-05 2.1661e-05 3.50439 8.4059e-06 8.87079e-06 1.33152
410 1.12685e-05 2.34825e-05 3.8464 8.56719e-06 9.05282e-06 1.34037
411 1.09493e-05 2.32637e-05 3.77219 8.2533e-06 9.42304e-06 1.39455
412 1.08419e-05 2.2436e-05 3.65432 8.47228e-06 9.11148e-06 1.3877
413 1.09049e-05 2.24613e-05 3.67584 8.05046e-06 9.1241e-06 1.36687
414 1.11241e-05 2.37997e-05 3.82626 8.67135e-06 9.34952e-06 1.38161
415 1.1109e-05 2.37893e-05 3.91185 8.42442e-06 9.40614e-06 1.39996
416 1.14158e-05 2.41819e-05 3.93126 8.54737e-06 9.56243e-06 1.40042
417 1.08107e-05 2.39129e-05 3.91179 8.1368e-06 9.85406e-06 1.49481
418 1.12764e-05 2.28153e-05 3.6719 8.27705e-06 9.11305e-06 1.32724
419 1.12826e-05 2.32016e-05 3.76337 8.43156e-06 9.29817e-06 1.37367
420 1.14744e-05 2.26208e-05 3.68098 8.48722e-06 8.90131e-06 1.30829
421 1.12367e-05 2.26028e-05 3.70033 8.40108e-06 9.07598e-06 1.35085
422 1.11736e-05 2.21944e-05 3.58443 8.37351e-06 8.73951e-06 1.28796
423 1.1143e-05 2.28394e-05 3.6649 8.2037e-06 9.1162e-06 1.30482
424 1.16079e-05 2.2755e-05 3.71997 8.61799e-06 9.43333e-06 1.41191
425 1.06534e-05 2.25163e-05 3.71433 7.99571e-06 9.20829e-06 1.38895
426 1.11208e-05 2.36088e-05 3.8518 8.27271e-06 9.52217e-06 1.41379
427 1.10214e-05 2.17513e-05 3.50837 8.08974e-06 9.0408e-06 1.31614
428 1.10465e-05 2.3045e-05 3.69961 8.26593e-06 9.30605e-06 1.36508
429 1.10478e-05 2.26078e-05 3.69974 8.18285e-06 9.18723e-06 1.3815
430 1.10424e-05 2.28974e-05 3.66238 8.42244e-06 9.18371e-06 1.30833
431 1.11569e-05 2.33448e-05 3.80044 8.2324e-06 8.83446e-06 1.32064
432 1.0984e-05 2.20665e-05 3.54602 8.09897e-06 9.05888e-06 1.32422
433 1.08229e-05 2.18883e-05 3.5286 7.98099e-06 9.29333e-06 1.38807
434 1.07763e-05 2.28864e-05 3.71633 7.91049e-06 9.35816e-06 1.37207
435 1.09065e-05 2.29279e-05 3.6845 8.10909e-06 9.20389e-06 1.3258
436 1.05925e-05 2.36022e-05 3.83671 8.08172e-06 9.13063e-06 1.34534
437 1.08886e-05 2.25827e-05 3.66411 8.14295e-06 9.17814e-06 1.36199
438 1.06418e-05 2.2804e-05 3.69023 8.00921e-06 9.23024e-06 1.38155
439 1.08604e-05 2.27396e-05 3.65792 7.86855e-06 9.23403e-06 1.34584
440 1.11974e-05 2.29865e-05 3.72375 8.24524e-06 9.283e-06 1.34775
441 1.08329e-05 2.29125e-05 3.69288 8.18722e-06 9.093e-06 1.34199
442 1.03146e-05 2.2243e-05 3.60701 7.76772e-06 9.09853e-06 1.37918
443 1.11574e-05 2.33721e-05 3.80727 8.12796e-06 9.20323e-06 1.33248
444 1.10666e-05 2.19817e-05 3.5652 7.99301e-06 9.13344e-06 1.36681
445 1.0446e-05 2.20367e-05 3.49943 7.7441e-06 9.17131e-06 1.34807
446 1.11553e-05 2.22886e-05 3.58578 8.07215e-06 9.24063e-06 1.38701
447 1.10718e-05 2.24752e-05 3.64607 8.15045e-06 8.97772e-06 1.31635
448 1.08404e-05 2.37092e-05 3.84302 7.89701e-06 9.39186e-06 1.36299
449 1.1144e-05 2.35934e-05 3.84551 8.20865e-06 9.44355e-06 1.39009
450 1.09748e-05 2.2744e-05 3.71757 7.98033e-06 9.31217e-06 1.35475
451 1.06766e-05 2.29341e-05 3.6853 7.92522e-06 9.42238e-06 1.38752
452 1.05502e-05 2.21574e-05 3.57625 7.98662e-06 9.17236e-06 1.35324
453 1.056e-05 2.28073e-05 3.70847 7.91469e-06 9.16019e-06 1.33594
454 1.06452e-05 2.22864e-05 3.57377 7.98308e-06 9.13301e-06 1.32713
455 1.04165e-05 2.17831e-05 3.4568 7.73815e-06 8.93295e-06 1.31223
456 1.04173e-05 2.30377e-05 3.73951 7.89905e-06 9.05966e-06 1.34537
457 1.08567e-05 2.17227e-05 3.49675 8.08271e-06 8.9837e-06 1.31438
458 1.09348e-05 2.27011e-05 3.6996 8.24815e-06 9.15831e-06 1.33651
459 1.07245e-05 2.20795e-05 3.57719 8.14864e-06 8.90793e-06 1.31071
460 1.09315e-05 2.33325e-05 3.78743 8.39766e-06 9.00465e-06 1.3189
461 1.04643e-05 2.29416e-05 3.70411 7.53261e-06 9.34107e-06 1.38891
462 1.05944e-05 2.22149e-05 3.61137 7.57222e-06 9.02134e-06 1.30691
463 1.08786e-05 2.21488e-05 3.51968 7.87225e-06 8.82329e-06 1.29436
464 1.08439e-05 2.32121e-05 3.69564 8.02458e-06 9.20587e-06 1.30758
465 1.09887e-05 2.29588e-05 3.73671 7.93445e-06 9.34207e-06 1.36617
466 1.0648e-05 2.29243e-05 3.73271 7.98344e-06 9.1527e-06 1.36637
467 1.10282e-05 2.27893e-05 3.70849 8.13367e-06 9.08036e-06 1.33624
468 1.03898e-05 2.24525e-05 3.64181 7.62353e-06 9.00487e-06 1.2977
469 1.03673e-05 2.204e-05 3.58792 7.66462e-06 8.725e-06 1.29476
470 1.04792e-05 2.25881e-05 3.69148 7.69113e-06 9.08729e-06 1.33505
471 1.06082e-05 2.21253e-05 3.59074 7.69172e-06 9.16174e-06 1.34123
472 1.07288e-05 2.17218e-05 3.48917 7.98726e-06 8.72958e-06 1.26381
473 1.0403e-05 2.30149e-05 3.73181 7.42398e-06 9.13398e-06 1.34616
474 1.0613e-05 2.21443e-05 3.58943 7.7079e-06 9.03467e-06 1.3494
475 1.10026e-05 2.27139e-05 3.63917 7.8897e-06 9.17994e-06 1.31772
476 1.05904e-05 2.17857e-05 3.50178 7.69729e-06 9.0199e-06 1.28997
477 1.01024e-05 2.23822e-05 3.63918 7.38465e-06 9.26451e-06 1.3974
478 1.04716e-05 2.33665e-05 3.75962 8.14808e-06 9.26621e-06 1.37294
479 1.08271e-05 2.24275e-05 3.58186 7.7369e-06 9.26351e-06 1.36093
480 1.04526e-05 2.18608e-05 3.52114 7.76574e-06 8.72279e-06 1.28567
481 1.06187e-05 2.36832e-05 3.83664 7.89847e-06 8.87262e-06 1.26435
482 1.0418e-05 2.29878e-05 3.70029 7.69711e-06 9.23151e-06 1.33953
483 1.0879e-05 2.27336e-05 3.6529 8.03938e-06 8.93216e-06 1.28472
484 1.07619e-05 2.20436e-05 3.55489 7.81534e-06 8.9019e-06 1.28767
485 1.04988e-05 2.17033e-05 3.48608 7.55071e-06 9.2839e-06 1.36112
486 1.04938e-05 2.21744e-05 3.60131 7.65505e-06 8.82933e-06 1.30985
487 1.03386e-05 2.16038e-05 3.4625 7.74673e-06 8.92208e-06 1.32149
488 1.04434e-05 2.29928e-05 3.71223 7.76e-06 9.15556e-06 1.33837
489 1.05967e-05 2.16608e-05 3.45204 7.82152e-06 9.12554e-06 1.31273
490 1.04003e-05 2.21717e-05 3.55362 7.73809e-06 9.07299e-06 1.32493
491 1.03057e-05 2.21851e-05 3.50183 7.6173e-06 9.08454e-06 1.31278
492 1.04759e-05 2.27751e-05 3.69672 7.59454e-06 9.11677e-06 1.34422
493 1.06423e-05 2.30926e-05 3.73528 7.6834e-06 9.37096e-06 1.36138
494 1.06023e-05 2.24218e-05 3.56966 7.93548e-06 8.98562e-06 1.30374
495 1.07127e-05 2.19462e-05 3.45134 7.72622e-06 9.16034e-06 1.30801
496 1.03964e-05 2.19946e-05 3.55155 7.61371e-06 8.83061e-06 1.29433
497 1.07481e-05 2.17646e-05 3.4949 7.91613e-06 8.55326e-06 1.25113
498 1.06639e-05 2.23182e-05 3.58666 7.90434e-06 9.07248e-06 1.30223
499 1.05459e-05 2.25288e-05 3.60175 7.68628e-06 8.96855e-06 1.31097
500 1.06569e-05 2.23321e-05 3.58215 7.83736e-06 8.86139e-06 1.29632
501 1.04423e-05 2.27535e-05 3.68511 7.76602e-06 8.93108e-06 1.29823
502 1.0763e-05 2.18634e-05 3.49648 7.88918e-06 8.98642e-06 1.30317
503 1.02042e-05 2.1761e-05 3.47995 7.40339e-06 8.9022e-06 1.28549
504 9.90001e-06 2.24893e-05 3.60063 7.38164e-06 8.98082e-06 1.2886
505 1.03975e-05 2.22496e-05 3.56988 7.41607e-06 8.99645e-06 1.32473
506 1.03906e-05 2.3399e-05 3.77069 7.7092e-06 9.02603e-06 1.27335
507 9.88819e-06 2.31337e-05 3.69007 7.53664e-06 9.15671e-06 1.31549
508 1.00727e-05 2.30845e-05 3.69162 7.47037e-06 9.09152e-06 1.29149
509 1.03991e-05 2.22003e-05 3.5513 7.5201e-06 8.9162e-06 1.30606
510 1.03067e-05 2.27979e-05 3.64298 7.66052e-06 9.01794e-06 1.31562
511 1.01823e-05 2.26226e-05 3.65031 7.34905e-06 9.01239e-06 1.31397
512 1.08074e-05 2.14701e-05 3.42285 7.69542e-06 8.92523e-06 1.27124
513 1.06616e-05 2.19675e-05 3.52545 7.86604e-06 8.9247e-06 1.29843
514 1.01026e-05 2.20115e-05 3.49955 7.20556e-06 9.0913e-06 1.30888
515 1.04132e-05 2.23675e-05 3.58552 7.51929e-06 9.08595e-06 1.30927
516 1.01047e-05 2.26702e-05 3.66166 7.46167e-06 8.86991e-06 1.27484
517 1.06595e-05 2.19581e-05 3.53084 7.78078e-06 8.91266e-06 1.27661
518 1.0474e-05 2.21285e-05 3.49764 7.74712e-06 8.79697e-06 1.2404
519 1.01085e-05 2.25084e-05 3.64516 7.30246e-06 8.91379e-06 1.28889
520 1.07795e-05 2.12335e-05 3.37709 7.90784e-06 8.88098e-06 1.27166
521 1.01677e-05 2.31868e-05 3.72331 7.4515e-06 9.32138e-06 1.32924
522 1.01317e-05 2.28316e-05 3.6709 7.32345e-06 9.11194e-06 1.3356
523 1.07065e-05 2.25154e-05 3.58541 7.67791e-06 8.97e-06 1.28314
524 1.01413e-05 2.23555e-05 3.52797 7.37074e-06 8.89242e-06 1.2382
525 1.06372e-05 2.28994e-05 3.66159 7.46502e-06 9.3453e-06 1.31804
526 1.01097e-05 2.17897e-05 3.45965 7.48882e-06 8.89584e-06 1.27109
527 9.99816e-06 2.19955e-05 3.53243 7.23705e-06 9.10053e-06 1.33883
528 9.76052e-06 2.3007e-05 3.67846 7.34886e-06 9.42152e-06 1.40272
529 1.02879e-05 2.1696e-05 3.4519 7.50373e-06 8.99793e-06 1.29652
530 1.02926e-05 2.32418e-05 3.73382 7.48237e-06 9.14157e-06 1.31956
531 1.00317e-05 2.25264e-05 3.57576 7.50836e-06 8.89671e-06 1.28523
532 9.93888e-06 2.28486e-05 3.65496 7.10837e-06 9.0869e-06 1.29046
533 1.01931e-05 2.10591e-05 3.36016 7.41162e-06 8.73979e-06 1.26006
534 1.0298e-05 2.25253e-05 3.63567 7.4456e-06 8.84895e-06 1.28434
535 1.03879e-05 2.27589e-05 3.61297 7.45457e-06 8.99396e-06 1.27229
536 9.96277e-06 2.22407e-05 3.56744 7.35895e-06 9.0393e-06 1.30981
537 9.90998e-06 2.19353e-05 3.526 7.20816e-06 9.09289e-06 1.3098
538 9.99154e-06 2.27363e-05 3.64604 7.22199e-06 9.08573e-06 1.30909
539 1.01943e-05 2.19836e-05 3.50176 7.34652e-06 9.04017e-06 1.29169
540 1.01105e-05 2.34503e-05 3.74969 7.46204e-06 9.19405e-06 1.31188
541 1.04065e-05 2.18407e-05 3.47444 7.61908e-06 9.01363e-06 1.29495
542 1.03884e-05 2.12815e-05 3.39886 7.58431e-06 8.65779e-06 1.23345
543 1.02382e-05 2.17366e-05 3.43893 7.17827e-06 9.0372e-06 1.29357
544 1.02507e-05 2.14891e-05 3.4291 7.4026e-06 8.78633e-06 1.22005
545 1.06176e-05 2.21591e-05 3.50323 7.71373e-06 9.10885e-06 1.29982
546 1.01233e-05 2.22297e-05 3.55721 7.42082e-06 8.76696e-06 1.24015
547 9.86642e-06 2.24807e-05 3.58253 7.24382e-06 8.97167e-06 1.29223
548 1.00931e-05 2.19691e-05 3.47319 7.32294e-06 9.02435e-06 1.27904
549 1.04672e-05 2.21365e-05 3.51313 7.65681e-06 8.73543e-06 1.23634
550 1.05587e-05 2.18839e-05 3.47277 7.49507e-06 8.71651e-06 1.24434
551 9.74439e-06 2.31098e-05 3.67624 7.31539e-06 9.04015e-06 1.27332
552 1.04149e-05 2.24087e-05 3.58353 7.31552e-06 9.15315e-06 1.31331
553 1.03083e-05 2.19638e-05 3.50793 7.451e-06 8.91e-06 1.28855
554 9.97666e-06 2.32294e-05 3.69666 7.40798e-06 9.13897e-06 1.28491
555 9.93806e-06 2.27265e-05 3.63649 7.30335e-06 8.92035e-06 1.26466
556 9.93403e-06 2.2478e-05 3.5719 7.46139e-06 8.88751e-06 1.26411
557 1.01819e-05 2.12043e-05 3.35442 7.15649e-06 8.72407e-06 1.23916
558 1.00112e-05 2.20543e-05 3.5009 7.27614e-06 8.66477e-06 1.20315
559 1.01073e-05 2.13279e-05 3.39146 7.25062e-06 8.78085e-06 1.26803
560 1.0121e-05 2.40148e-05 3.84294 7.4303e-06 9.3521e-06 1.34296
561 9.6845e-06 2.25467e-05 3.63242 7.2224e-06 8.9527e-06 1.28596
562 1.01323e-05 2.30242e-05 3.64898 7.50306e-06 9.04028e-06 1.29133
563 1.02652e-05 2.28028e-05 3.6281 7.37811e-06 9.06325e-06 1.25962
564 1.02402e-05 2.20335e-05 3.48316 7.36802e-06 8.68965e-06 1.21493
565 1.00139e-05 2.23139e-05 3.53701 7.24577e-06 8.86711e-06 1.22903
566 1.01514e-05 2.15445e-05 3.39238 7.32942e-06 8.84781e-06 1.25821
567 1.0338e-05 2.1748e-05 3.41542 7.42712e-06 8.8773e-06 1.24051
568 9.89211e-06 2.28622e-05 3.61168 7.18495e-06 9.28585e-06 1.2958
569 9.94162e-06 2.24155e-05 3.56112 7.2674e-06 8.72685e-06 1.23906
570 1.04046e-05 2.19467e-05 3.4879 7.39608e-06 8.88438e-06 1.24576
571 1.00151e-05 2.18478e-05 3.49097 7.31372e-06 8.84288e-06 1.2596
572 1.0081e-05 2.24006e-05 3.54317 7.25217e-06 8.94496e-06 1.26311
573 1.0092e-05 2.32974e-05 3.69834 7.35012e-06 8.9686e-06 1.23886
574 1.00976e-05 2.19265e-05 3.48125 7.20792e-06 8.89894e-06 1.26484
575 9.91201e-06 2.17457e-05 3.48744 7.23695e-06 8.76168e-06 1.23676
576 1.00017e-05 2.26924e-05 3.58989 7.24132e-06 9.15833e-06 1.28866
577 1.04029e-05 2.17898e-05 3.46308 7.46483e-06 8.7256e-06 1.21364
578 1.0017e-05 2.10249e-05 3.33123 7.21905e-06 8.85742e-06 1.25981
579 1.00382e-05 2.17698e-05 3.4753 7.19383e-06 8.69991e-06 1.21637
580 1.00109e-05 2.22437e-05 3.54739 7.00039e-06 8.8933e-06 1.25917
581 1.03507e-05 2.14599e-05 3.37368 7.60846e-06 8.7597e-06 1.22678
582 9.91103e-06 2.23567e-05 3.5669 7.26146e-06 8.88627e-06 1.25215
583 1.00093e-05 2.26637e-05 3.57877 7.2366e-06 9.13887e-06 1.28879
584 9.95726e-06 2.26355e-05 3.61128 7.27034e-06 8.81117e-06 1.24973
585 1.01277e-05 2.22263e-05 3.52214 7.25249e-06 8.93486e-06 1.236
586 9.91976e-06 2.24154e-05 3.54318 7.11823e-06 9.14632e-06 1.29542
587 9.91473e-06 2.1828e-05 3.44282 7.30642e-06 8.84625e-06 1.24768
588 9.87528e-06 2.16284e-05 3.45438 7.0142e-06 8.85862e-06 1.28047
589 1.03326e-05 2.24064e-05 3.51582 7.22626e-06 9.02473e-06 1.23678
590 1.01703e-05 2.2251e-05 3.51475 7.37074e-06 8.81434e-06 1.24638
591 1.01985e-05 2.14223e-05 3.37182 7.28802e-06 8.6518e-06 1.20722
592 1.02427e-05 2.13092e-05 3.36437 7.14911e-06 8.90474e-06 1.23534
593 1.00204e-05 2.26484e-05 3.58236 7.24993e-06 9.03519e-06 1.27089
594 1.01208e-05 2.30209e-05 3.65744 7.36712e-06 9.02747e-06 1.25481
595 9.93089e-06 2.27337e-05 3.65681 7.14203e-06 8.74755e-06 1.21445
596 1.00422e-05 2.21067e-05 3.48795 7.16004e-06 8.94893e-06 1.25576
597 9.72058e-06 2.32118e-05 3.72503 6.9967e-06 9.08209e-06 1.28533
598 9.75925e-06 2.2186e-05 3.51616 7.416e-06 8.87547e-06 1.2535
599 9.50384e-06 2.32636e-05 3.70271 6.91284e-06 8.99142e-06 1.26892
600 9.75423e-06 2.25657e-05 3.5711 7.02828e-06 8.96228e-06 1.27229
601 9.94411e-06 2.27297e-05 3.58343 7.26609e-06 9.19733e-06 1.28997
602 9.65431e-06 2.23382e-05 3.53687 7.01588e-06 8.97585e-06 1.27204
603 9.84334e-06 2.17649e-05 3.40502 7.14801e-06 8.90726e-06 1.24122
604 9.76555e-06 2.2711e-05 3.64119 7.13127e-06 8.9929e-06 1.28349
605 9.99485e-06 2.22797e-05 3.50035 7.13734e-06 8.83755e-06 1.20957
606 9.89792e-06 2.21025e-05 3.48462 7.2498e-06 8.98603e-06 1.26215
607 9.91479e-06 2.2926e-05 3.63469 7.12582e-06 8.75032e-06 1.22389
608 9.93519e-06 2.18345e-05 3.45664 7.09528e-06 8.70678e-06 1.21928
609 9.85566e-06 2.18285e-05 3.41711 7.1109e-06 8.86869e-06 1.22086
610 9.56584e-06 2.19671e-05 3.48766 6.84551e-06 8.51938e-06 1.19919
611 9.93848e-06 2.10385e-05 3.30466 7.07378e-06 8.51688e-06 1.21068
612 9.71952e-06 2.14329e-05 3.33179 6.95767e-06 8.67016e-06 1.21644
613 9.78314e-06 2.23562e-05 3.54502 7.09843e-06 8.78706e-06 1.24019
614 9.95862e-06 2.24305e-05 3.58008 7.24973e-06 8.71818e-06 1.21967
615 1.00269e-05 2.16158e-05 3.40774 7.12087e-06 8.62773e-06 1.19802
616 9.01588e-06 2.23463e-05 3.55197 6.50647e-06 8.91019e-06 1.26378
617 9.66352e-06 2.18525e-05 3.44921 7.02327e-06 8.86839e-06 1.24343
618 9.27493e-06 2.31639e-05 3.71812 6.64353e-06 9.0747e-06 1.27675
619 9.62299e-06 2.2171e-05 3.50124 6.74034e-06 9.00877e-06 1.27279
620 9.87091e-06 2.19807e-05 3.48616 7.08032e-06 9.03404e-06 1.26418
621 9.63884e-06 2.21971e-05 3.52214 7.0412e-06 8.82724e-06 1.26868
622 9.94928e-06 2.10512e-05 3.28268 6.85616e-06 8.80441e-06 1.21475
623 9.76986e-06 2.23471e-05 3.523 7.06711e-06 8.9854e-06 1.23707
624 9.53909e-06 2.25069e-05 3.56056 6.9199e-06 9.10959e-06 1.29732
625 9.10154e-06 2.23312e-05 3.55645 6.63527e-06 9.03824e-06 1.28055
626 1.01667e-05 2.2994e-05 3.62239 7.27646e-06 9.16633e-06 1.2833
627 9.76483e-06 2.32364e-05 3.72202 7.05642e-06 9.01097e-06 1.26325
628 9.9563e-06 2.15671e-05 3.36389 6.9583e-06 8.84523e-06 1.22151
629 9.60601e-06 2.28677e-05 3.6071 7.04885e-06 9.01416e-06 1.24404
630 9.6374e-06 2.2625e-05 3.58066 7.07822e-06 8.68472e-06 1.21321
631 9.86581e-06 2.26787e-05 3.58481 7.25613e-06 8.93437e-06 1.25463
632 9.6799e-06 2.17601e-05 3.43241 6.67638e-06 8.79939e-06 1.20724
633 9.76976e-06 2.2441e-05 3.56463 6.99112e-06 8.8517e-06 1.23013
634 9.6788e-06 2.2773e-05 3.6092 6.92258e-06 9.04946e-06 1.27187
635 9.71936e-06 2.1736e-05 3.443 6.8085e-06 8.9018e-06 1.24552
636 9.68334e-06 2.2168e-05 3.51659 6.76458e-06 9.0457e-06 1.26638
637 9.56702e-06 2.17779e-05 3.42786 6.83028e-06 8.92181e-06 1.25622
638 9.70711e-06 2.20793e-05 3.46592 6.85879e-06 8.99547e-06 1.24901
639 9.7082e-06 2.13428e-05 3.35799 6.81597e-06 8.67304e-06 1.20546
640 9.80292e-06 2.22809e-05 3.52329 6.9763e-06 8.77085e-06 1.20281
641 9.4028e-06 2.19711e-05 3.47821 6.74898e-06 8.67756e-06 1.22307
642 9.74452e-06 2.19851e-05 3.45001 6.91681e-06 8.83761e-06 1.21701
643 9.96488e-06 2.28909e-05 3.58989 7.20553e-06 8.86195e-06 1.21578
644 9.81907e-06 2.28001e-05 3.58805 7.20514e-06 9.04864e-06 1.23812
645 1.00737e-05 2.15779e-05 3.39761 7.19088e-06 8.62298e-06 1.19736
646 9.9228e-06 2.17327e-05 3.42567 6.99203e-06 8.95535e-06 1.22743
647 9.96877e-06 2.2303e-05 3.49987 7.2905e-06 8.71623e-06 1.18724
648 9.60322e-06 2.22262e-05 3.47166 6.90469e-06 9.03491e-06 1.26334
649 9.77106e-06 2.18047e-05 3.43981 6.97935e-06 8.79917e-06 1.24419
650 9.71776e-06 2.16943e-05 3.4294 7.09513e-06 8.78737e-06 1.21677
651 9.89605e-06 2.19787e-05 3.47996 7.21364e-06 8.88348e-06 1.25311
652 9.84819e-06 2.27386e-05 3.58212 7.25574e-06 9.00352e-06 1.25797
653 9.50151e-06 2.20889e-05 3.47901 6.72646e-06 8.857e-06 1.22409
654 9.29742e-06 2.23947e-05 3.49709 6.82964e-06 8.90494e-06 1.22364
655 9.67224e-06 2.27289e-05 3.61201 6.79155e-06 9.1977e-06 1.27657
656 9.59189e-06 2.28299e-05 3.60366 6.94209e-06 8.97229e-06 1.26498
657 9.87058e-06 2.22908e-05 3.46651 7.03797e-06 9.03352e-06 1.23951
658 9.45844e-06 2.15668e-05 3.3979 6.76578e-06 8.60317e-06 1.19694
659 9.78853e-06 2.20977e-05 3.4654 7.04615e-06 8.92702e-06 1.23697
660 9.8556e-06 2.19535e-05 3.42328 7.1148e-06 9.13058e-06 1.2505
661 9.61564e-06 2.17508e-05 3.42031 6.74666e-06 8.74109e-06 1.22921
662 9.84276e-06 2.13695e-05 3.3751 7.03301e-06 8.81665e-06 1.24641
663 9.4131e-06 2.20477e-05 3.4413 6.67125e-06 8.9729e-06 1.23528
664 9.61025e-06 2.21866e-05 3.48041 6.83525e-06 8.63242e-06 1.19062
665 9.98541e-06 2.30961e-05 3.64152 7.14535e-06 9.03358e-06 1.25159
666 9.53681e-06 2.12769e-05 3.33001 6.73404e-06 8.91143e-06 1.23456
667 9.24121e-06 2.28061e-05 3.58321 6.73585e-06 8.98546e-06 1.25526
668 9.31053e-06 2.08791e-05 3.23498 6.67301e-06 8.85284e-06 1.22644
669 9.44321e-06 2.20925e-05 3.44689 6.73511e-06 9.11149e-06 1.25063
670 9.87475e-06 2.23459e-05 3.49451 7.08142e-06 8.77438e-06 1.18048
671 9.48774e-06 2.18481e-05 3.47913 6.73375e-06 8.69113e-06 1.21592
672 9.34305e-06 2.12599e-05 3.33931 6.77356e-06 8.51628e-06 1.16681
673 9.91325e-06 2.17981e-05 3.42153 7.07108e-06 8.97912e-06 1.2402
674 9.49854e-06 2.25366e-05 3.54388 6.76363e-06 8.91962e-06 1.20681
675 9.65254e-06 2.31841e-05 3.64314 6.92008e-06 9.02862e-06 1.22859
676 9.09018e-06 2.18981e-05 3.42933 6.45895e-06 8.90488e-06 1.23283
677 9.50632e-06 2.28781e-05 3.60709 6.94557e-06 8.99038e-06 1.23924
678 9.49653e-06 2.32449e-05 3.63616 6.84014e-06 9.36062e-06 1.29092
679 9.54216e-06 2.12605e-05 3.36569 6.64832e-06 8.83298e-06 1.24049
680 9.55519e-06 2.3258e-05 3.63454 7.08888e-06 9.14572e-06 1.24513
681 9.20713e-06 2.21653e-05 3.49775 6.55812e-06 8.94869e-06 1.24147
682 9.6457e-06 2.22389e-05 3.47438 6.82111e-06 8.81036e-06 1.21566
683 9.52768e-06 2.2709e-05 3.60236 6.91972e-06 8.91182e-06 1.23025
684 9.58861e-06 2.28513e-05 3.62676 6.9045e-06 8.92083e-06 1.25558
685 9.5651e-06 2.16094e-05 3.38515 6.78922e-06 8.68261e-06 1.19262
686 9.45232e-06 2.29493e-05 3.62387 6.86997e-06 8.99925e-06 1.25611
687 9.70109e-06 2.24022e-05 3.52079 6.87819e-06 9.06766e-06 1.25263
688 9.72524e-06 2.19384e-05 3.41948 6.86018e-06 9.14036e-06 1.25328
689 9.69022e-06 2.19571e-05 3.43836 6.97384e-06 8.65065e-06 1.16302
690 9.16398e-06 2.28947e-05 3.59882 6.62175e-06 9.25896e-06 1.27247
691 9.27354e-06 2.29499e-05 3.60051 6.72741e-06 8.99824e-06 1.21948
692 9.27561e-06 2.30916e-05 3.6475 6.76762e-06 8.90982e-06 1.24665
693 9.70376e-06 2.22712e-05 3.48872 6.976e-06 9.03138e-06 1.24085
694 9.34516e-06 2.27845e-05 3.58754 6.66494e-06 9.18139e-06 1.27248
695 9.51176e-06 2.20429e-05 3.46443 6.67671e-06 8.95899e-06 1.24478
696 9.50074e-06 2.19191e-05 3.45212 6.54695e-06 8.74599e-06 1.21984
697 9.45991e-06 2.2071e-05 3.45302 6.71073e-06 8.70856e-06 1.19356
698 9.46605e-06 2.13532e-05 3.36467 6.49649e-06 8.63929e-06 1.18841
699 9.56923e-06 2.23587e-05 3.55057 6.78129e-06 8.86406e-06 1.22671
700 9.12555e-06 2.315e-05 3.66518 6.3774e-06 9.22421e-06 1.29156
701 9.47974e-06 2.13739e-05 3.36056 6.7559e-06 8.73834e-06 1.20961
702 9.31103e-06 2.21283e-05 3.49071 6.54637e-06 8.59952e-06 1.17274
703 9.28231e-06 2.22087e-05 3.46127 6.72404e-06 8.99936e-06 1.25662
704 9.40997e-06 2.10315e-05 3.33111 6.44314e-06 8.4031e-06 1.16364
705 9.47862e-06 2.18791e-05 3.4335 6.70428e-06 8.69779e-06 1.19334
706 9.5878e-06 2.24232e-05 3.52282 6.88607e-06 8.99803e-06 1.2557
707 9.43583e-06 2.27587e-05 3.56877 6.9576e-06 8.91885e-06 1.22052
708 9.33768e-06 2.26677e-05 3.5898 6.66404e-06 8.82082e-06 1.21355
709 9.16667e-06 2.2464e-05 3.55887 6.57604e-06 8.68438e-06 1.19406
710 9.02173e-06 2.3152e-05 3.64084 6.64039e-06 9.14751e-06 1.25731
711 9.05417e-06 2.34962e-05 3.71517 6.64155e-06 9.17935e-06 1.27437
712 9.15108e-06 2.08198e-05 3.24802 6.50864e-06 8.68623e-06 1.20562
713 9.40514e-06 2.17901e-05 3.40519 6.62789e-06 8.73321e-06 1.19199
714 9.47308e-06 2.29563e-05 3.61997 6.70595e-06 8.97192e-06 1.24401
715 9.12838e-06 2.26257e-05 3.57004 6.35745e-06 8.76365e-06 1.19181
716 9.30105e-06 2.16746e-05 3.40111 6.60324e-06 8.8623e-06 1.23585
717 9.18352e-06 2.24586e-05 3.54287 6.67816e-06 8.87734e-06 1.21997
718 9.51281e-06 2.23245e-05 3.50754 6.64668e-06 8.82608e-06 1.21843
719 9.65225e-06 2.27177e-05 3.56791 6.85986e-06 9.15443e-06 1.2336
720 9.57706e-06 2.28149e-05 3.5736 6.74891e-06 9.07657e-06 1.23777
721 8.96664e-06 2.32938e-05 3.68378 6.41811e-06 9.01315e-06 1.24487
722 9.55371e-06 2.25064e-05 3.51216 6.81188e-06 8.96902e-06 1.21882
723 9.47629e-06 2.26465e-05 3.54362 6.88222e-06 9.1139e-06 1.26511
724 9.56083e-06 2.1864e-05 3.43799 6.81372e-06 8.74689e-06 1.19153
725 8.93175e-06 2.26994e-05 3.59287 6.25228e-06 8.91739e-06 1.24655
726 9.15408e-06 2.27288e-05 3.59276 6.55396e-06 8.94196e-06 1.22615
727 9.17846e-06 2.21052e-05 3.44661 6.47566e-06 8.91855e-06 1.20373
728 9.47442e-06 2.1961e-05 3.45865 6.6506e-06 8.75205e-06 1.21253
729 9.43628e-06 2.15482e-05 3.37271 6.69795e-06 8.55577e-06 1.17661
730 9.35005e-06 2.23521e-05 3.50512 6.52513e-06 8.98917e-06 1.23578
731 9.60633e-06 2.19514e-05 3.4138 6.91507e-06 8.53015e-06 1.15439
732 9.51062e-06 2.17762e-05 3.37032 6.58609e-06 8.70895e-06 1.17396
733 9.39068e-06 2.27916e-05 3.56529 6.50318e-06 9.14552e-06 1.24903
734 9.23601e-06 2.19291e-05 3.45194 6.61958e-06 8.73178e-06 1.19949
735 9.244e-06 2.34302e-05 3.69041 6.48675e-06 9.23323e-06 1.27333
736 9.45193e-06 2.23815e-05 3.49604 6.74312e-06 9.01163e-06 1.21944
737 9.26991e-06 2.16781e-05 3.36894 6.5254e-06 8.91728e-06 1.22042
738 9.11813e-06 2.22092e-05 3.4685 6.50497e-06 8.59162e-06 1.16065
739 9.06009e-06 2.15222e-05 3.36244 6.37244e-06 8.6395e-06 1.1884
740 9.34692e-06 2.25464e-05 3.53246 6.69126e-06 8.68967e-06 1.16411
741 9.21827e-06 2.21495e-05 3.46902 6.53163e-06 9.0019e-06 1.24509
742 9.21361e-06 2.20626e-05 3.47474 6.55864e-06 8.83308e-06 1.22947
743 9.10854e-06 2.27253e-05 3.58123 6.45713e-06 9.02325e-06 1.22787
744 9.30169e-06 2.20053e-05 3.43823 6.52098e-06 8.69891e-06 1.18346
745 9.38578e-06 2.18578e-05 3.39398 6.84889e-06 8.89733e-06 1.21004
746 9.39162e-06 2.2269e-05 3.47999 6.54718e-06 8.84144e-06 1.19388
747 9.36142e-06 2.20895e-05 3.43284 6.64139e-06 8.76837e-06 1.20876
748 9.47071e-06 2.15363e-05 3.38014 6.57463e-06 8.48224e-06 1.15089
749 9.31217e-06 2.27933e-05 3.56474 6.66865e-06 9.00163e-06 1.23869
750 9.69877e-06 2.18551e-05 3.41121 6.74872e-06 8.82161e-06 1.19117
751 9.33424e-06 2.35957e-05 3.70166 6.71244e-06 9.03764e-06 1.23006
752 9.46569e-06 2.19178e-05 3.3885 6.70865e-06 8.62639e-06 1.14907
753 9.23957e-06 2.17373e-05 3.37718 6.53825e-06 8.57063e-06 1.1523
754 9.14612e-06 2.26756e-05 3.56933 6.40261e-06 8.93063e-06 1.23834
755 9.42128e-06 2.19497e-05 3.42218 6.79737e-06 8.98021e-06 1.23094
756 9.25829e-06 2.15146e-05 3.35428 6.28566e-06 8.78966e-06 1.18274
757 9.10709e-06 2.22065e-05 3.49181 6.53339e-06 9.12136e-06 1.25838
758 9.20215e-06 2.25278e-05 3.50363 6.59314e-06 8.98384e-06 1.20415
759 9.09962e-06 2.16089e-05 3.3246 6.48921e-06 8.50794e-06 1.15309
760 9.25074e-06 2.25471e-05 3.5348 6.65072e-06 8.67422e-06 1.17734
761 9.02368e-06 2.20421e-05 3.39935 6.34118e-06 8.95689e-06 1.19696
762 9.66277e-06 2.09373e-05 3.2315 6.89868e-06 8.38517e-06 1.10711
763 8.8979e-06 2.26169e-05 3.51561 6.41827e-06 9.0559e-06 1.23672
764 9.41824e-06 2.1892e-05 3.41018 6.74532e-06 8.69658e-06 1.17606
765 9.26638e-06 2.32725e-05 3.65346 6.73999e-06 8.80998e-06 1.20114
766 9.24534e-06 2.19626e-05 3.40102 6.5556e-06 8.76919e-06 1.18459
767 9.40127e-06 2.28639e-05 3.5651 6.75217e-06 8.88098e-06 1.2016
768 9.41782e-06 2.15462e-05 3.30403 6.53512e-06 8.61177e-06 1.13422
769 9.53169e-06 2.14427e-05 3.3239 6.50798e-06 8.71218e-06 1.16774
770 9.33686e-06 2.11722e-05 3.31465 6.35502e-06 8.70235e-06 1.21043
771 9.11323e-06 2.19648e-05 3.45156 6.47959e-06 8.59883e-06 1.1755
772 9.03453e-06 2.34849e-05 3.65828 6.42962e-06 9.18577e-06 1.24191
773 8.7566e-06 2.24646e-05 3.50856 6.37636e-06 8.70275e-06 1.17891
774 9.11439e-06 2.22481e-05 3.46592 6.33982e-06 9.22555e-06 1.25274
775 9.10318e-06 2.25653e-05 3.53739 6.31855e-06 8.92962e-06 1.21428
776 9.14207e-06 2.16443e-05 3.36368 6.41997e-06 8.76954e-06 1.19882
777 9.05758e-06 2.17137e-05 3.38821 6.26977e-06 8.81028e-06 1.20083
778 9.14791e-06 2.28589e-05 3.54929 6.41463e-06 8.98848e-06 1.2122
779 9.07357e-06 2.22233e-05 3.45625 6.52499e-06 8.74491e-06 1.19586
780 8.95503e-06 2.22949e-05 3.4711 6.37261e-06 8.93116e-06 1.20779
781 9.15137e-06 2.31162e-05 3.60513 6.54381e-06 8.95234e-06 1.21534
782 9.24943e-06 2.1279e-05 3.30789 6.46243e-06 8.52509e-06 1.16782
783 9.02525e-06 2.21113e-05 3.46642 6.35209e-06 8.71621e-06 1.17556
784 9.37671e-06 2.20733e-05 3.43991 6.46417e-06 8.78288e-06 1.18447
785 8.95896e-06 2.18828e-05 3.40849 6.25261e-06 8.90374e-06 1.22657
786 9.22721e-06 2.31639e-05 3.62642 6.56146e-06 8.9886e-06 1.21645
787 9.00237e-06 2.26998e-05 3.51076 6.28769e-06 9.03521e-06 1.2185
788 9.32831e-06 2.29165e-05 3.55705 6.56601e-06 8.85387e-06 1.17896
789 9.02876e-06 2.17571e-05 3.36513 6.30534e-06 8.63533e-06 1.17315
790 9.40131e-06 2.14561e-05 3.33563 6.32109e-06 8.96577e-06 1.23374
791 8.92366e-06 2.19464e-05 3.42824 6.25089e-06 8.88149e-06 1.22209
792 8.96688e-06 2.24376e-05 3.49249 6.4156e-06 8.83414e-06 1.19326
793 9.1309e-06 2.16824e-05 3.35832 6.46826e-06 8.738e-06 1.17174
794 9.21419e-06 2.21588e-05 3.47431 6.50732e-06 8.72746e-06 1.18723
795 9.08671e-06 2.23107e-05 3.4631 6.34912e-06 8.71951e-06 1.1761
796 9.23567e-06 2.14795e-05 3.3161 6.51202e-06 8.72409e-06 1.17173
797 8.95984e-06 2.23292e-05 3.50658 6.30446e-06 9.10345e-06 1.2635
798 9.50877e-06 2.13603e-05 3.32937 6.76274e-06 8.5517e-06 1.14671
799 8.86882e-06 2.27468e-05 3.54561 6.30117e-06 8.84258e-06 1.18964
800 9.139e-06 2.346e-05 3.67787 6.56409e-06 9.03174e-06 1.21405
801 9.07854e-06 2.22143e-05 3.45212 6.36553e-06 8.80751e-06 1.17589
802 9.1878e-06 2.25553e-05 3.51095 6.50605e-06 8.95456e-06 1.20339
803 9.45195e-06 2.12309e-05 3.28431 6.72668e-06 8.68469e-06 1.1695
804 8.94103e-06 2.19111e-05 3.41914 6.26413e-06 8.88622e-06 1.21792
805 8.7803e-06 2.28595e-05 3.57064 6.38845e-06 8.9761e-06 1.21603
806 9.0763e-06 2.2222e-05 3.47014 6.3719e-06 8.7611e-06 1.19596
807 9.29825e-06 2.16961e-05 3.35589 6.49385e-06 8.72447e-06 1.17548
808 9.04166e-06 2.16392e-05 3.34434 6.32168e-06 8.91116e-06 1.21554
809 9.02635e-06 2.27349e-05 3.53755 6.39326e-06 8.97032e-06 1.19611
810 9.23196e-06 2.22898e-05 3.4632 6.46455e-06 8.704e-06 1.16248
811 9.18308e-06 2.2112e-05 3.44848 6.5259e-06 8.91485e-06 1.19567
812 9.19354e-06 2.19831e-05 3.38925 6.32668e-06 8.89e-06 1.18963
813 9.10911e-06 2.1962e-05 3.413 6.44186e-06 8.62036e-06 1.16514
814 9.02562e-06 2.21778e-05 3.42676 6.31259e-06 8.79102e-06 1.19438
815 8.81324e-06 2.27885e-05 3.53771 6.3812e-06 8.91899e-06 1.1918
816 8.57484e-06 2.2603e-05 3.51879 6.00789e-06 8.81353e-06 1.20019
817 8.9943e-06 2.1992e-05 3.43931 6.27801e-06 8.70263e-06 1.16882
818 9.16551e-06 2.17473e-05 3.38308 6.46274e-06 8.58258e-06 1.16915
819 9.18265e-06 2.2802e-05 3.54092 6.41533e-06 9.07554e-06 1.21383
820 8.84916e-06 2.30054e-05 3.61111 6.20213e-06 8.8977e-06 1.19826
821 9.43197e-06 2.13987e-05 3.2906 6.4843e-06 8.82334e-06 1.17929
822 8.95529e-06 2.21712e-05 3.50078 6.19328e-06 8.77912e-06 1.2017
823 8.89635e-06 2.2307e-05 3.48825 6.29534e-06 8.78501e-06 1.19954
824 9.25647e-06 2.20059e-05 3.36895 6.68799e-06 8.74783e-06 1.17013
825 8.78171e-06 2.30119e-05 3.61977 6.23858e-06 9.01286e-06 1.23819
826 9.33141e-06 2.16994e-05 3.38087 6.54457e-06 8.54957e-06 1.13736
827 8.99868e-06 2.22919e-05 3.43754 6.39927e-06 8.99359e-06 1.21617
828 8.70668e-06 2.2373e-05 3.49808 6.03112e-06 8.87808e-06 1.21002
829 8.95134e-06 2.19356e-05 3.40151 6.21703e-06 8.98559e-06 1.21707
830 9.31359e-06 2.21822e-05 3.45729 6.51321e-06 8.85782e-06 1.20163
831 8.74096e-06 2.20582e-05 3.43667 6.09354e-06 8.63237e-06 1.14811
832 9.05253e-06 2.19342e-05 3.36424 6.48625e-06 8.73962e-06 1.15364
833 9.24393e-06 2.16905e-05 3.38245 6.47793e-06 8.50204e-06 1.14378
834 8.72306e-06 2.27746e-05 3.54578 6.23816e-06 9.02394e-06 1.22407
835 9.04902e-06 2.18164e-05 3.41133 6.36692e-06 8.55884e-06 1.16965
836 9.16578e-06 2.19686e-05 3.36139 6.47532e-06 8.6394e-06 1.15995
837 9.28312e-06 2.12791e-05 3.26631 6.28566e-06 8.63496e-06 1.13373
838 9.00885e-06 2.23597e-05 3.49772 6.52082e-06 8.81363e-06 1.21913
839 9.17621e-06 2.18457e-05 3.3569 6.52749e-06 8.93998e-06 1.19897
840 9.06733e-06 2.26251e-05 3.52652 6.32033e-06 9.07933e-06 1.25084
841 9.38093e-06 2.13176e-05 3.28048 6.42898e-06 8.65679e-06 1.15495
842 8.808e-06 2.24658e-05 3.48401 6.16341e-06 8.91045e-06 1.17954
843 9.24399e-06 2.16451e-05 3.38054 6.49429e-06 8.76677e-06 1.18497
844 9.1184e-06 2.26026e-05 3.51583 6.52202e-06 8.85855e-06 1.18771
845 9.04775e-06 2.29889e-05 3.57029 6.48791e-06 9.14688e-06 1.22113
846 9.40082e-06 2.22208e-05 3.45609 6.60176e-06 8.71209e-06 1.1577
847 8.94437e-06 2.23449e-05 3.47455 6.26762e-06 8.69964e-06 1.17035
848 9.17379e-06 2.21088e-05 3.40947 6.31124e-06 8.92443e-06 1.17974
849 8.96488e-06 2.24299e-05 3.47975 6.20212e-06 8.81541e-06 1.18935
850 9.28618e-06 2.24319e-05 3.47107 6.41198e-06 8.96504e-06 1.21227
851 8.93729e-06 2.21484e-05 3.40492 6.20881e-06 8.98742e-06 1.20207
852 8.81624e-06 2.27476e-05 3.52733 6.31186e-06 9.00688e-06 1.21373
853 9.03366e-06 2.1547e-05 3.29983 6.40431e-06 8.84141e-06 1.19125
854 8.82305e-06 2.22734e-05 3.43597 6.18961e-06 8.92475e-06 1.19213
855 8.96703e-06 2.12296e-05 3.27233 6.20066e-06 8.6435e-06 1.16351
856 8.90944e-06 2.20226e-05 3.43196 6.30237e-06 8.75697e-06 1.19752
857 9.03687e-06 2.11006e-05 3.25436 6.25565e-06 8.46601e-06 1.14783
858 9.16905e-06 2.20753e-05 3.41091 6.2396e-06 8.76548e-06 1.13863
859 8.59615e-06 2.21974e-05 3.44894 6.06288e-06 8.76881e-06 1.16828
860 8.57473e-06 2.16657e-05 3.36191 6.06409e-06 8.73852e-06 1.20765
861 9.17902e-06 2.23062e-05 3.45127 6.37786e-06 8.83227e-06 1.15664
862 9.36751e-06 2.16735e-05 3.34188 6.52022e-06 8.84057e-06 1.17459
863 9.25678e-06 2.27628e-05 3.50985 6.63796e-06 8.9337e-06 1.19113
864 8.67757e-06 2.24164e-05 3.48427 6.02632e-06 8.76926e-06 1.18614
865 9.02441e-06 2.22355e-05 3.4205 6.31231e-06 8.93144e-06 1.18314
866 8.77993e-06 2.1884e-05 3.42559 6.19431e-06 8.65807e-06 1.17271
867 9.00209e-06 2.13514e-05 3.26719 6.19518e-06 8.65944e-06 1.17456
868 9.01036e-06 2.20324e-05 3.426 6.43174e-06 8.75002e-06 1.17911
869 8.77893e-06 2.18461e-05 3.38303 5.97883e-06 8.79604e-06 1.18097
870 9.05873e-06 2.29993e-05 3.55697 6.37063e-06 9.07837e-06 1.20286
871 9.13089e-06 2.21573e-05 3.43191 6.33525e-06 8.65532e-06 1.14757
872 9.12097e-06 2.19199e-05 3.39665 6.30597e-06 8.62113e-06 1.1376
873 9.06821e-06 2.15726e-05 3.32919 6.27816e-06 8.84231e-06 1.19508
874 9.08281e-06 2.21422e-05 3.4363 6.30408e-06 8.95036e-06 1.19786
875 8.87987e-06 2.19868e-05 3.41683 6.1486e-06 8.61107e-06 1.1363
876 8.98424e-06 2.28759e-05 3.52 6.31248e-06 8.86765e-06 1.15746
877 9.20428e-06 2.30389e-05 3.57439 6.46533e-06 8.93073e-06 1.17391
878 9.06753e-06 2.21852e-05 3.42329 6.44979e-06 8.72255e-06 1.14578
879 8.99889e-06 2.17188e-05 3.33826 6.31349e-06 8.60715e-06 1.13504
880 9.04418e-06 2.15746e-05 3.30194 6.29378e-06 8.60653e-06 1.15331
881 8.76125e-06 2.25103e-05 3.50236 6.22127e-06 8.67061e-06 1.18226
882 8.93435e-06 2.16703e-05 3.37477 6.23926e-06 8.72083e-06 1.19351
883 8.57405e-06 2.17865e-05 3.38967 6.09615e-06 8.64225e-06 1.17763
884 8.71926e-06 2.23227e-05 3.4547 6.15362e-06 8.83931e-06 1.18326
885 8.91635e-06 2.26068e-05 3.4763 6.30394e-06 8.98547e-06 1.19046
886 8.97912e-06 2.24932e-05 3.48493 6.42911e-06 8.97019e-06 1.19244
887 9.05324e-06 2.21417e-05 3.44169 6.21447e-06 8.98027e-06 1.21246
888 9.24581e-06 2.18832e-05 3.34192 6.38105e-06 8.7233e-06 1.13895
889 9.07508e-06 2.19344e-05 3.35976 6.14847e-06 8.95679e-06 1.18664
890 8.51128e-06 2.19632e-05 3.39201 5.83905e-06 8.91168e-06 1.20058
891 8.82826e-06 2.21129e-05 3.42014 6.05507e-06 8.69154e-06 1.16235
892 8.95083e-06 2.16502e-05 3.33361 6.1657e-06 8.84502e-06 1.18964
893 8.69769e-06 2.22462e-05 3.45112 6.00808e-06 8.77908e-06 1.17839
894 8.69228e-06 2.2617e-05 3.48643 6.16902e-06 8.85636e-06 1.16874
895 8.76207e-06 2.20536e-05 3.42785 6.08189e-06 8.79178e-06 1.19201
896 9.32653e-06 2.24673e-05 3.45349 6.59513e-06 8.9397e-06 1.18037
897 8.63091e-06 2.34106e-05 3.67457 6.12953e-06 9.10212e-06 1.23103
898 8.86788e-06 2.18746e-05 3.38694 6.05347e-06 8.9505e-06 1.20014
899 8.80427e-06 2.20046e-05 3.38105 6.08046e-06 8.8166e-06 1.17155
900 8.92258e-06 2.2399e-05 3.4591 6.3805e-06 8.94167e-06 1.19878
901 8.9547e-06 2.18459e-05 3.36174 6.17882e-06 8.84632e-06 1.18454
902 8.9419e-06 2.19798e-05 3.3779 6.07011e-06 8.77168e-06 1.17534
903 8.80312e-06 2.2067e-05 3.41715 6.16723e-06 8.92961e-06 1.20549
904 8.547e-06 2.26072e-05 3.50001 6.03708e-06 8.71335e-06 1.16578
905 9.17166e-06 2.2348e-05 3.44203 6.42259e-06 8.71945e-06 1.16156
906 8.84437e-06 2.15614e-05 3.35451 5.91031e-06 8.67278e-06 1.16727
907 8.64041e-06 2.18234e-05 3.38942 5.95108e-06 8.7173e-06 1.17615
908 8.6134e-06 2.23334e-05 3.45285 5.94978e-06 8.77748e-06 1.15449
909 8.78749e-06 2.1602e-05 3.34513 6.01174e-06 8.65136e-06 1.16523
910 9.24745e-06 2.15853e-05 3.29778 6.44305e-06 8.83286e-06 1.16111
911 8.55118e-06 2.29188e-05 3.56709 6.06181e-06 8.86222e-06 1.18783
912 8.44304e-06 2.20963e-05 3.43685 6.05608e-06 8.79601e-06 1.20008
913 8.92195e-06 2.19796e-05 3.40751 6.41731e-06 8.76755e-06 1.17407
914 8.85556e-06 2.25871e-05 3.43858 6.20503e-06 8.9279e-06 1.14109
915 9.03542e-06 2.20691e-05 3.41179 6.2522e-06 8.75796e-06 1.14751
916 9.07972e-06 2.24918e-05 3.49033 6.2177e-06 8.94814e-06 1.20107
917 9.05553e-06 2.27893e-05 3.51126 6.16494e-06 8.91469e-06 1.15252
918 8.85918e-06 2.15127e-05 3.34023 6.04962e-06 8.56852e-06 1.13601
919 8.82155e-06 2.15266e-05 3.33109 6.05056e-06 8.90997e-06 1.21237
920 8.87396e-06 2.24932e-05 3.47869 6.16935e-06 8.83264e-06 1.18809
921 8.88664e-06 2.22323e-05 3.43136 6.18923e-06 8.82231e-06 1.16024
922 8.69798e-06 2.23205e-05 3.45175 6.14061e-06 8.81356e-06 1.17761
923 8.73528e-06 2.2107e-05 3.40861 6.07865e-06 8.72684e-06 1.14088
924 8.71402e-06 2.27076e-05 3.5195 5.99433e-06 8.85206e-06 1.18588
925 8.78068e-06 2.17879e-05 3.36 6.07862e-06 8.80184e-06 1.17179
926 8.87882e-06 2.30716e-05 3.59871 6.21387e-06 8.9542e-06 1.17306
927 8.58298e-06 2.22662e-05 3.44301 5.95764e-06 8.56608e-06 1.13929
928 8.63289e-06 2.27208e-05 3.53035 5.93551e-06 8.80169e-06 1.18383
929 8.56865e-06 2.2204e-05 3.43903 5.97556e-06 8.87811e-06 1.18889
930 8.87741e-06 2.25171e-05 3.48709 6.20501e-06 8.76308e-06 1.16669
931 8.9468e-06 2.19213e-05 3.37296 6.31196e-06 8.62878e-06 1.15153
932 8.70425e-06 2.14438e-05 3.28967 5.98635e-06 8.7988e-06 1.17474
933 8.77452e-06 2.23177e-05 3.44075 6.18224e-06 8.93981e-06 1.18977
934 8.68471e-06 2.1404e-05 3.31057 5.86197e-06 8.63555e-06 1.16209
935 8.81038e-06 2.18469e-05 3.38684 6.05926e-06 8.67608e-06 1.15467
936 8.66983e-06 2.17199e-05 3.37136 6.03559e-06 8.63616e-06 1.17051
937 8.6716e-06 2.20877e-05 3.4313 5.92155e-06 8.80924e-06 1.18694
938 8.58773e-06 2.20337e-05 3.38537 6.08084e-06 8.65991e-06 1.15167
939 8.87866e-06 2.10173e-05 3.23202 6.01982e-06 8.74114e-06 1.16727
940 8.59853e-06 2.25671e-05 3.50816 5.81954e-06 9.0008e-06 1.20867
941 9.05537e-06 2.28222e-05 3.49981 6.40641e-06 8.81115e-06 1.15035
942 8.95748e-06 2.23597e-05 3.46473 6.43169e-06 8.67757e-06 1.16019
943 8.87793e-06 2.24982e-05 3.46395 6.11014e-06 8.82553e-06 1.16732
944 8.45666e-06 2.23405e-05 3.43488 5.85218e-06 8.7606e-06 1.16222
945 8.65288e-06 2.20032e-05 3.37719 6.01486e-06 8.74054e-06 1.15391
946 8.95646e-06 2.18069e-05 3.41183 6.31441e-06 8.63983e-06 1.15491
947 8.90151e-06 2.26516e-05 3.48701 6.29701e-06 8.69956e-06 1.13859
948 8.78026e-06 2.19254e-05 3.35806 5.98736e-06 8.81841e-06 1.15874
949 8.70493e-06 2.3017e-05 3.5644 6.21028e-06 8.93437e-06 1.1843
950 8.79883e-06 2.12518e-05 3.23815 6.08445e-06 8.70055e-06 1.14883
951 8.69741e-06 2.22498e-05 3.441 6.05143e-06 8.65122e-06 1.14754
952 8.99094e-06 2.25809e-05 3.48376 6.38091e-06 8.59464e-06 1.12511
953 8.72229e-06 2.18255e-05 3.35295 6.13604e-06 8.66742e-06 1.15231
954 8.80658e-06 2.19943e-05 3.3888 6.15822e-06 8.6795e-06 1.14666
955 8.67783e-06 2.27647e-05 3.51617 6.03877e-06 8.84806e-06 1.1748
956 8.94864e-06 2.16576e-05 3.30375 6.22006e-06 8.94095e-06 1.18388
957 8.64188e-06 2.25632e-05 3.46224 6.18661e-06 8.86256e-06 1.16014
958 8.63161e-06 2.12174e-05 3.25222 5.89248e-06 8.69162e-06 1.16281
959 8.42837e-06 2.29568e-05 3.55282 5.90815e-06 9.08713e-06 1.22521
960 8.72952e-06 2.2849e-05 3.52476 6.18466e-06 8.95708e-06 1.18384
961 8.37753e-06 2.29954e-05 3.56927 5.98069e-06 8.9424e-06 1.20728
962 9.00242e-06 2.20246e-05 3.37191 6.20012e-06 8.70176e-06 1.13785
963 8.49652e-06 2.16493e-05 3.34618 5.78892e-06 8.71942e-06 1.18562
964 8.73032e-06 2.21166e-05 3.42057 5.93469e-06 8.80316e-06 1.16401
965 8.62596e-06 2.25225e-05 3.46718 5.88397e-06 8.77162e-06 1.14973
966 8.65417e-06 2.25318e-05 3.46628 6.11201e-06 8.74363e-06 1.15534
967 8.72266e-06 2.23931e-05 3.46752 6.12663e-06 8.43752e-06 1.10763
968 8.80323e-06 2.17898e-05 3.33634 6.03922e-06 8.81637e-06 1.16366
969 8.70755e-06 2.19748e-05 3.371 6.08056e-06 8.7131e-06 1.1427
970 8.75142e-06 2.21937e-05 3.39625 6.30077e-06 8.72935e-06 1.14721
971 8.51778e-06 2.25315e-05 3.48092 5.89427e-06 8.81734e-06 1.1611
972 8.86454e-06 2.20501e-05 3.38483 6.16546e-06 8.96367e-06 1.18602
973 8.53971e-06 2.20473e-05 3.39347 5.92948e-06 8.713e-06 1.15279
974 8.80506e-06 2.22463e-05 3.42507 5.94584e-06 8.83035e-06 1.16025
975 8.97481e-06 2.18162e-05 3.34242 6.09662e-06 8.64929e-06 1.12772
976 8.45893e-06 2.28524e-05 3.56611 5.95307e-06 8.81367e-06 1.16644
977 8.22717e-06 2.23286e-05 3.46352 5.59674e-06 8.84842e-06 1.1964
978 8.71533e-06 2.30136e-05 3.53124 6.13628e-06 8.98427e-06 1.18397
979 8.58713e-06 2.21141e-05 3.38079 5.99884e-06 8.85134e-06 1.17248
980 8.27361e-06 2.19889e-05 3.39282 5.63416e-06 8.88757e-06 1.19365
981 8.7296e-06 2.1639e-05 3.26947 5.94175e-06 8.83058e-06 1.15765
982 8.56178e-06 2.21356e-05 3.42667 5.88819e-06 8.76143e-06 1.16202
983 8.62526e-06 2.24276e-05 3.44654 5.92343e-06 8.80904e-06 1.15706
984 8.66299e-06 2.13594e-05 3.2654 5.84194e-06 8.66579e-06 1.13943
985 8.53466e-06 2.26834e-05 3.51815 5.74866e-06 9.03683e-06 1.21203
986 8.62855e-06 2.17855e-05 3.34093 5.86331e-06 8.95524e-06 1.20021
987 8.4026e-06 2.28227e-05 3.53417 5.83459e-06 8.66526e-06 1.16153
988 8.64642e-06 2.21343e-05 3.39706 5.88076e-06 8.81085e-06 1.16369
989 8.66495e-06 2.18653e-05 3.35092 6.01995e-06 8.76058e-06 1.15117
990 8.54278e-06 2.17577e-05 3.34054 5.75433e-06 8.75196e-06 1.16795
991 8.72595e-06 2.15875e-05 3.26945 6.0607e-06 8.80502e-06 1.15173
992 8.66323e-06 2.17165e-05 3.32578 5.89826e-06 8.6866e-06 1.13469
993 8.75919e-06 2.19147e-05 3.35986 6.10812e-06 8.73982e-06 1.14157
994 8.5039e-06 2.1979e-05 3.37127 5.80747e-06 8.85152e-06 1.16544
995 8.57616e-06 2.19875e-05 3.40007 5.8751e-06 8.94406e-06 1.19158
996 8.66415e-06 2.23567e-05 3.44137 6.12681e-06 8.64199e-06 1.13176
997 8.62328e-06 2.18837e-05 3.29261 5.98743e-06 8.807e-06 1.13927
998 8.7376e-06 2.2337e-05 3.42171 6.06464e-06 8.99732e-06 1.18785
999 8.39182e-06 2.16648e-05 3.31213 5.79541e-06 8.7483e-06 1.16169
1000 8.74011e-06 2.31315e-05 3.57381 6.24617e-06 8.95586e-06 1.18289
