10 0.00112649 7.33611e-05 15.78 9.17619e-05 4.94208e-05 11.7772
11 0.00012334 6.7581e-05 14.3193 8.14415e-05 4.56293e-05 10.8378
12 0.000104232 6.40524e-05 13.5526 7.70992e-05 4.50228e-05 10.7604
13 9.81593e-05 6.23773e-05 13.0545 7.56454e-05 4.34803e-05 10.2492
14 0.000112933 6.15446e-05 13.0265 7.22199e-05 4.10923e-05 9.81108
15 9.39706e-05 5.78955e-05 12.2617 6.87206e-05 3.85962e-05 9.31624
16 9.19266e-05 5.73909e-05 11.8658 6.55095e-05 4.01392e-05 9.51002
17 8.38911e-05 5.46314e-05 11.2201 6.78215e-05 3.77374e-05 9.04446
18 8.35477e-05 5.37707e-05 11.3597 6.5043e-05 3.54468e-05 8.68407
19 7.8691e-05 5.14145e-05 10.8986 5.86088e-05 3.28955e-05 7.90706
20 7.85948e-05 5.07725e-05 10.8817 5.98423e-05 3.43962e-05 8.29255
21 7.38818e-05 4.51513e-05 9.61997 5.67572e-05 3.03288e-05 7.26459
22 7.50969e-05 4.81859e-05 10.0491 5.61974e-05 3.34541e-05 7.81251
23 7.14957e-05 4.94346e-05 10.2018 5.74045e-05 3.28686e-05 7.80638
24 7.21435e-05 4.73013e-05 9.82196 5.42399e-05 3.19487e-05 7.62273
25 6.9673e-05 4.52846e-05 9.32967 5.51351e-05 3.15109e-05 7.6672
26 6.9217e-05 4.91003e-05 10.0419 5.49707e-05 3.07346e-05 7.41172
27 6.52681e-05 4.29755e-05 9.00789 5.30197e-05 2.84855e-05 6.89124
28 6.26582e-05 4.02754e-05 8.32984 5.24906e-05 2.88785e-05 7.17367
29 6.49053e-05 4.63413e-05 9.53044 5.02863e-05 3.03371e-05 7.18015
30 6.36603e-05 4.52364e-05 9.07869 5.15373e-05 3.0172e-05 7.20319
31 6.23126e-05 4.30844e-05 8.82351 4.8874e-05 2.88691e-05 6.87234
32 6.26475e-05 4.18396e-05 8.59708 4.69005e-05 2.7148e-05 6.42968
33 6.03315e-05 4.08574e-05 8.41822 4.74468e-05 2.76401e-05 6.61819
34 5.89571e-05 3.8963e-05 8.1075 4.76159e-05 2.65954e-05 6.43534
35 5.86509e-05 3.82687e-05 7.95818 4.7161e-05 2.62496e-05 6.40886
36 5.58847e-05 3.92285e-05 7.83703 4.72172e-05 2.71468e-05 6.63704
37 5.60877e-05 3.74793e-05 7.75442 4.465e-05 2.56202e-05 6.15658
38 5.44315e-05 3.65748e-05 7.54538 4.5654e-05 2.56126e-05 6.26487
39 5.63399e-05 3.58434e-05 7.47891 4.57702e-05 2.45996e-05 5.99441
40 5.83657e-05 3.74648e-05 7.84992 4.56976e-05 2.47305e-05 6.08612
41 5.26499e-05 3.79693e-05 7.52768 4.47181e-05 2.71482e-05 6.47977
42 5.31242e-05 3.97236e-05 7.91057 4.24416e-05 2.54807e-05 6.04574
43 5.13257e-05 3.62571e-05 7.40119 4.38516e-05 2.52409e-05 6.14775
44 5.22396e-05 3.70382e-05 7.62483 4.37861e-05 2.57452e-05 6.25222
45 5.27087e-05 3.47288e-05 7.01456 4.28044e-05 2.51489e-05 5.98001
46 5.30711e-05 3.57952e-05 7.22952 4.17829e-05 2.46106e-05 5.86744
47 5.17756e-05 3.45301e-05 7.24225 4.2082e-05 2.43218e-05 5.84837
48 5.10225e-05 3.61373e-05 7.39622 4.21118e-05 2.40056e-05 5.82516
49 4.99872e-05 3.36655e-05 6.97242 4.08066e-05 2.38336e-05 5.72292
50 5.23447e-05 3.52113e-05 7.16325 4.01622e-05 2.41846e-05 5.69551
51 4.96694e-05 3.43021e-05 6.77047 4.06021e-05 2.44344e-05 5.83393
52 5.12394e-05 3.44467e-05 7.02249 4.13646e-05 2.34133e-05 5.727
53 4.86524e-05 3.39321e-05 6.94046 3.97459e-05 2.27533e-05 5.45296
54 4.84495e-05 3.43709e-05 6.93359 3.95822e-05 2.31947e-05 5.56512
55 4.74026e-05 3.47423e-05 7.05373 4.01669e-05 2.31618e-05 5.60953
56 4.74897e-05 3.33011e-05 6.90227 4.10399e-05 2.21642e-05 5.5298
57 4.79325e-05 3.32997e-05 6.82517 3.9226e-05 2.28065e-05 5.54512
58 4.72271e-05 3.20721e-05 6.7217 3.72681e-05 2.21484e-05 5.33082
59 4.85998e-05 3.12873e-05 6.62601 3.91592e-05 2.19721e-05 5.36289
60 4.9139e-05 3.36652e-05 6.66323 3.84444e-05 2.35959e-05 5.56548
61 4.70534e-05 3.24644e-05 6.6406 3.96825e-05 2.30125e-05 5.63306
62 4.58384e-05 3.50047e-05 6.82232 3.74207e-05 2.2871e-05 5.43609
63 4.47657e-05 3.1704e-05 6.43051 3.89911e-05 2.23475e-05 5.53178
64 4.7274e-05 3.33786e-05 6.74996 3.80201e-05 2.31367e-05 5.61632
65 4.57594e-05 3.11652e-05 6.43376 4.03195e-05 2.1409e-05 5.38248
66 4.63201e-05 3.03473e-05 6.4195 3.61943e-05 2.10894e-05 5.04678
67 4.31411e-05 3.23665e-05 6.44228 3.72599e-05 2.21398e-05 5.33244
68 4.3933e-05 3.16999e-05 6.38228 3.76518e-05 2.23205e-05 5.39465
69 4.45856e-05 3.07994e-05 6.09737 3.45098e-05 2.21233e-05 5.15583
70 4.42809e-05 3.22947e-05 6.34716 3.7724e-05 2.21713e-05 5.35628
71 4.33303e-05 2.86772e-05 5.89713 3.73856e-05 2.07114e-05 5.11451
72 4.30473e-05 2.99846e-05 5.9907 3.51127e-05 2.21023e-05 5.28783
73 4.46311e-05 2.92847e-05 6.03383 3.57513e-05 2.13606e-05 5.2143
74 4.38111e-05 2.92872e-05 6.0494 3.54175e-05 2.049e-05 4.97205
75 4.23761e-05 3.05704e-05 6.04997 3.6936e-05 2.18451e-05 5.2753
76 4.5245e-05 2.82084e-05 5.84169 3.62829e-05 2.19892e-05 5.2656
77 4.37761e-05 2.87185e-05 5.90049 3.35451e-05 2.02442e-05 4.80567
78 4.15281e-05 2.80814e-05 5.74932 3.55768e-05 2.11306e-05 5.12753
79 4.33704e-05 2.86936e-05 5.87202 3.50854e-05 2.06023e-05 4.89826
80 4.38438e-05 3.13272e-05 6.34981 3.40907e-05 2.01103e-05 4.8208
81 4.16298e-05 3.04813e-05 6.13722 3.54589e-05 2.08587e-05 5.07712
82 4.31396e-05 2.82762e-05 5.753 3.54965e-05 2.07137e-05 5.03057
83 4.12452e-05 2.64868e-05 5.48574 3.63204e-05 1.99087e-05 4.91317
84 4.22922e-05 2.88169e-05 5.70849 3.43668e-05 2.03758e-05 4.91359
85 4.14761e-05 2.95615e-05 5.89357 3.49756e-05 2.07941e-05 5.03982
86 4.30324e-05 2.73856e-05 5.86072 3.43583e-05 1.94061e-05 4.78559
87 4.21003e-05 2.88928e-05 5.81193 3.57092e-05 2.08312e-05 5.09319
88 4.21483e-05 2.84133e-05 5.70965 3.53409e-05 2.03173e-05 5.03602
89 3.99124e-05 2.88447e-05 5.73783 3.38789e-05 1.92749e-05 4.74445
90 4.13167e-05 2.93491e-05 5.78496 3.46572e-05 2.1128e-05 5.12088
91 4.10665e-05 2.88586e-05 5.66416 3.46049e-05 2.05352e-05 4.9923
92 3.98492e-05 2.83461e-05 5.65195 3.19849e-05 1.97102e-05 4.71072
93 4.07305e-05 2.70706e-05 5.57838 3.54851e-05 2.00467e-05 4.92943
94 3.93756e-05 2.64918e-05 5.47038 3.25686e-05 1.9641e-05 4.74465
95 4.16342e-05 2.69639e-05 5.55041 3.23598e-05 1.90309e-05 4.59353
96 3.96746e-05 2.68396e-05 5.41305 3.3187e-05 1.98303e-05 4.78378
97 4.05402e-05 2.74329e-05 5.51645 3.36928e-05 2.01133e-05 4.88316
98 3.95102e-05 2.82217e-05 5.56576 3.26889e-05 2.00565e-05 4.78136
99 3.96872e-05 2.78358e-05 5.52072 3.31772e-05 2.06407e-05 4.9758
100 3.93713e-05 2.63373e-05 5.40158 3.4176e-05 1.98463e-05 4.89498
