# ../optics --mode=conv_modified_vs_classical --conv-start=10 --conv-end=1000 --values-start=0.5 --values-end=1 --repetitions=1000 --xsigma=0.8 --output-file=comparison_1000_32_1000_xsigma0.8.txt --multiplier=32 ldata.txt
10 0.000256309 7.65285e-05 16.7024 9.88349e-05 4.80231e-05 11.3435
11 0.000122314 6.84085e-05 14.8335 9.1139e-05 4.18098e-05 10.029
12 0.000120467 7.34528e-05 15.0423 8.97962e-05 4.30705e-05 9.99968
13 0.000109659 6.14192e-05 13.6208 8.19646e-05 3.934e-05 9.38478
14 0.000104434 6.16371e-05 13.2422 7.80099e-05 3.68327e-05 8.91831
15 0.000105909 5.85961e-05 12.3759 7.5498e-05 3.57724e-05 8.39559
16 9.60177e-05 5.59634e-05 11.8794 7.33155e-05 3.48005e-05 8.2878
17 9.34673e-05 5.42632e-05 11.7331 7.12639e-05 3.26539e-05 7.82626
18 9.36882e-05 5.17372e-05 11.3831 6.67992e-05 3.10149e-05 7.50495
19 8.90843e-05 5.20537e-05 11.3996 6.84135e-05 3.1234e-05 7.62604
20 8.81635e-05 4.88251e-05 10.7959 6.34626e-05 2.92289e-05 7.0686
21 9.15989e-05 4.87185e-05 10.8983 6.64535e-05 2.95167e-05 7.23353
22 8.0499e-05 4.62049e-05 9.85534 5.89581e-05 2.72544e-05 6.46831
23 8.12269e-05 4.85774e-05 10.2604 5.82374e-05 2.79028e-05 6.58059
24 7.88354e-05 4.52921e-05 9.58754 5.7545e-05 2.61108e-05 6.11357
25 7.9757e-05 4.59203e-05 9.8713 5.60323e-05 2.66034e-05 6.33975
26 7.48191e-05 4.61099e-05 9.95959 5.50696e-05 2.54502e-05 6.12582
27 7.66196e-05 4.48599e-05 9.55233 5.40225e-05 2.65993e-05 6.30717
28 7.19259e-05 4.23103e-05 8.87865 5.31748e-05 2.42647e-05 5.79866
29 7.27919e-05 4.42714e-05 9.14645 5.09211e-05 2.53622e-05 5.76886
30 7.20302e-05 4.31553e-05 8.88039 5.11808e-05 2.44124e-05 5.72271
31 7.06922e-05 4.1953e-05 9.10103 5.02843e-05 2.35605e-05 5.71584
32 6.77126e-05 4.19572e-05 8.73164 4.781e-05 2.35223e-05 5.4964
33 6.88612e-05 4.14385e-05 8.81954 5.05945e-05 2.34685e-05 5.71742
34 6.79213e-05 4.28982e-05 9.07297 4.9523e-05 2.33389e-05 5.6282
35 6.78318e-05 3.99125e-05 8.50962 4.84305e-05 2.21341e-05 5.28319
36 7.18006e-05 3.84102e-05 8.59511 4.85093e-05 2.20665e-05 5.44791
37 6.44458e-05 4.02687e-05 8.2848 4.63553e-05 2.14793e-05 5.01937
38 6.71316e-05 3.91565e-05 8.37504 4.56084e-05 2.14034e-05 5.13399
39 6.2764e-05 3.99004e-05 8.28848 4.52578e-05 2.14825e-05 5.05768
40 6.13534e-05 3.96678e-05 8.25094 4.48291e-05 2.10816e-05 5.17792
41 6.13793e-05 3.64983e-05 7.82948 4.40315e-05 2.0626e-05 4.91339
42 6.18875e-05 3.51894e-05 7.6475 4.20067e-05 2.03161e-05 4.76261
43 6.37686e-05 3.58758e-05 7.79926 4.21231e-05 2.03708e-05 4.75018
44 6.06236e-05 3.64139e-05 7.65721 4.23532e-05 1.97744e-05 4.66302
45 6.16529e-05 3.73457e-05 7.86704 4.14547e-05 1.94518e-05 4.66232
46 6.08034e-05 3.47919e-05 7.4738 4.25371e-05 1.90986e-05 4.60583
47 5.92971e-05 3.57413e-05 7.57933 4.14265e-05 1.93517e-05 4.56172
48 5.86334e-05 3.44366e-05 7.24437 3.97532e-05 1.90309e-05 4.39503
49 5.9858e-05 3.53818e-05 7.51381 3.98956e-05 1.90727e-05 4.45241
50 6.16955e-05 3.63891e-05 7.65126 3.93975e-05 1.85159e-05 4.34279
51 5.86887e-05 3.43253e-05 7.36469 3.78879e-05 1.85332e-05 4.33761
52 5.93094e-05 3.5385e-05 7.327 3.79713e-05 1.83986e-05 4.25759
53 5.89842e-05 3.45437e-05 7.02993 3.87088e-05 1.87169e-05 4.29909
54 5.79928e-05 3.47847e-05 7.29181 3.84053e-05 1.80479e-05 4.28258
55 5.8468e-05 3.33016e-05 7.13194 3.78877e-05 1.77005e-05 4.15583
56 5.80028e-05 3.43107e-05 7.15663 3.73255e-05 1.8379e-05 4.27621
57 5.41615e-05 3.37684e-05 6.98286 3.59881e-05 1.74767e-05 4.01894
58 5.5532e-05 3.3196e-05 7.00885 3.70892e-05 1.73946e-05 4.13693
59 5.53463e-05 3.27156e-05 6.90892 3.55175e-05 1.68076e-05 3.98081
60 5.61526e-05 3.33678e-05 7.17381 3.65905e-05 1.72705e-05 4.12285
61 5.67875e-05 3.42711e-05 7.19866 3.61098e-05 1.74196e-05 4.05625
62 5.3724e-05 3.30384e-05 6.83779 3.48436e-05 1.71726e-05 3.97975
63 5.63569e-05 3.10384e-05 6.75082 3.50716e-05 1.65266e-05 3.90327
64 5.45283e-05 3.31803e-05 6.99945 3.56849e-05 1.66446e-05 4.02499
65 5.31206e-05 3.16182e-05 6.55566 3.27421e-05 1.58979e-05 3.69503
66 5.59091e-05 3.31527e-05 6.90405 3.36627e-05 1.62318e-05 3.77387
67 5.36537e-05 3.00056e-05 6.38951 3.30044e-05 1.60847e-05 3.78783
68 5.39718e-05 3.1396e-05 6.65597 3.37957e-05 1.61236e-05 3.86115
69 5.48009e-05 3.01451e-05 6.52559 3.50347e-05 1.58748e-05 3.79191
70 5.48992e-05 3.05858e-05 6.43625 3.28423e-05 1.54694e-05 3.62142
71 5.11546e-05 3.09437e-05 6.35601 3.1572e-05 1.54107e-05 3.59455
72 5.47409e-05 3.07202e-05 6.50543 3.22688e-05 1.52307e-05 3.56485
73 5.19918e-05 3.04006e-05 6.42609 3.1671e-05 1.54361e-05 3.61506
74 5.31332e-05 2.92804e-05 6.14788 3.14576e-05 1.48596e-05 3.43456
75 5.25337e-05 3.01467e-05 6.33737 3.04211e-05 1.5074e-05 3.42597
76 5.15718e-05 2.97211e-05 6.22663 3.11769e-05 1.47413e-05 3.43875
77 5.21477e-05 2.88798e-05 6.19188 3.10955e-05 1.44534e-05 3.40848
78 5.11892e-05 2.91214e-05 6.24504 3.18014e-05 1.43072e-05 3.32786
79 5.13207e-05 2.93506e-05 6.25611 3.07282e-05 1.46341e-05 3.41471
80 5.26106e-05 2.8696e-05 6.18309 3.21444e-05 1.40166e-05 3.36168
81 5.14007e-05 3.07219e-05 6.38005 3.03611e-05 1.4961e-05 3.46096
82 5.1304e-05 2.76406e-05 5.85546 2.92395e-05 1.41191e-05 3.24333
83 5.12887e-05 2.91776e-05 6.21808 3.11233e-05 1.41956e-05 3.39629
84 5.02061e-05 2.89973e-05 6.14494 2.91861e-05 1.43202e-05 3.35859
85 5.06464e-05 2.83497e-05 5.98037 3.01731e-05 1.44995e-05 3.40264
86 4.99721e-05 2.74791e-05 5.77734 3.03615e-05 1.41416e-05 3.28089
87 5.06711e-05 2.80986e-05 6.01719 2.99948e-05 1.37784e-05 3.29543
88 5.18871e-05 2.84264e-05 6.0664 3.02915e-05 1.43392e-05 3.34509
89 5.02702e-05 2.83335e-05 6.05777 3.07351e-05 1.37479e-05 3.30469
90 5.03637e-05 2.80583e-05 5.87528 3.10945e-05 1.38242e-05 3.31131
91 4.83639e-05 2.83627e-05 5.90223 2.9055e-05 1.40706e-05 3.25192
92 4.70269e-05 2.79824e-05 5.85454 2.7194e-05 1.36097e-05 3.16324
93 4.87065e-05 2.81728e-05 5.9338 2.89672e-05 1.35315e-05 3.18209
94 5.03057e-05 2.81601e-05 6.08254 2.75718e-05 1.37579e-05 3.19541
95 4.86798e-05 3.02546e-05 6.23715 2.98507e-05 1.44236e-05 3.38744
96 4.89751e-05 2.72705e-05 5.69811 2.85354e-05 1.37304e-05 3.14493
97 4.93403e-05 2.64135e-05 5.57051 2.7686e-05 1.30725e-05 3.03195
98 5.11719e-05 2.87164e-05 6.06089 2.76783e-05 1.38203e-05 3.16977
99 4.92732e-05 2.81865e-05 5.85722 2.88087e-05 1.40082e-05 3.22437
100 4.68612e-05 2.83179e-05 5.69606 2.68246e-05 1.32877e-05 2.98223
101 4.76634e-05 2.80249e-05 5.756 2.7832e-05 1.30328e-05 3.07386
102 4.79251e-05 2.71034e-05 5.68441 2.67473e-05 1.3098e-05 3.01284
103 4.90244e-05 2.77637e-05 5.77654 2.75122e-05 1.30523e-05 3.06907
104 4.79816e-05 2.75053e-05 5.68815 2.70961e-05 1.31099e-05 3.06094
105 4.92498e-05 2.65929e-05 5.67785 2.75499e-05 1.32869e-05 3.08548
106 4.89217e-05 2.60484e-05 5.73822 2.72745e-05 1.28869e-05 3.06623
107 4.78747e-05 2.71019e-05 5.77416 2.61313e-05 1.2537e-05 2.94687
108 4.69908e-05 2.53688e-05 5.42378 2.59928e-05 1.21079e-05 2.81016
109 4.74704e-05 2.45649e-05 5.33895 2.6569e-05 1.17549e-05 2.83662
110 4.75029e-05 2.65228e-05 5.65895 2.69656e-05 1.26311e-05 3.0074
111 4.90262e-05 2.72055e-05 5.84723 2.57191e-05 1.24336e-05 2.93902
112 4.7107e-05 2.70022e-05 5.57229 2.58457e-05 1.29039e-05 2.97091
113 4.80197e-05 2.60947e-05 5.56064 2.59479e-05 1.23449e-05 2.85656
114 4.92669e-05 2.6182e-05 5.68197 2.5202e-05 1.23712e-05 2.89447
115 4.63611e-05 2.70655e-05 5.50426 2.54968e-05 1.28722e-05 2.86231
116 4.65667e-05 2.54426e-05 5.50847 2.52828e-05 1.14955e-05 2.71612
117 4.77753e-05 2.62383e-05 5.56307 2.54826e-05 1.24246e-05 2.87812
118 4.69885e-05 2.72591e-05 5.68628 2.59296e-05 1.29204e-05 3.00011
119 4.80594e-05 2.50883e-05 5.28366 2.58653e-05 1.21154e-05 2.84319
120 4.73361e-05 2.49737e-05 5.39577 2.56646e-05 1.18326e-05 2.788
121 4.76614e-05 2.59926e-05 5.47688 2.51675e-05 1.24132e-05 2.86319
122 4.79578e-05 2.51797e-05 5.40751 2.55012e-05 1.18859e-05 2.83761
123 4.67337e-05 2.61591e-05 5.29956 2.46466e-05 1.21686e-05 2.79568
124 4.57158e-05 2.54236e-05 5.20524 2.5437e-05 1.18689e-05 2.72851
125 4.79915e-05 2.48478e-05 5.35002 2.47572e-05 1.18514e-05 2.71972
126 4.73177e-05 2.59682e-05 5.3569 2.47256e-05 1.18577e-05 2.76168
127 4.67444e-05 2.48773e-05 5.27153 2.41919e-05 1.17396e-05 2.76314
128 4.72149e-05 2.47313e-05 5.27803 2.49357e-05 1.17807e-05 2.75666
129 4.57551e-05 2.50915e-05 5.29538 2.36674e-05 1.18021e-05 2.69191
130 4.71245e-05 2.47381e-05 5.37484 2.40101e-05 1.15915e-05 2.73531
131 4.6428e-05 2.57995e-05 5.39315 2.36547e-05 1.19965e-05 2.70302
132 4.69341e-05 2.56739e-05 5.37548 2.37147e-05 1.14652e-05 2.6858
133 4.69165e-05 2.53843e-05 5.37098 2.45772e-05 1.13778e-05 2.64978
134 4.648e-05 2.41166e-05 5.20132 2.34877e-05 1.11845e-05 2.56292
135 4.71768e-05 2.61347e-05 5.3969 2.45401e-05 1.19159e-05 2.74462
136 4.69916e-05 2.5771e-05 5.32592 2.39841e-05 1.13776e-05 2.58324
137 4.65483e-05 2.38594e-05 5.28709 2.29652e-05 1.11578e-05 2.58446
138 4.58131e-05 2.59165e-05 5.37623 2.45182e-05 1.17436e-05 2.70168
139 4.70529e-05 2.45623e-05 5.3301 2.38943e-05 1.12145e-05 2.63007
140 4.52216e-05 2.59625e-05 5.41796 2.38687e-05 1.16265e-05 2.66378
141 4.6109e-05 2.43974e-05 5.21273 2.31197e-05 1.07656e-05 2.52604
142 4.56246e-05 2.42483e-05 5.11641 2.29512e-05 1.15104e-05 2.51688
143 4.60893e-05 2.54015e-05 5.3116 2.4022e-05 1.13819e-05 2.68878
144 4.51164e-05 2.38206e-05 4.93804 2.30947e-05 1.08589e-05 2.51749
145 4.53708e-05 2.3553e-05 4.8671 2.17533e-05 1.05742e-05 2.4208
146 4.61984e-05 2.44246e-05 5.21811 2.27453e-05 1.13508e-05 2.59776
147 4.55628e-05 2.44087e-05 5.16769 2.23849e-05 1.08144e-05 2.49765
148 4.44481e-05 2.56445e-05 5.1985 2.27269e-05 1.12261e-05 2.53149
149 4.55653e-05 2.31179e-05 4.96434 2.25028e-05 1.03784e-05 2.39319
150 4.62641e-05 2.27834e-05 4.85619 2.26084e-05 1.08791e-05 2.42055
151 4.53244e-05 2.613e-05 5.2566 2.25663e-05 1.15456e-05 2.59616
152 4.55575e-05 2.42826e-05 4.94397 2.24317e-05 1.13172e-05 2.56553
153 4.57927e-05 2.27804e-05 4.8206 2.22871e-05 1.07919e-05 2.47757
154 4.44254e-05 2.2629e-05 4.89449 2.27142e-05 1.08251e-05 2.52102
155 4.50224e-05 2.50598e-05 5.14944 2.16395e-05 1.07836e-05 2.43416
156 4.57107e-05 2.22766e-05 4.91947 2.24523e-05 1.0297e-05 2.43324
157 4.55703e-05 2.38656e-05 5.00546 2.16913e-05 1.03049e-05 2.37028
158 4.4571e-05 2.31799e-05 4.83451 2.18975e-05 1.05331e-05 2.42597
159 4.45443e-05 2.31241e-05 4.88591 2.2098e-05 1.08293e-05 2.48644
160 4.52743e-05 2.34938e-05 4.9999 2.12319e-05 1.03773e-05 2.38244
161 4.44256e-05 2.30894e-05 4.86369 2.1896e-05 1.04552e-05 2.44664
162 4.40887e-05 2.26094e-05 4.8787 2.16457e-05 9.99313e-06 2.32742
163 4.29115e-05 2.31931e-05 4.70313 2.15196e-05 1.03982e-05 2.38204
164 4.58099e-05 2.48858e-05 5.18031 2.18628e-05 1.08007e-05 2.47577
165 4.42719e-05 2.32555e-05 4.71979 2.20645e-05 1.06083e-05 2.44763
166 4.41619e-05 2.2363e-05 4.79577 2.11831e-05 1.04667e-05 2.41418
167 4.57405e-05 2.20684e-05 4.61746 2.04367e-05 9.91044e-06 2.22265
168 4.36852e-05 2.26305e-05 4.79302 2.18069e-05 1.0011e-05 2.30466
169 4.56865e-05 2.36833e-05 4.9861 2.20374e-05 1.05085e-05 2.41343
170 4.45542e-05 2.22971e-05 4.74608 2.12242e-05 1.05312e-05 2.35785
171 4.28813e-05 2.34573e-05 4.92368 2.10263e-05 1.0462e-05 2.40095
172 4.47227e-05 2.40891e-05 4.87639 2.12653e-05 1.06569e-05 2.48796
173 4.34526e-05 2.32876e-05 4.86665 2.1692e-05 1.0459e-05 2.46122
174 4.55496e-05 2.18442e-05 4.77087 2.11207e-05 1.00118e-05 2.29465
175 4.23668e-05 2.24322e-05 4.70676 2.00703e-05 1.073e-05 2.35045
176 4.5675e-05 2.27563e-05 4.87468 2.1605e-05 1.01151e-05 2.38891
177 4.50779e-05 2.30454e-05 4.6666 2.09022e-05 9.94416e-06 2.2872
178 4.4484e-05 2.26053e-05 4.64695 2.12656e-05 1.02345e-05 2.37343
179 4.39968e-05 2.30908e-05 4.87473 2.11251e-05 1.02163e-05 2.35968
180 4.28918e-05 2.23899e-05 4.62653 2.01227e-05 1.01457e-05 2.33318
181 4.3257e-05 2.22048e-05 4.62675 1.98013e-05 9.90093e-06 2.22091
182 4.35515e-05 2.24387e-05 4.67492 2.00561e-05 9.29099e-06 2.15329
183 4.40317e-05 2.20647e-05 4.60612 1.97002e-05 9.56216e-06 2.14804
184 4.45688e-05 2.31777e-05 4.81044 2.03315e-05 1.06087e-05 2.3418
185 4.4791e-05 2.29979e-05 4.8072 2.04222e-05 9.4773e-06 2.18284
186 4.26161e-05 2.40107e-05 4.9387 2.02957e-05 1.04246e-05 2.37335
187 4.42968e-05 2.2578e-05 4.77692 2.1549e-05 9.89142e-06 2.38644
188 4.4725e-05 2.29285e-05 4.61663 1.95508e-05 1.00884e-05 2.19223
189 4.46485e-05 2.31204e-05 4.75631 2.02833e-05 9.8538e-06 2.26092
190 4.41482e-05 2.28376e-05 4.90019 2.09017e-05 9.7562e-06 2.30729
191 4.22186e-05 2.35463e-05 4.72873 2.01883e-05 9.86399e-06 2.24538
192 4.24417e-05 2.14969e-05 4.54429 1.91364e-05 9.50785e-06 2.19452
193 4.49621e-05 2.21511e-05 4.59887 1.96118e-05 9.52331e-06 2.18568
194 4.53857e-05 2.19432e-05 4.67136 1.94967e-05 9.60052e-06 2.21557
195 4.33923e-05 2.14419e-05 4.58538 2.02429e-05 9.75676e-06 2.25069
196 4.33827e-05 2.08038e-05 4.49491 1.9673e-05 9.38902e-06 2.12764
197 4.25546e-05 2.12781e-05 4.45659 1.95077e-05 9.6776e-06 2.21645
198 4.19227e-05 2.04321e-05 4.36599 1.9449e-05 9.38261e-06 2.1648
199 4.46474e-05 2.17849e-05 4.67478 1.94591e-05 9.46947e-06 2.18571
200 4.15309e-05 2.23599e-05 4.54578 1.94136e-05 9.46531e-06 2.14394
201 4.3637e-05 2.25534e-05 4.69186 1.9506e-05 9.48708e-06 2.21077
202 4.43138e-05 2.14579e-05 4.48766 1.9302e-05 9.30804e-06 2.17107
203 4.28015e-05 2.22362e-05 4.48944 2.03488e-05 1.00118e-05 2.26014
204 4.33125e-05 2.19968e-05 4.60094 1.94499e-05 9.40706e-06 2.19739
205 4.39997e-05 2.12654e-05 4.47873 1.94626e-05 9.44121e-06 2.15408
206 4.21704e-05 2.16167e-05 4.49064 1.94392e-05 9.25344e-06 2.15314
207 4.30512e-05 2.12824e-05 4.50382 1.94156e-05 9.32755e-06 2.12694
208 4.49803e-05 2.12675e-05 4.63796 1.95138e-05 9.19615e-06 2.12053
209 4.18267e-05 2.23734e-05 4.52524 1.93779e-05 9.45293e-06 2.16774
210 4.2143e-05 2.2069e-05 4.40107 1.9164e-05 9.71276e-06 2.18231
211 4.27937e-05 2.24719e-05 4.59209 1.90085e-05 9.60963e-06 2.19287
212 4.25055e-05 2.25452e-05 4.50242 1.90385e-05 9.8084e-06 2.17588
213 4.48629e-05 2.22669e-05 4.73018 1.82912e-05 9.73229e-06 2.18237
214 4.19896e-05 2.17239e-05 4.41485 1.90527e-05 9.10285e-06 2.08141
215 4.38116e-05 2.1456e-05 4.42144 1.89419e-05 9.36941e-06 2.10361
216 4.19306e-05 2.11121e-05 4.35685 1.86608e-05 9.14996e-06 2.08815
217 4.31179e-05 2.19456e-05 4.60254 1.96888e-05 9.55039e-06 2.21036
218 4.22301e-05 2.19695e-05 4.57732 1.75623e-05 9.23425e-06 2.02925
219 4.22222e-05 2.15125e-05 4.38551 1.90539e-05 9.36343e-06 2.15533
220 4.26993e-05 2.1477e-05 4.30401 1.81238e-05 9.13875e-06 2.02126
221 4.29861e-05 2.13392e-05 4.51283 1.89213e-05 8.94844e-06 2.04893
222 4.1629e-05 2.14246e-05 4.37915 1.90977e-05 9.29989e-06 2.12352
223 4.2014e-05 2.11339e-05 4.36102 1.93619e-05 9.52973e-06 2.19844
224 4.27008e-05 2.16965e-05 4.41905 1.86048e-05 9.39905e-06 2.11436
225 4.33398e-05 2.11684e-05 4.42256 1.83292e-05 9.17316e-06 2.08374
226 4.30153e-05 2.07391e-05 4.25315 1.77478e-05 9.38273e-06 2.03834
227 4.37795e-05 2.25571e-05 4.70099 1.80302e-05 9.29024e-06 2.07312
228 4.30837e-05 2.05584e-05 4.3422 1.87241e-05 8.99892e-06 2.03492
229 4.34656e-05 2.15235e-05 4.47177 1.90976e-05 8.92932e-06 2.06485
230 4.22142e-05 2.15617e-05 4.3252 1.78754e-05 9.04763e-06 2.02677
231 4.36025e-05 2.23859e-05 4.48872 1.7597e-05 9.02122e-06 2.00808
232 4.1869e-05 2.25403e-05 4.56862 1.93478e-05 9.27736e-06 2.14021
233 4.31498e-05 2.09414e-05 4.24765 1.7838e-05 9.21104e-06 2.02266
234 4.06052e-05 2.19418e-05 4.3232 1.83562e-05 9.00037e-06 2.03508
235 4.3939e-05 2.14167e-05 4.47345 1.7823e-05 8.81584e-06 2.01111
236 4.32758e-05 2.02708e-05 4.17896 1.81768e-05 8.82187e-06 1.98381
237 4.21039e-05 2.17496e-05 4.46843 1.88491e-05 9.11667e-06 2.09569
238 4.19652e-05 2.03706e-05 4.24015 1.8794e-05 8.95639e-06 2.02417
239 4.33046e-05 2.05101e-05 4.17485 1.77486e-05 9.12276e-06 2.05191
240 4.23675e-05 1.99586e-05 4.11072 1.75786e-05 8.58318e-06 1.91571
241 4.31369e-05 2.05967e-05 4.29978 1.70469e-05 8.64942e-06 1.93986
242 4.36959e-05 1.97363e-05 4.19705 1.7078e-05 8.27513e-06 1.89127
243 4.30876e-05 2.17629e-05 4.36955 1.79735e-05 9.11463e-06 2.0731
244 4.23946e-05 2.08556e-05 4.20512 1.78018e-05 8.92621e-06 1.98798
245 4.29417e-05 2.08181e-05 4.32405 1.74913e-05 8.83773e-06 1.97935
246 4.30668e-05 2.05211e-05 4.42826 1.86999e-05 8.7767e-06 2.05337
247 4.15685e-05 2.01376e-05 4.15838 1.75013e-05 8.81552e-06 2.0002
248 4.24135e-05 1.99596e-05 4.10159 1.73911e-05 8.63435e-06 1.93882
249 4.20919e-05 2.11676e-05 4.25049 1.81023e-05 8.66472e-06 1.96429
250 4.28458e-05 2.02725e-05 4.11787 1.77997e-05 8.66058e-06 1.94851
251 4.2139e-05 2.09924e-05 4.2365 1.8398e-05 8.93753e-06 2.06036
252 4.16127e-05 1.98547e-05 4.13575 1.7002e-05 8.47283e-06 1.9264
253 4.25354e-05 2.08484e-05 4.23494 1.78405e-05 9.12184e-06 2.05938
254 4.24673e-05 2.10921e-05 4.18567 1.77989e-05 8.73402e-06 1.95231
255 4.18164e-05 2.15376e-05 4.27515 1.76946e-05 9.1241e-06 2.05596
256 4.20947e-05 2.18534e-05 4.40851 1.72183e-05 8.79584e-06 1.91977
257 4.2002e-05 2.0218e-05 4.16874 1.6882e-05 8.68721e-06 1.92634
258 4.17667e-05 2.08651e-05 4.18948 1.69976e-05 8.70716e-06 1.9429
259 4.10545e-05 1.92382e-05 4.05607 1.73634e-05 8.25245e-06 1.88039
260 4.3263e-05 2.0868e-05 4.24776 1.73729e-05 8.80456e-06 1.96445
261 4.2391e-05 1.96784e-05 4.07714 1.72145e-05 8.50584e-06 1.93138
262 4.3172e-05 1.89716e-05 3.98474 1.63046e-05 8.4571e-06 1.83282
263 4.13921e-05 2.14952e-05 4.40901 1.77379e-05 8.87713e-06 1.99386
264 4.21851e-05 2.11486e-05 4.20422 1.64222e-05 8.2199e-06 1.83476
265 4.24093e-05 1.96269e-05 4.01192 1.68202e-05 8.60599e-06 1.92451
266 4.13697e-05 2.04014e-05 4.23383 1.75824e-05 8.32727e-06 1.89756
267 4.10218e-05 2.10674e-05 4.30639 1.7111e-05 8.23097e-06 1.9168
268 4.12416e-05 2.01826e-05 4.1734 1.77067e-05 8.48993e-06 1.94409
269 4.13933e-05 1.98708e-05 4.05123 1.72486e-05 8.32419e-06 1.92187
270 4.21422e-05 1.89852e-05 3.99814 1.65004e-05 7.97968e-06 1.80306
271 4.12721e-05 2.11624e-05 4.31374 1.72294e-05 8.63421e-06 1.98673
272 4.18004e-05 2.00561e-05 4.18557 1.76061e-05 8.42485e-06 1.96527
273 4.08748e-05 2.0731e-05 4.10913 1.66176e-05 8.79967e-06 1.93604
274 4.13668e-05 2.02047e-05 4.09533 1.6128e-05 8.41449e-06 1.86491
275 4.23718e-05 2.03296e-05 4.22536 1.70434e-05 8.45031e-06 1.91305
276 4.21296e-05 2.09481e-05 4.12876 1.63521e-05 8.55937e-06 1.87111
277 4.16575e-05 2.08377e-05 4.12459 1.60794e-05 8.46998e-06 1.86986
278 4.13524e-05 2.07161e-05 4.17731 1.65336e-05 8.50389e-06 1.90798
279 4.16448e-05 1.95046e-05 4.02894 1.59384e-05 8.00886e-06 1.76254
280 4.10566e-05 1.9939e-05 3.99861 1.54514e-05 8.35933e-06 1.80802
281 4.16946e-05 1.91896e-05 3.98797 1.66561e-05 7.98063e-06 1.79775
282 4.09676e-05 2.00613e-05 4.07371 1.61508e-05 8.28868e-06 1.83208
283 4.13558e-05 1.93537e-05 3.97867 1.68411e-05 8.35947e-06 1.86157
284 4.18997e-05 2.08875e-05 4.23993 1.62032e-05 8.09963e-06 1.81915
285 4.21568e-05 1.93899e-05 3.93199 1.58348e-05 7.83774e-06 1.72432
286 4.29913e-05 1.91115e-05 4.03916 1.65719e-05 7.98502e-06 1.79787
287 4.16106e-05 2.09129e-05 4.13094 1.62962e-05 8.3295e-06 1.83395
288 4.20915e-05 1.9983e-05 4.1473 1.70965e-05 7.79438e-06 1.82864
289 4.16645e-05 2.05233e-05 4.07146 1.66042e-05 8.09154e-06 1.79138
290 4.22622e-05 1.95633e-05 3.97462 1.64234e-05 8.1151e-06 1.83346
291 4.34061e-05 1.98292e-05 4.16866 1.56722e-05 7.89382e-06 1.786
292 4.05366e-05 1.91044e-05 3.85376 1.62719e-05 7.99292e-06 1.76308
293 4.18422e-05 1.89191e-05 3.84375 1.6816e-05 7.66244e-06 1.82448
294 4.062e-05 1.98129e-05 3.98837 1.68746e-05 8.21403e-06 1.86858
295 4.0721e-05 1.95608e-05 4.01179 1.6241e-05 8.17626e-06 1.83349
296 4.19472e-05 1.89555e-05 3.98577 1.63323e-05 8.07078e-06 1.82939
297 4.29224e-05 2.01841e-05 4.08929 1.60549e-05 8.14632e-06 1.85223
298 4.20583e-05 1.95588e-05 4.00212 1.66318e-05 7.80822e-06 1.76842
299 4.15591e-05 2.01893e-05 3.92463 1.58843e-05 8.32291e-06 1.81917
300 4.2224e-05 1.99372e-05 4.01497 1.62205e-05 8.21824e-06 1.81421
301 4.15669e-05 1.85197e-05 3.86965 1.56054e-05 7.89412e-06 1.76398
302 4.05278e-05 1.89939e-05 3.91313 1.58778e-05 7.92536e-06 1.74411
303 4.25583e-05 1.89806e-05 4.03618 1.57737e-05 8.00716e-06 1.79417
304 4.15891e-05 2.01863e-05 3.95456 1.62144e-05 8.29024e-06 1.85022
305 4.14159e-05 1.96634e-05 3.98572 1.60483e-05 8.06173e-06 1.78444
306 4.00551e-05 1.89021e-05 3.84908 1.57415e-05 7.8774e-06 1.76989
307 4.14386e-05 1.91723e-05 3.92017 1.669e-05 7.96952e-06 1.82829
308 4.03943e-05 1.94741e-05 3.87717 1.58059e-05 7.89414e-06 1.79684
309 3.99484e-05 1.9455e-05 3.86112 1.59777e-05 7.98211e-06 1.76886
310 4.14624e-05 2.0259e-05 4.09898 1.5797e-05 8.01953e-06 1.81415
311 4.00481e-05 1.85252e-05 3.73611 1.56149e-05 7.93265e-06 1.71048
312 4.20221e-05 1.86087e-05 3.93815 1.62246e-05 8.0811e-06 1.80588
313 4.18183e-05 1.93799e-05 3.94432 1.54906e-05 7.81535e-06 1.73181
314 3.9949e-05 1.94496e-05 3.88479 1.53754e-05 7.98383e-06 1.76334
315 4.08783e-05 2.0367e-05 4.02467 1.62031e-05 7.9661e-06 1.79893
316 4.13113e-05 1.84046e-05 3.79075 1.52074e-05 7.74783e-06 1.7147
317 4.0298e-05 1.96625e-05 3.95782 1.58538e-05 7.89981e-06 1.77227
318 4.15585e-05 1.91949e-05 3.87081 1.50293e-05 7.68604e-06 1.71472
319 4.11811e-05 2.03392e-05 3.99176 1.52085e-05 7.91662e-06 1.772
320 4.245e-05 1.95571e-05 3.95837 1.5216e-05 7.67881e-06 1.6902
321 3.95711e-05 2.02762e-05 3.95405 1.55172e-05 7.96178e-06 1.7614
322 4.15912e-05 1.8539e-05 3.77455 1.56462e-05 7.56698e-06 1.6949
323 4.11932e-05 1.94992e-05 4.01025 1.56461e-05 7.73075e-06 1.74728
324 4.23393e-05 1.8535e-05 3.84079 1.5109e-05 7.76453e-06 1.68329
325 4.24143e-05 1.946e-05 3.96256 1.55827e-05 8.02277e-06 1.81201
326 4.08875e-05 1.97865e-05 3.84466 1.56027e-05 7.89379e-06 1.7733
327 4.05799e-05 1.88983e-05 3.7056 1.53384e-05 7.95525e-06 1.73692
328 4.11514e-05 1.95289e-05 3.94463 1.51894e-05 7.87273e-06 1.7202
329 4.19345e-05 1.87872e-05 3.90589 1.53436e-05 7.60403e-06 1.71616
330 4.16147e-05 1.90694e-05 3.82929 1.53292e-05 7.57347e-06 1.66767
331 4.21269e-05 1.88663e-05 3.97623 1.56547e-05 7.61303e-06 1.7431
332 4.20619e-05 1.88958e-05 3.80901 1.52208e-05 7.40614e-06 1.68828
333 4.07781e-05 1.91815e-05 3.88095 1.54382e-05 7.88377e-06 1.77127
334 4.27175e-05 1.85098e-05 3.77167 1.44777e-05 7.2249e-06 1.59397
335 4.13171e-05 1.87531e-05 3.83555 1.49966e-05 7.49633e-06 1.70148
336 4.02287e-05 1.89684e-05 3.82914 1.49975e-05 7.81101e-06 1.77774
337 4.06709e-05 2.0309e-05 3.82027 1.53575e-05 8.06616e-06 1.74805
338 4.25705e-05 1.83127e-05 3.78687 1.47262e-05 7.6257e-06 1.66626
339 4.08033e-05 1.89784e-05 3.95428 1.5386e-05 7.40544e-06 1.65415
340 4.09168e-05 1.91679e-05 3.7866 1.43946e-05 7.76124e-06 1.70137
341 4.04692e-05 1.85346e-05 3.66728 1.44725e-05 7.64975e-06 1.66929
342 4.05023e-05 1.94115e-05 3.73043 1.46161e-05 7.8489e-06 1.69586
343 4.05062e-05 1.93023e-05 3.85834 1.52843e-05 7.8461e-06 1.71581
344 4.08549e-05 1.83668e-05 3.73097 1.61723e-05 7.50731e-06 1.74225
345 4.15938e-05 1.8056e-05 3.52564 1.44256e-05 7.26911e-06 1.56542
346 4.15468e-05 1.8651e-05 3.89161 1.4737e-05 7.41783e-06 1.66127
347 4.11751e-05 1.99334e-05 3.84137 1.43849e-05 7.91121e-06 1.71039
348 4.10477e-05 1.85114e-05 3.74462 1.48607e-05 7.48949e-06 1.67263
349 4.05456e-05 1.81843e-05 3.75427 1.50208e-05 7.59649e-06 1.70621
350 4.14493e-05 1.8953e-05 3.76259 1.49959e-05 7.71887e-06 1.6969
351 3.98623e-05 1.85103e-05 3.73284 1.47696e-05 7.30314e-06 1.62478
352 4.01671e-05 1.89286e-05 3.83056 1.46628e-05 7.56847e-06 1.65411
353 4.02072e-05 1.91239e-05 3.74643 1.47161e-05 7.43332e-06 1.66533
354 4.16368e-05 1.88126e-05 3.82801 1.43401e-05 7.56643e-06 1.63885
355 3.91874e-05 1.93812e-05 3.85868 1.52136e-05 7.57389e-06 1.72048
356 4.00016e-05 1.84201e-05 3.77226 1.46552e-05 7.52774e-06 1.65535
357 4.15163e-05 1.92156e-05 3.79426 1.50323e-05 7.60296e-06 1.68127
358 4.09944e-05 1.86941e-05 3.83257 1.46572e-05 7.36786e-06 1.63541
359 4.16279e-05 1.9126e-05 3.88358 1.45476e-05 7.45305e-06 1.67009
360 4.0613e-05 1.9012e-05 3.65856 1.49049e-05 7.47871e-06 1.65153
361 4.19265e-05 1.88198e-05 3.8033 1.44698e-05 7.47079e-06 1.6752
362 4.08608e-05 1.87674e-05 3.76199 1.47254e-05 7.41889e-06 1.68004
363 4.06559e-05 1.93907e-05 3.70524 1.45227e-05 7.69223e-06 1.67383
364 4.02604e-05 1.76162e-05 3.54408 1.49555e-05 7.29902e-06 1.59094
365 4.20086e-05 1.78006e-05 3.7653 1.43411e-05 7.23996e-06 1.59493
366 4.18639e-05 1.7459e-05 3.59125 1.47454e-05 7.09398e-06 1.57252
367 4.16419e-05 1.87359e-05 3.8152 1.43943e-05 7.29131e-06 1.63636
368 4.22076e-05 1.82418e-05 3.75933 1.36114e-05 7.26441e-06 1.59375
369 4.0517e-05 1.76633e-05 3.67464 1.47137e-05 7.20677e-06 1.63727
370 4.07379e-05 1.913e-05 3.76894 1.48305e-05 7.42103e-06 1.65854
371 4.14205e-05 1.8686e-05 3.70451 1.39125e-05 7.38236e-06 1.5853
372 4.18087e-05 1.84914e-05 3.78914 1.44748e-05 7.3035e-06 1.62978
373 4.00143e-05 1.98556e-05 3.76206 1.42817e-05 7.44389e-06 1.62995
374 4.08552e-05 1.7803e-05 3.55397 1.35382e-05 7.05645e-06 1.53306
375 3.99182e-05 1.77457e-05 3.54821 1.45513e-05 7.20462e-06 1.6017
376 4.09215e-05 1.85413e-05 3.54225 1.40895e-05 7.41359e-06 1.60621
377 4.04408e-05 1.85279e-05 3.68244 1.37195e-05 7.15632e-06 1.54241
378 4.1235e-05 1.91052e-05 3.77066 1.44373e-05 7.29286e-06 1.62589
379 4.08453e-05 1.84828e-05 3.68337 1.48612e-05 7.27047e-06 1.59962
380 4.04546e-05 1.88576e-05 3.6975 1.42955e-05 7.5695e-06 1.66847
381 4.04278e-05 1.80721e-05 3.68025 1.46351e-05 7.26408e-06 1.62248
382 4.26319e-05 1.8285e-05 3.68742 1.43475e-05 7.05893e-06 1.56723
383 4.1887e-05 1.85926e-05 3.78164 1.42576e-05 7.15622e-06 1.58074
384 4.01927e-05 1.96709e-05 3.77046 1.45768e-05 7.52846e-06 1.64051
385 4.01173e-05 1.83388e-05 3.61093 1.40306e-05 7.33783e-06 1.59219
386 4.03805e-05 1.89427e-05 3.74483 1.40147e-05 7.414e-06 1.62639
387 4.02462e-05 1.86665e-05 3.63491 1.39256e-05 7.3413e-06 1.60527
388 4.18204e-05 1.84172e-05 3.75044 1.43353e-05 7.0279e-06 1.5618
389 4.10578e-05 1.8633e-05 3.74031 1.44073e-05 7.14782e-06 1.5836
390 4.06111e-05 1.81507e-05 3.54695 1.36879e-05 7.24508e-06 1.53485
391 4.09323e-05 1.8722e-05 3.6946 1.35742e-05 7.37167e-06 1.56108
392 4.02847e-05 1.7802e-05 3.55143 1.40404e-05 7.06749e-06 1.5637
393 4.01544e-05 1.81793e-05 3.59113 1.39652e-05 6.98592e-06 1.54565
394 4.07151e-05 1.94555e-05 3.77826 1.34247e-05 7.36236e-06 1.58196
395 3.99868e-05 1.86317e-05 3.69866 1.42403e-05 7.39797e-06 1.59605
396 4.17412e-05 1.82585e-05 3.75612 1.37637e-05 7.06048e-06 1.54147
397 3.95697e-05 1.87523e-05 3.69756 1.40826e-05 7.3403e-06 1.65456
398 4.02744e-05 1.79547e-05 3.54313 1.38598e-05 7.10474e-06 1.50547
399 4.05128e-05 1.86985e-05 3.55831 1.36707e-05 7.09917e-06 1.53874
400 3.99641e-05 1.8056e-05 3.48879 1.34907e-05 7.22349e-06 1.55436
401 4.15684e-05 1.81845e-05 3.6094 1.3744e-05 7.08567e-06 1.54694
402 4.07184e-05 1.78544e-05 3.55411 1.31889e-05 7.12495e-06 1.53548
403 4.11737e-05 1.7601e-05 3.51249 1.38131e-05 7.15483e-06 1.54958
404 3.99848e-05 1.82707e-05 3.61215 1.38123e-05 7.06408e-06 1.55574
405 4.0033e-05 1.77278e-05 3.49096 1.41548e-05 7.18589e-06 1.58495
406 3.99831e-05 1.84864e-05 3.52064 1.37879e-05 7.32598e-06 1.60691
407 4.0386e-05 1.78585e-05 3.47369 1.33446e-05 7.06664e-06 1.52222
408 4.02281e-05 1.74428e-05 3.50157 1.34825e-05 6.96026e-06 1.50545
409 4.15982e-05 1.76583e-05 3.57296 1.35949e-05 6.88322e-06 1.52654
410 4.01805e-05 1.86193e-05 3.73004 1.33063e-05 7.13565e-06 1.57317
411 4.05153e-05 1.83126e-05 3.71973 1.40168e-05 7.16559e-06 1.58919
412 4.01489e-05 1.8754e-05 3.59251 1.37536e-05 6.86464e-06 1.49505
413 3.99127e-05 1.69883e-05 3.44061 1.33543e-05 6.99249e-06 1.52354
414 4.17954e-05 1.79469e-05 3.67202 1.32167e-05 7.10495e-06 1.53901
415 4.13602e-05 1.80501e-05 3.47417 1.3432e-05 7.04144e-06 1.51109
416 4.0763e-05 1.78052e-05 3.57639 1.35315e-05 6.68895e-06 1.47865
417 4.00474e-05 1.78667e-05 3.45419 1.40335e-05 7.04865e-06 1.54581
418 4.02593e-05 1.85374e-05 3.54921 1.29557e-05 7.30116e-06 1.52363
419 4.07885e-05 1.77058e-05 3.46082 1.38254e-05 6.8002e-06 1.5123
420 4.03902e-05 1.76069e-05 3.43622 1.37386e-05 7.14596e-06 1.52615
421 4.06872e-05 1.85057e-05 3.62272 1.34558e-05 7.26805e-06 1.54138
422 4.01576e-05 1.7251e-05 3.45061 1.38655e-05 7.05336e-06 1.51304
423 4.12049e-05 1.73513e-05 3.5734 1.36486e-05 7.04809e-06 1.54132
424 4.03545e-05 1.78906e-05 3.48953 1.31417e-05 7.01311e-06 1.49173
425 3.94333e-05 1.79121e-05 3.54974 1.36424e-05 6.85636e-06 1.52952
426 3.99476e-05 1.79787e-05 3.52051 1.40538e-05 7.10208e-06 1.56027
427 4.00194e-05 1.73832e-05 3.34908 1.34777e-05 7.15194e-06 1.55975
428 4.11649e-05 1.85474e-05 3.70946 1.34627e-05 6.9955e-06 1.50653
429 4.04976e-05 1.71307e-05 3.45306 1.41792e-05 6.87194e-06 1.55454
430 3.99118e-05 1.80214e-05 3.42951 1.29969e-05 6.76003e-06 1.48898
431 4.01626e-05 1.78769e-05 3.53675 1.29855e-05 7.0822e-06 1.51606
432 3.95355e-05 1.82664e-05 3.58888 1.41898e-05 7.04727e-06 1.56874
433 3.95657e-05 1.75956e-05 3.46745 1.41076e-05 6.98492e-06 1.53096
434 4.07159e-05 1.73512e-05 3.37522 1.35818e-05 7.15203e-06 1.52715
435 4.06458e-05 1.78664e-05 3.55126 1.30984e-05 6.68817e-06 1.4524
436 3.9209e-05 1.82353e-05 3.38549 1.33844e-05 6.94036e-06 1.48463
437 4.1849e-05 1.82407e-05 3.55866 1.29328e-05 7.06672e-06 1.51041
438 3.98297e-05 1.74658e-05 3.47492 1.39013e-05 6.93821e-06 1.50723
439 4.07847e-05 1.81056e-05 3.52963 1.35943e-05 6.95488e-06 1.51313
440 4.029e-05 1.78416e-05 3.43438 1.29442e-05 6.9568e-06 1.49573
441 4.02271e-05 1.77191e-05 3.32238 1.32989e-05 6.824e-06 1.46219
442 4.02629e-05 1.68141e-05 3.38539 1.36068e-05 6.85529e-06 1.52339
443 4.10623e-05 1.79685e-05 3.55757 1.36186e-05 6.79624e-06 1.49756
444 4.0959e-05 1.77895e-05 3.44222 1.32225e-05 7.0491e-06 1.53309
445 4.01345e-05 1.88177e-05 3.68232 1.34831e-05 6.87304e-06 1.52048
446 3.98815e-05 1.7808e-05 3.47253 1.31055e-05 6.71583e-06 1.44377
447 4.09149e-05 1.78196e-05 3.5567 1.32934e-05 7.01306e-06 1.49892
448 4.05356e-05 1.69516e-05 3.40598 1.30057e-05 6.48869e-06 1.43648
449 4.17069e-05 1.70235e-05 3.51046 1.29553e-05 6.59406e-06 1.42222
450 4.01782e-05 1.82686e-05 3.49328 1.3004e-05 7.26282e-06 1.55083
451 4.01128e-05 1.79974e-05 3.5469 1.30882e-05 6.75963e-06 1.47923
452 4.00748e-05 1.69776e-05 3.39855 1.32351e-05 6.83687e-06 1.51369
453 4.11857e-05 1.7578e-05 3.57833 1.3021e-05 6.84436e-06 1.47602
454 4.13132e-05 1.68461e-05 3.49913 1.35114e-05 6.52321e-06 1.436
455 4.04548e-05 1.83349e-05 3.48553 1.31394e-05 6.86317e-06 1.48782
456 4.03527e-05 1.76296e-05 3.3957 1.29065e-05 6.73773e-06 1.43846
457 3.92531e-05 1.8119e-05 3.35608 1.36495e-05 7.07698e-06 1.53784
458 4.04376e-05 1.70972e-05 3.31751 1.28729e-05 6.64912e-06 1.42838
459 4.01839e-05 1.80355e-05 3.3569 1.26238e-05 6.92194e-06 1.46912
460 3.96272e-05 1.83721e-05 3.39859 1.30271e-05 6.86084e-06 1.48808
461 4.03173e-05 1.78719e-05 3.44881 1.31027e-05 6.9246e-06 1.48229
462 4.09007e-05 1.6501e-05 3.33942 1.23877e-05 6.60878e-06 1.42051
463 4.07658e-05 1.72321e-05 3.44003 1.3325e-05 6.83019e-06 1.49542
464 4.01041e-05 1.88353e-05 3.49012 1.28621e-05 7.15291e-06 1.55191
465 4.05371e-05 1.7621e-05 3.44391 1.24692e-05 6.76586e-06 1.4162
466 3.95348e-05 1.73125e-05 3.30244 1.32429e-05 6.87239e-06 1.4729
467 3.95443e-05 1.78804e-05 3.43486 1.25591e-05 6.94564e-06 1.45401
468 4.00819e-05 1.74296e-05 3.54701 1.29053e-05 6.38869e-06 1.43174
469 4.01908e-05 1.76294e-05 3.5021 1.27439e-05 6.67909e-06 1.42782
470 4.0621e-05 1.8249e-05 3.3417 1.27871e-05 6.98356e-06 1.48113
471 3.98729e-05 1.81776e-05 3.49915 1.23258e-05 6.73048e-06 1.455
472 4.0025e-05 1.78928e-05 3.45656 1.26606e-05 6.63186e-06 1.48216
473 3.87849e-05 1.71378e-05 3.30836 1.28773e-05 6.82098e-06 1.48807
474 3.97684e-05 1.83642e-05 3.43262 1.26538e-05 7.04103e-06 1.49345
475 3.94682e-05 1.85438e-05 3.50747 1.29116e-05 6.86847e-06 1.48158
476 4.05572e-05 1.77044e-05 3.38244 1.29929e-05 6.73921e-06 1.43309
477 4.02838e-05 1.79964e-05 3.39793 1.2785e-05 7.17e-06 1.51801
478 4.02916e-05 1.69918e-05 3.40064 1.28035e-05 6.60847e-06 1.42934
479 3.91875e-05 1.69517e-05 3.17405 1.26326e-05 6.74733e-06 1.42979
480 4.02709e-05 1.77184e-05 3.39232 1.27527e-05 6.7869e-06 1.4537
481 4.11734e-05 1.69694e-05 3.43701 1.23667e-05 6.22522e-06 1.3865
482 4.05378e-05 1.76801e-05 3.37844 1.26175e-05 6.48001e-06 1.43242
483 4.0101e-05 1.71549e-05 3.248 1.25293e-05 6.48729e-06 1.41791
484 3.94396e-05 1.78482e-05 3.2274 1.284e-05 6.6626e-06 1.43325
485 3.99608e-05 1.87451e-05 3.47926 1.2324e-05 6.76365e-06 1.44279
486 4.03716e-05 1.75049e-05 3.33591 1.24835e-05 6.45579e-06 1.39506
487 3.95705e-05 1.76469e-05 3.45934 1.28148e-05 6.73689e-06 1.44874
488 4.06633e-05 1.75985e-05 3.43199 1.25027e-05 6.57473e-06 1.42491
489 3.96975e-05 1.73786e-05 3.35617 1.23943e-05 6.66009e-06 1.42913
490 3.99e-05 1.81144e-05 3.37686 1.28008e-05 6.63125e-06 1.4532
491 4.03232e-05 1.69098e-05 3.3239 1.23687e-05 6.48348e-06 1.42262
492 4.04496e-05 1.74398e-05 3.33594 1.24046e-05 6.62842e-06 1.41707
493 3.93792e-05 1.87242e-05 3.6079 1.28341e-05 6.81753e-06 1.49951
494 4.11484e-05 1.73011e-05 3.33838 1.22969e-05 6.67267e-06 1.42659
495 3.91676e-05 1.76142e-05 3.30471 1.23591e-05 6.83116e-06 1.4518
496 3.92859e-05 1.79537e-05 3.28007 1.26086e-05 6.75281e-06 1.4265
497 4.05574e-05 1.7315e-05 3.39771 1.2039e-05 6.30763e-06 1.39254
498 4.00883e-05 1.69382e-05 3.30249 1.2979e-05 6.64482e-06 1.47377
499 4.00413e-05 1.75522e-05 3.37352 1.28998e-05 6.43075e-06 1.38343
500 3.96058e-05 1.68464e-05 3.30657 1.2521e-05 6.61493e-06 1.4309
501 3.94872e-05 1.80033e-05 3.30794 1.2242e-05 6.74448e-06 1.44581
502 3.99241e-05 1.72812e-05 3.30757 1.23814e-05 6.49217e-06 1.39163
503 3.97799e-05 1.85331e-05 3.43497 1.25507e-05 6.64235e-06 1.41588
504 3.9643e-05 1.71814e-05 3.33201 1.21023e-05 6.49531e-06 1.40829
505 4.00711e-05 1.69031e-05 3.25765 1.20852e-05 6.3861e-06 1.37038
506 3.97125e-05 1.72974e-05 3.31228 1.26973e-05 6.51452e-06 1.42509
507 3.95599e-05 1.71965e-05 3.21617 1.19168e-05 6.52281e-06 1.3719
508 3.89468e-05 1.75868e-05 3.3066 1.2345e-05 6.58917e-06 1.42533
509 3.98335e-05 1.75213e-05 3.3147 1.19959e-05 6.53992e-06 1.38664
510 4.02768e-05 1.69285e-05 3.1958 1.28069e-05 6.50526e-06 1.37466
511 4.01193e-05 1.74708e-05 3.31089 1.23929e-05 6.45376e-06 1.37514
512 3.99727e-05 1.7958e-05 3.47744 1.20818e-05 6.78909e-06 1.42878
513 4.01125e-05 1.65302e-05 3.2426 1.19212e-05 6.17054e-06 1.33069
514 3.92875e-05 1.82041e-05 3.27924 1.20175e-05 6.71625e-06 1.42531
515 3.97404e-05 1.76294e-05 3.22121 1.24933e-05 6.48514e-06 1.3741
516 3.99247e-05 1.73629e-05 3.36223 1.21788e-05 6.54375e-06 1.39207
517 3.9632e-05 1.68962e-05 3.30934 1.24486e-05 6.62866e-06 1.44519
518 4.00441e-05 1.7532e-05 3.40098 1.24263e-05 6.64327e-06 1.41876
519 3.96493e-05 1.69784e-05 3.19245 1.16453e-05 6.42268e-06 1.34772
520 4.02989e-05 1.73046e-05 3.26607 1.1712e-05 6.59341e-06 1.39642
521 4.08663e-05 1.80593e-05 3.45081 1.25913e-05 6.72713e-06 1.4105
522 4.06976e-05 1.64916e-05 3.1793 1.19082e-05 6.46426e-06 1.36972
523 4.0503e-05 1.77935e-05 3.31378 1.24109e-05 6.35146e-06 1.3448
524 3.99582e-05 1.71227e-05 3.17981 1.15319e-05 6.66918e-06 1.3567
525 3.96283e-05 1.75011e-05 3.26917 1.16053e-05 6.39786e-06 1.34569
526 3.98804e-05 1.78181e-05 3.23098 1.21697e-05 6.79101e-06 1.40929
527 3.94204e-05 1.75953e-05 3.36456 1.25152e-05 6.46708e-06 1.43812
528 3.9415e-05 1.7682e-05 3.33833 1.2224e-05 6.43935e-06 1.39829
529 4.07569e-05 1.65027e-05 3.25983 1.21565e-05 6.46609e-06 1.3798
530 3.98132e-05 1.68877e-05 3.29402 1.22169e-05 6.47194e-06 1.39246
531 3.94952e-05 1.63928e-05 3.14574 1.19239e-05 6.31655e-06 1.34919
532 4.02053e-05 1.70148e-05 3.12182 1.21192e-05 6.41123e-06 1.36246
533 3.96725e-05 1.75903e-05 3.31897 1.23407e-05 6.59671e-06 1.41431
534 4.00279e-05 1.7073e-05 3.27153 1.16806e-05 6.21955e-06 1.30591
535 4.01488e-05 1.68305e-05 3.26805 1.21334e-05 6.29233e-06 1.34997
536 4.00159e-05 1.63959e-05 3.1769 1.15489e-05 6.313e-06 1.31677
537 4.02294e-05 1.80262e-05 3.27784 1.20857e-05 6.74576e-06 1.40232
538 4.0305e-05 1.74575e-05 3.42483 1.19785e-05 6.47102e-06 1.38827
539 3.99656e-05 1.64636e-05 3.23391 1.17551e-05 6.53874e-06 1.37105
540 4.03216e-05 1.66015e-05 3.10262 1.1276e-05 6.27183e-06 1.30444
541 3.98133e-05 1.79884e-05 3.39432 1.18495e-05 6.64229e-06 1.42591
542 4.02243e-05 1.64572e-05 3.13237 1.12429e-05 6.13586e-06 1.27007
543 3.98214e-05 1.68358e-05 3.16978 1.16244e-05 6.52072e-06 1.37296
544 3.96213e-05 1.64947e-05 3.14517 1.16376e-05 6.62306e-06 1.35932
545 3.95847e-05 1.65326e-05 3.18063 1.23393e-05 6.39679e-06 1.39282
546 3.99265e-05 1.70936e-05 3.20601 1.18393e-05 6.3242e-06 1.33272
547 3.87127e-05 1.72547e-05 3.27454 1.19241e-05 6.54049e-06 1.37395
548 4.0785e-05 1.62849e-05 3.24491 1.21462e-05 6.17424e-06 1.33163
549 4.05359e-05 1.59109e-05 3.16721 1.21e-05 6.38182e-06 1.4079
550 4.0159e-05 1.73415e-05 3.29124 1.14752e-05 6.2741e-06 1.34134
551 4.02745e-05 1.65173e-05 3.16877 1.14976e-05 6.39911e-06 1.34113
552 3.93302e-05 1.65526e-05 3.06682 1.19996e-05 6.54308e-06 1.37346
553 3.99035e-05 1.76046e-05 3.24282 1.17952e-05 6.79896e-06 1.40633
554 3.99554e-05 1.66803e-05 3.25322 1.17215e-05 6.12447e-06 1.30785
555 3.9973e-05 1.63716e-05 3.20011 1.18045e-05 6.36397e-06 1.31611
556 4.06139e-05 1.6531e-05 3.20852 1.1388e-05 6.15571e-06 1.29047
557 3.96938e-05 1.64179e-05 3.15046 1.14494e-05 6.17607e-06 1.31049
558 4.02151e-05 1.73626e-05 3.19173 1.15773e-05 6.42505e-06 1.31792
559 4.02927e-05 1.715e-05 3.25133 1.18538e-05 6.34148e-06 1.34446
560 3.96384e-05 1.688e-05 3.17875 1.21566e-05 6.27125e-06 1.31685
561 4.05325e-05 1.62044e-05 3.15987 1.16631e-05 5.96415e-06 1.26679
562 3.89029e-05 1.65773e-05 3.20015 1.1459e-05 6.51775e-06 1.33187
563 4.01348e-05 1.68581e-05 3.32333 1.15973e-05 6.12185e-06 1.29534
564 3.92082e-05 1.7105e-05 3.19649 1.15022e-05 6.23614e-06 1.30561
565 3.948e-05 1.74165e-05 3.22193 1.18231e-05 6.43485e-06 1.37232
566 4.01746e-05 1.6509e-05 3.14625 1.13008e-05 6.33961e-06 1.30778
567 3.95323e-05 1.66988e-05 3.14329 1.16229e-05 6.22717e-06 1.30787
568 4.07042e-05 1.60694e-05 3.15944 1.16141e-05 6.19203e-06 1.30198
569 3.96691e-05 1.79998e-05 3.32651 1.13912e-05 6.47987e-06 1.35607
570 3.99747e-05 1.73599e-05 3.2787 1.19118e-05 6.29681e-06 1.36083
571 3.98614e-05 1.64819e-05 3.16252 1.20252e-05 6.07331e-06 1.32369
572 3.95304e-05 1.61836e-05 3.11362 1.14297e-05 6.05526e-06 1.23202
573 3.89228e-05 1.69277e-05 3.17035 1.1454e-05 6.32929e-06 1.28545
574 3.98597e-05 1.67152e-05 3.24718 1.12483e-05 6.16399e-06 1.28652
575 3.9897e-05 1.66396e-05 3.16579 1.14711e-05 6.1358e-06 1.30615
576 3.98053e-05 1.64972e-05 3.11543 1.17934e-05 6.1188e-06 1.34273
577 3.92174e-05 1.72415e-05 3.13376 1.1392e-05 6.34122e-06 1.30881
578 4.02268e-05 1.59673e-05 3.03933 1.1597e-05 6.16804e-06 1.29807
579 3.9398e-05 1.70122e-05 3.16445 1.13384e-05 6.25644e-06 1.31826
580 3.95345e-05 1.78891e-05 3.28653 1.09846e-05 6.2896e-06 1.32431
581 4.00047e-05 1.62411e-05 3.13621 1.12579e-05 6.33561e-06 1.33304
582 3.9918e-05 1.63063e-05 3.15514 1.15219e-05 6.10218e-06 1.28719
583 4.06986e-05 1.65963e-05 3.16362 1.17248e-05 6.03051e-06 1.26387
584 3.91463e-05 1.68436e-05 3.1877 1.19235e-05 6.37286e-06 1.33801
585 3.98101e-05 1.68888e-05 3.22307 1.15163e-05 6.06186e-06 1.28647
586 4.02861e-05 1.66052e-05 3.05997 1.10705e-05 6.45226e-06 1.33359
587 3.90629e-05 1.74195e-05 3.06045 1.15466e-05 6.41884e-06 1.34491
588 3.91138e-05 1.61047e-05 3.06618 1.09806e-05 5.98031e-06 1.25984
589 3.85818e-05 1.66374e-05 3.14805 1.2116e-05 6.11932e-06 1.34696
590 3.85836e-05 1.73828e-05 3.23399 1.19295e-05 6.26301e-06 1.32396
591 3.96057e-05 1.70337e-05 3.28622 1.15204e-05 6.32905e-06 1.35434
592 3.96034e-05 1.69572e-05 3.08408 1.13366e-05 6.10483e-06 1.27857
593 4.00163e-05 1.66761e-05 3.13089 1.15092e-05 6.20115e-06 1.32709
594 3.98185e-05 1.71772e-05 3.24958 1.14719e-05 6.05936e-06 1.28055
595 3.92463e-05 1.63707e-05 3.11473 1.14966e-05 6.13313e-06 1.28583
596 3.96089e-05 1.65273e-05 3.0775 1.14134e-05 6.17283e-06 1.28924
597 4.00991e-05 1.59442e-05 3.12599 1.09184e-05 5.98383e-06 1.25831
598 3.98471e-05 1.55199e-05 3.04215 1.08976e-05 5.83145e-06 1.23401
599 3.93641e-05 1.66247e-05 3.12267 1.16322e-05 6.26573e-06 1.35039
600 4.06783e-05 1.63095e-05 3.01221 1.13365e-05 5.84544e-06 1.24276
601 3.99059e-05 1.64404e-05 3.187 1.13301e-05 6.25519e-06 1.3312
602 3.94818e-05 1.63037e-05 3.0499 1.15058e-05 6.07097e-06 1.26027
603 3.94119e-05 1.70997e-05 3.11833 1.12095e-05 6.37079e-06 1.34287
604 3.99341e-05 1.58271e-05 2.93958 1.13378e-05 5.96769e-06 1.25609
605 3.90361e-05 1.63045e-05 3.02046 1.1518e-05 6.14603e-06 1.29634
606 3.98265e-05 1.75739e-05 3.07839 1.11621e-05 6.40523e-06 1.28466
607 3.97134e-05 1.70544e-05 3.24103 1.20625e-05 6.13306e-06 1.34073
608 3.9107e-05 1.6135e-05 3.01623 1.13862e-05 6.04047e-06 1.26204
609 4.05383e-05 1.64673e-05 3.03272 1.10761e-05 6.25879e-06 1.273
610 3.9818e-05 1.6432e-05 3.24309 1.13543e-05 5.94299e-06 1.28888
611 4.00229e-05 1.59255e-05 2.99018 1.10226e-05 5.88427e-06 1.23822
612 3.99171e-05 1.61805e-05 3.08987 1.12813e-05 6.0024e-06 1.25253
613 3.97202e-05 1.58386e-05 3.03895 1.12337e-05 6.02557e-06 1.26498
614 3.95356e-05 1.66259e-05 3.03415 1.11996e-05 6.1448e-06 1.27932
615 3.89056e-05 1.64051e-05 3.05805 1.1009e-05 6.17813e-06 1.28463
616 4.04285e-05 1.62294e-05 3.19756 1.1584e-05 6.07744e-06 1.3255
617 3.97153e-05 1.6127e-05 3.07749 1.12514e-05 6.08331e-06 1.2838
618 3.95827e-05 1.56569e-05 2.94028 1.14836e-05 6.10582e-06 1.27877
619 4.00108e-05 1.6122e-05 3.01764 1.07331e-05 5.90589e-06 1.22339
620 3.91923e-05 1.6244e-05 3.05779 1.14181e-05 6.12006e-06 1.27546
621 3.98206e-05 1.60006e-05 3.0176 1.14328e-05 6.05192e-06 1.27906
622 3.93474e-05 1.65523e-05 3.0757 1.08552e-05 6.05636e-06 1.24787
623 3.89254e-05 1.67984e-05 3.04528 1.14931e-05 6.12924e-06 1.30881
624 4.01832e-05 1.74768e-05 3.13621 1.1012e-05 6.18465e-06 1.24245
625 4.01087e-05 1.66255e-05 3.20969 1.13761e-05 6.05094e-06 1.30521
626 4.00294e-05 1.64741e-05 3.05478 1.11474e-05 6.20654e-06 1.27667
627 4.01012e-05 1.66039e-05 3.09008 1.15028e-05 6.17279e-06 1.29658
628 4.02709e-05 1.59335e-05 2.96675 1.08633e-05 5.92806e-06 1.22662
629 3.94018e-05 1.64868e-05 3.0835 1.12232e-05 5.77696e-06 1.23412
630 3.89614e-05 1.63194e-05 3.02259 1.11274e-05 6.04837e-06 1.24739
631 3.86447e-05 1.62309e-05 2.93207 1.13998e-05 6.24179e-06 1.30976
632 3.97501e-05 1.57541e-05 2.92623 1.08052e-05 5.6283e-06 1.18996
633 3.87787e-05 1.57178e-05 2.94174 1.06856e-05 6.08741e-06 1.26895
634 3.97937e-05 1.63319e-05 2.98807 1.12855e-05 5.91062e-06 1.24493
635 3.86445e-05 1.62051e-05 3.05218 1.11391e-05 6.12571e-06 1.29883
636 3.94153e-05 1.67495e-05 2.9798 1.10137e-05 6.01281e-06 1.2486
637 3.90762e-05 1.63658e-05 3.06079 1.05037e-05 6.06556e-06 1.26079
638 3.87274e-05 1.64225e-05 3.00383 1.08853e-05 6.01764e-06 1.26586
639 3.98623e-05 1.60817e-05 3.05409 1.11851e-05 6.02667e-06 1.29028
640 3.99847e-05 1.65372e-05 2.9755 1.05693e-05 6.06117e-06 1.24382
641 3.92644e-05 1.72302e-05 3.02483 1.08775e-05 6.01516e-06 1.26385
642 3.93437e-05 1.58156e-05 2.95826 1.09154e-05 5.99777e-06 1.25033
643 3.95389e-05 1.59996e-05 2.93756 1.118e-05 5.98114e-06 1.22973
644 3.95081e-05 1.6921e-05 3.04705 1.11232e-05 6.02743e-06 1.26843
645 4.01808e-05 1.55867e-05 2.97685 1.04304e-05 5.7822e-06 1.20057
646 3.98628e-05 1.67068e-05 3.00002 1.09077e-05 6.18467e-06 1.26379
647 3.93581e-05 1.57709e-05 2.922 1.05966e-05 6.03131e-06 1.24848
648 3.95477e-05 1.53529e-05 2.91594 1.01751e-05 5.74139e-06 1.17219
649 3.98273e-05 1.58821e-05 2.9472 1.09073e-05 5.88813e-06 1.24045
650 3.91046e-05 1.66702e-05 3.03307 1.10228e-05 5.99872e-06 1.26651
651 3.96504e-05 1.64148e-05 2.97143 1.05877e-05 5.69957e-06 1.15774
652 3.92696e-05 1.59909e-05 2.93233 1.07514e-05 5.78003e-06 1.21006
653 3.89008e-05 1.65766e-05 3.07746 1.04898e-05 6.10593e-06 1.26814
654 4.0025e-05 1.64567e-05 3.02344 1.10151e-05 5.91879e-06 1.25371
655 3.90833e-05 1.59026e-05 2.98518 1.06346e-05 5.88494e-06 1.20954
656 3.93509e-05 1.63412e-05 3.12978 1.11254e-05 6.03647e-06 1.26508
657 3.88467e-05 1.71251e-05 2.96931 1.07329e-05 6.05348e-06 1.22485
658 3.9482e-05 1.52463e-05 3.09845 1.08354e-05 5.80929e-06 1.20928
659 4.05033e-05 1.6316e-05 3.0341 1.054e-05 5.83508e-06 1.21106
660 3.93254e-05 1.67895e-05 2.97964 1.10441e-05 5.95551e-06 1.23301
661 3.96567e-05 1.6568e-05 2.94958 1.06051e-05 6.10565e-06 1.24589
662 3.93982e-05 1.68732e-05 3.01506 1.07284e-05 5.93098e-06 1.24166
663 3.95611e-05 1.61562e-05 3.07336 1.06124e-05 6.00641e-06 1.25774
664 3.95613e-05 1.62695e-05 2.98253 1.08193e-05 5.8175e-06 1.22396
665 3.96472e-05 1.65683e-05 3.16107 1.07958e-05 5.80018e-06 1.23718
666 3.883e-05 1.64407e-05 2.98945 1.10769e-05 6.11594e-06 1.27765
667 3.93272e-05 1.57707e-05 2.85465 1.05748e-05 5.89263e-06 1.20905
668 4.01715e-05 1.56292e-05 2.97742 1.0956e-05 5.7226e-06 1.20611
669 3.95812e-05 1.69555e-05 3.0754 1.08164e-05 5.8966e-06 1.24515
670 3.96003e-05 1.59952e-05 2.99437 1.03587e-05 5.89735e-06 1.19679
671 3.95886e-05 1.55482e-05 3.00813 1.01552e-05 5.81115e-06 1.17789
672 3.95756e-05 1.73644e-05 3.05278 1.03629e-05 5.98613e-06 1.22392
673 3.96307e-05 1.62569e-05 2.97015 1.07297e-05 6.00572e-06 1.23911
674 3.95528e-05 1.60019e-05 2.95858 1.03433e-05 5.77965e-06 1.17656
675 3.91948e-05 1.55103e-05 2.85375 1.05076e-05 6.05132e-06 1.25257
676 4.02544e-05 1.589e-05 2.90935 1.00688e-05 5.78223e-06 1.15292
677 3.96955e-05 1.64812e-05 3.03279 1.08566e-05 6.02213e-06 1.25968
678 3.89185e-05 1.62239e-05 2.93056 1.07856e-05 5.79711e-06 1.21257
679 3.97554e-05 1.54224e-05 2.86078 1.0553e-05 5.76412e-06 1.18697
680 4.00099e-05 1.63724e-05 2.99691 1.09866e-05 5.99747e-06 1.24052
681 4.01335e-05 1.59255e-05 3.02797 1.09645e-05 5.78517e-06 1.22279
682 3.89744e-05 1.60032e-05 2.92116 1.03508e-05 5.86511e-06 1.21672
683 3.96744e-05 1.59147e-05 3.00438 1.05438e-05 5.59273e-06 1.18051
684 3.91406e-05 1.56355e-05 2.8493 1.02354e-05 5.92674e-06 1.20253
685 3.89457e-05 1.60631e-05 2.92573 1.07631e-05 6.04904e-06 1.23885
686 3.95637e-05 1.62094e-05 2.99416 1.06898e-05 5.77864e-06 1.19772
687 3.89449e-05 1.67403e-05 3.01388 1.10296e-05 6.13206e-06 1.23184
688 3.93093e-05 1.59556e-05 2.96087 1.04899e-05 5.74608e-06 1.20079
689 3.90527e-05 1.57639e-05 2.95387 1.08237e-05 5.96527e-06 1.23512
690 3.92598e-05 1.55081e-05 2.91125 1.07402e-05 5.78892e-06 1.21233
691 3.97392e-05 1.67114e-05 3.05776 1.07493e-05 5.74701e-06 1.22508
692 3.94969e-05 1.6338e-05 2.90536 1.0432e-05 5.81747e-06 1.18963
693 3.95554e-05 1.58641e-05 2.88867 1.08264e-05 5.67257e-06 1.16378
694 3.91964e-05 1.64387e-05 3.00329 1.03371e-05 5.87854e-06 1.23222
695 4.00959e-05 1.59757e-05 2.94118 1.09479e-05 5.92136e-06 1.24116
696 3.97249e-05 1.60017e-05 2.96975 1.08391e-05 5.72961e-06 1.24459
697 3.9607e-05 1.55004e-05 3.00224 1.07639e-05 5.59579e-06 1.21772
698 3.98404e-05 1.59908e-05 3.06036 1.06272e-05 5.75363e-06 1.20247
699 3.94233e-05 1.56477e-05 2.9232 1.02775e-05 5.70678e-06 1.18527
700 3.92917e-05 1.61609e-05 2.99808 1.0394e-05 5.72888e-06 1.20951
701 3.95026e-05 1.54899e-05 2.89926 1.03707e-05 5.71706e-06 1.18786
702 3.91194e-05 1.58143e-05 2.79669 1.02746e-05 5.75175e-06 1.1918
703 3.95657e-05 1.63434e-05 2.90383 1.0348e-05 5.98737e-06 1.20698
704 3.95108e-05 1.56252e-05 2.82544 1.06338e-05 5.72015e-06 1.21271
705 3.87923e-05 1.67184e-05 2.96353 1.02065e-05 6.18769e-06 1.2629
706 4.06456e-05 1.57654e-05 3.00616 1.02297e-05 5.66979e-06 1.16782
707 4.01095e-05 1.63264e-05 3.01007 1.02315e-05 5.83123e-06 1.19021
708 3.95342e-05 1.60746e-05 2.87131 1.0208e-05 5.75798e-06 1.15354
709 3.95704e-05 1.54235e-05 2.77218 1.01921e-05 5.73566e-06 1.17491
710 4.05699e-05 1.60694e-05 2.99664 1.01371e-05 5.78785e-06 1.19627
711 3.90608e-05 1.58176e-05 2.89306 1.04187e-05 5.92189e-06 1.24867
712 3.92415e-05 1.58635e-05 2.81956 1.00897e-05 5.67068e-06 1.12684
713 3.91193e-05 1.67184e-05 3.00365 1.05475e-05 5.81468e-06 1.18648
714 3.9094e-05 1.60272e-05 2.9064 1.03852e-05 5.71476e-06 1.17854
715 3.9617e-05 1.57234e-05 2.77884 1.0319e-05 5.86502e-06 1.18502
716 3.87823e-05 1.61547e-05 2.86013 1.00665e-05 5.8317e-06 1.16531
717 3.98029e-05 1.62844e-05 2.87298 1.03864e-05 5.91773e-06 1.19088
718 3.90372e-05 1.58406e-05 2.84752 1.05787e-05 5.91294e-06 1.20832
719 3.92568e-05 1.62809e-05 2.88461 1.03647e-05 5.64604e-06 1.15949
720 3.88699e-05 1.64274e-05 2.9686 1.00179e-05 5.67175e-06 1.15076
721 3.99632e-05 1.55205e-05 2.78107 1.0053e-05 5.65624e-06 1.15507
722 3.85463e-05 1.61079e-05 2.82476 1.00931e-05 5.75498e-06 1.14064
723 3.89259e-05 1.6542e-05 2.94756 1.03302e-05 5.6832e-06 1.1894
724 3.93157e-05 1.60782e-05 2.93402 1.03737e-05 5.90599e-06 1.19089
725 3.8538e-05 1.59035e-05 2.81263 1.05212e-05 5.80032e-06 1.19929
726 3.95822e-05 1.56653e-05 2.92139 1.05268e-05 5.74034e-06 1.18218
727 4.01005e-05 1.64586e-05 3.10685 1.08329e-05 5.68567e-06 1.19183
728 3.89138e-05 1.60111e-05 2.91106 1.04336e-05 5.83605e-06 1.16423
729 3.89512e-05 1.67153e-05 2.87521 1.01769e-05 5.82728e-06 1.16792
730 3.95279e-05 1.58609e-05 2.85993 1.06579e-05 5.72874e-06 1.20006
731 3.93449e-05 1.57747e-05 2.80409 1.01743e-05 5.79191e-06 1.1652
732 3.93555e-05 1.53574e-05 2.88706 1.00685e-05 5.57011e-06 1.14311
733 3.91235e-05 1.63986e-05 2.88025 9.97553e-06 5.76386e-06 1.17908
734 3.88048e-05 1.62755e-05 2.82785 1.02957e-05 5.76692e-06 1.17531
735 3.89222e-05 1.6361e-05 2.89503 1.00551e-05 5.77307e-06 1.18133
736 3.83998e-05 1.60852e-05 2.80847 1.04416e-05 5.88646e-06 1.21164
737 3.92032e-05 1.6163e-05 2.81421 1.04406e-05 5.69728e-06 1.15837
738 3.91628e-05 1.55839e-05 2.85202 1.03087e-05 5.84539e-06 1.18604
739 3.94517e-05 1.55932e-05 2.78389 9.87537e-06 5.94675e-06 1.18025
740 3.92766e-05 1.61256e-05 2.93157 1.01585e-05 5.58253e-06 1.16032
741 3.89893e-05 1.66665e-05 2.90066 1.00402e-05 5.81959e-06 1.18508
742 3.83652e-05 1.57103e-05 2.77561 1.05161e-05 5.59399e-06 1.15682
743 3.90096e-05 1.60773e-05 2.87116 1.08126e-05 5.76766e-06 1.22149
744 3.92313e-05 1.5376e-05 2.81593 9.98998e-06 5.7786e-06 1.18311
745 3.91835e-05 1.67542e-05 2.90612 1.02257e-05 5.8177e-06 1.1897
746 3.96484e-05 1.63474e-05 2.89353 9.78048e-06 5.86796e-06 1.16722
747 4.06721e-05 1.53705e-05 2.78214 9.89211e-06 5.77042e-06 1.17143
748 3.94948e-05 1.54988e-05 2.81796 1.0311e-05 5.58389e-06 1.15825
749 3.88305e-05 1.58239e-05 2.871 9.61237e-06 5.6013e-06 1.12717
750 3.94384e-05 1.58688e-05 2.85286 1.04134e-05 5.67174e-06 1.18788
751 3.87918e-05 1.58204e-05 2.91653 1.0176e-05 5.46619e-06 1.14796
752 3.94359e-05 1.62918e-05 2.94996 9.83225e-06 5.84384e-06 1.19273
753 3.92585e-05 1.5487e-05 2.81811 1.02059e-05 5.66198e-06 1.1771
754 3.89931e-05 1.56856e-05 2.76415 1.03051e-05 5.69845e-06 1.17924
755 3.92958e-05 1.56936e-05 2.84004 1.00619e-05 5.76945e-06 1.16894
756 4.02512e-05 1.60984e-05 2.94366 1.01024e-05 5.79215e-06 1.15474
757 3.94581e-05 1.71109e-05 2.94457 9.85554e-06 5.82376e-06 1.15688
758 3.94851e-05 1.54112e-05 2.87149 1.06534e-05 5.70457e-06 1.22744
759 3.87376e-05 1.5805e-05 2.81721 1.04837e-05 5.76169e-06 1.18585
760 3.98656e-05 1.48296e-05 2.88551 9.84802e-06 5.66375e-06 1.15262
761 3.88358e-05 1.63717e-05 2.9539 1.06566e-05 5.80009e-06 1.20315
762 3.87004e-05 1.62412e-05 2.86192 1.02266e-05 5.87653e-06 1.19647
763 3.97285e-05 1.586e-05 2.86335 9.80589e-06 5.65029e-06 1.14034
764 3.93616e-05 1.54872e-05 2.79811 9.88541e-06 5.41618e-06 1.12018
765 3.93506e-05 1.46293e-05 2.67406 1.00523e-05 5.60287e-06 1.13988
766 3.91269e-05 1.59224e-05 2.79569 1.02226e-05 5.72388e-06 1.15383
767 3.93335e-05 1.50239e-05 2.85941 1.0457e-05 5.31816e-06 1.13289
768 3.90898e-05 1.54818e-05 2.85081 1.0042e-05 5.63205e-06 1.16842
769 3.96038e-05 1.57467e-05 2.82226 1.02574e-05 5.83397e-06 1.18338
770 3.89771e-05 1.61998e-05 2.85957 9.98549e-06 5.80941e-06 1.18808
771 3.9339e-05 1.58591e-05 2.9548 9.99838e-06 5.74149e-06 1.17451
772 3.83424e-05 1.65648e-05 2.82136 9.96345e-06 5.72318e-06 1.14034
773 3.83292e-05 1.63726e-05 2.89154 1.07181e-05 5.66879e-06 1.20029
774 3.93634e-05 1.60855e-05 2.91669 9.9189e-06 5.65333e-06 1.16078
775 4.02477e-05 1.52792e-05 2.87292 9.79908e-06 5.47175e-06 1.1327
776 3.88036e-05 1.56061e-05 2.66992 9.68527e-06 5.72093e-06 1.16115
777 3.96871e-05 1.54703e-05 2.79534 1.01575e-05 5.47941e-06 1.12457
778 3.96733e-05 1.57772e-05 2.8224 9.60015e-06 5.58201e-06 1.10783
779 3.98022e-05 1.56421e-05 2.73595 9.83351e-06 5.50451e-06 1.12268
780 3.92786e-05 1.56789e-05 2.88273 9.69645e-06 5.53404e-06 1.12827
781 3.90358e-05 1.52325e-05 2.73427 9.52098e-06 5.58892e-06 1.10785
782 4.02282e-05 1.5912e-05 2.96033 1.01021e-05 5.78413e-06 1.17805
783 3.98165e-05 1.605e-05 2.84166 9.64595e-06 5.69947e-06 1.16497
784 3.93529e-05 1.53498e-05 2.85914 9.88855e-06 5.53379e-06 1.14901
785 3.92912e-05 1.57873e-05 2.79011 9.78298e-06 5.48069e-06 1.12593
786 3.91497e-05 1.48509e-05 2.79864 9.98692e-06 5.84333e-06 1.17111
787 3.90598e-05 1.61488e-05 2.83627 9.9359e-06 5.70231e-06 1.15387
788 3.97502e-05 1.59291e-05 2.80376 9.88492e-06 5.59906e-06 1.13139
789 3.84924e-05 1.63271e-05 2.79366 9.98651e-06 5.70857e-06 1.1362
790 3.84473e-05 1.66856e-05 2.8556 9.74137e-06 5.69544e-06 1.16867
791 3.97272e-05 1.5738e-05 2.82433 9.76012e-06 5.55961e-06 1.11623
792 3.87701e-05 1.6405e-05 2.83435 1.0404e-05 5.77922e-06 1.18309
793 3.82738e-05 1.5298e-05 2.6544 9.87467e-06 5.62587e-06 1.14551
794 3.95882e-05 1.61201e-05 2.91632 1.01324e-05 5.39558e-06 1.10654
795 3.91064e-05 1.55791e-05 2.68752 9.47599e-06 5.57904e-06 1.1017
796 3.96703e-05 1.54237e-05 2.80141 9.71748e-06 5.5275e-06 1.10658
797 3.90005e-05 1.56164e-05 2.8633 1.0103e-05 5.31931e-06 1.12724
798 3.88544e-05 1.60823e-05 2.76696 9.85558e-06 5.39971e-06 1.09284
799 3.8652e-05 1.63495e-05 2.82421 1.02231e-05 5.99256e-06 1.20866
800 3.91695e-05 1.60741e-05 2.83209 9.68274e-06 5.47549e-06 1.12494
801 3.94766e-05 1.62341e-05 2.83275 9.7312e-06 5.60898e-06 1.13396
802 3.90516e-05 1.60967e-05 2.82246 9.88967e-06 5.6937e-06 1.14939
803 3.88449e-05 1.56333e-05 2.72774 9.6117e-06 5.6972e-06 1.11211
804 3.88442e-05 1.55451e-05 2.69894 9.7547e-06 5.72162e-06 1.16087
805 3.91111e-05 1.54339e-05 2.77361 9.87336e-06 5.47833e-06 1.14444
806 3.93725e-05 1.55536e-05 2.88066 9.71878e-06 5.58808e-06 1.1534
807 3.93896e-05 1.59109e-05 2.8252 9.50659e-06 5.49249e-06 1.10477
808 3.91725e-05 1.54007e-05 2.84312 9.87354e-06 5.3403e-06 1.12096
809 3.89789e-05 1.6005e-05 2.79015 9.84559e-06 5.57704e-06 1.14273
810 3.85515e-05 1.53925e-05 2.70748 9.79568e-06 5.77889e-06 1.17074
811 3.91769e-05 1.55124e-05 2.85018 9.60811e-06 5.4683e-06 1.11512
812 3.85623e-05 1.59833e-05 2.68649 9.60282e-06 5.6571e-06 1.1187
813 3.85659e-05 1.59785e-05 2.80995 9.72109e-06 5.60124e-06 1.13384
814 3.90327e-05 1.52842e-05 2.5884 9.72001e-06 5.57544e-06 1.129
815 4.00273e-05 1.4583e-05 2.81002 9.76106e-06 5.1957e-06 1.07637
816 3.90679e-05 1.61172e-05 2.80646 9.31682e-06 5.41528e-06 1.05467
817 3.9057e-05 1.65238e-05 2.89101 9.61218e-06 5.49732e-06 1.09464
818 3.9381e-05 1.55578e-05 2.67289 9.46605e-06 5.5128e-06 1.10527
819 3.89916e-05 1.56227e-05 2.6407 9.41561e-06 5.40082e-06 1.05131
820 3.82372e-05 1.55275e-05 2.68088 9.84981e-06 5.48869e-06 1.13659
821 3.91688e-05 1.58103e-05 2.81639 9.66057e-06 5.39945e-06 1.09415
822 3.94363e-05 1.55619e-05 2.76499 9.86169e-06 5.45211e-06 1.10288
823 3.89713e-05 1.61884e-05 2.82175 9.62042e-06 5.39494e-06 1.09404
824 3.89085e-05 1.57534e-05 2.79973 9.9407e-06 5.59202e-06 1.14499
825 3.92272e-05 1.54341e-05 2.74528 9.68063e-06 5.49759e-06 1.09895
826 3.89292e-05 1.62377e-05 2.77158 9.5348e-06 5.42691e-06 1.08338
827 3.90379e-05 1.63831e-05 2.7861 9.34974e-06 5.67335e-06 1.11919
828 3.91337e-05 1.57264e-05 2.78035 9.88055e-06 5.44301e-06 1.10769
829 3.92262e-05 1.60302e-05 2.71572 9.62539e-06 5.50339e-06 1.12372
830 3.96135e-05 1.58274e-05 2.81823 9.98132e-06 5.6966e-06 1.12938
831 3.98123e-05 1.54136e-05 2.77499 9.33501e-06 5.64829e-06 1.13083
832 3.94125e-05 1.53468e-05 2.70494 9.91345e-06 5.4631e-06 1.11793
833 3.88999e-05 1.67388e-05 2.87568 9.47848e-06 5.75303e-06 1.1319
834 3.94781e-05 1.56611e-05 2.69243 9.44122e-06 5.36486e-06 1.06853
835 3.89311e-05 1.51928e-05 2.68923 9.57977e-06 5.46529e-06 1.09784
836 3.82656e-05 1.55641e-05 2.72724 9.68493e-06 5.49993e-06 1.11218
837 3.81051e-05 1.58458e-05 2.66851 9.18252e-06 5.64482e-06 1.1132
838 3.89313e-05 1.56516e-05 2.63873 9.73484e-06 5.51269e-06 1.08261
839 3.87963e-05 1.55387e-05 2.79032 9.50752e-06 5.58235e-06 1.12452
840 3.95264e-05 1.52124e-05 2.7353 9.48573e-06 5.52994e-06 1.08949
841 3.9012e-05 1.54453e-05 2.6625 9.29421e-06 5.52242e-06 1.06423
842 3.91507e-05 1.59592e-05 2.73831 9.47266e-06 5.62537e-06 1.11827
843 3.8836e-05 1.53669e-05 2.65947 9.36965e-06 5.36724e-06 1.08192
844 3.83532e-05 1.64253e-05 2.69142 9.33399e-06 5.67779e-06 1.09513
845 3.86687e-05 1.53614e-05 2.7213 9.40981e-06 5.4181e-06 1.06847
846 3.91176e-05 1.5137e-05 2.70772 9.4734e-06 5.43928e-06 1.08894
847 3.95152e-05 1.56969e-05 2.74167 9.60144e-06 5.58913e-06 1.15414
848 3.94942e-05 1.57311e-05 2.84523 9.70005e-06 5.46636e-06 1.10187
849 3.92597e-05 1.52358e-05 2.71163 9.63098e-06 5.37982e-06 1.06426
850 3.91999e-05 1.4522e-05 2.61386 9.50161e-06 5.30352e-06 1.07541
851 3.87695e-05 1.53951e-05 2.7846 9.09735e-06 5.43094e-06 1.08044
852 3.90039e-05 1.51936e-05 2.69752 9.85759e-06 5.23524e-06 1.08672
853 3.90355e-05 1.62182e-05 2.9172 9.72535e-06 5.67887e-06 1.19057
854 3.9272e-05 1.41683e-05 2.62139 9.35059e-06 5.29033e-06 1.04898
855 3.91219e-05 1.62345e-05 2.77798 9.58245e-06 5.71965e-06 1.13002
856 3.93405e-05 1.53109e-05 2.73771 9.05607e-06 5.2511e-06 1.03369
857 3.96582e-05 1.54171e-05 2.72335 9.26963e-06 5.34082e-06 1.08636
858 3.86001e-05 1.60192e-05 2.73114 9.74582e-06 5.54986e-06 1.11056
859 3.86849e-05 1.5582e-05 2.73874 9.70035e-06 5.511e-06 1.14335
860 3.91891e-05 1.60881e-05 2.73367 8.92402e-06 5.59271e-06 1.08311
861 3.90528e-05 1.5394e-05 2.72267 9.64862e-06 5.48398e-06 1.09126
862 3.81991e-05 1.56419e-05 2.61639 9.62157e-06 5.59282e-06 1.13444
863 3.92992e-05 1.59891e-05 2.74882 9.53546e-06 5.47042e-06 1.07325
864 3.92297e-05 1.51777e-05 2.66943 9.46357e-06 5.50716e-06 1.10785
865 3.95631e-05 1.51878e-05 2.67286 9.70836e-06 5.4034e-06 1.08897
866 3.90969e-05 1.54196e-05 2.68161 9.49079e-06 5.52053e-06 1.09859
867 3.87787e-05 1.55497e-05 2.69166 9.81526e-06 5.39066e-06 1.08006
868 3.87251e-05 1.58845e-05 2.804 9.6871e-06 5.50134e-06 1.12091
869 3.95618e-05 1.45035e-05 2.68634 9.71298e-06 5.40515e-06 1.08867
870 3.9072e-05 1.51078e-05 2.69587 9.27832e-06 5.56367e-06 1.1107
871 3.82938e-05 1.57493e-05 2.62547 9.55116e-06 5.74205e-06 1.15949
872 3.87149e-05 1.48276e-05 2.56545 9.04511e-06 5.20892e-06 1.02708
873 3.94912e-05 1.5184e-05 2.69875 9.34951e-06 5.41217e-06 1.07628
874 3.94971e-05 1.6184e-05 2.7898 9.42983e-06 5.59194e-06 1.11696
875 3.92084e-05 1.54298e-05 2.63415 9.39906e-06 5.69327e-06 1.1258
876 3.84429e-05 1.57614e-05 2.64452 9.45289e-06 5.50786e-06 1.09438
877 3.87247e-05 1.53941e-05 2.67419 9.69293e-06 5.53809e-06 1.11587
878 4.00093e-05 1.46519e-05 2.71625 9.52253e-06 5.38704e-06 1.08229
879 3.9179e-05 1.557e-05 2.66592 9.3106e-06 5.4168e-06 1.06784
880 3.91212e-05 1.57136e-05 2.73174 9.47848e-06 5.45836e-06 1.07985
881 3.96501e-05 1.49672e-05 2.6285 9.1602e-06 5.42012e-06 1.08842
882 3.92238e-05 1.4955e-05 2.72143 9.55875e-06 5.32562e-06 1.12527
883 3.90262e-05 1.53662e-05 2.60869 9.22782e-06 5.4072e-06 1.07169
884 3.82415e-05 1.60089e-05 2.75351 9.4221e-06 5.4031e-06 1.10575
885 3.92995e-05 1.49921e-05 2.6343 9.12564e-06 5.36058e-06 1.05034
886 3.853e-05 1.5751e-05 2.87798 9.58299e-06 5.49067e-06 1.13486
887 3.82914e-05 1.5368e-05 2.59559 9.51965e-06 5.4146e-06 1.0991
888 3.92088e-05 1.54597e-05 2.71971 9.46179e-06 5.42502e-06 1.08331
889 3.9258e-05 1.51613e-05 2.53655 8.89836e-06 5.55963e-06 1.08793
890 3.89262e-05 1.55522e-05 2.64787 9.72158e-06 5.38386e-06 1.07306
891 3.94748e-05 1.5307e-05 2.62827 9.75555e-06 5.34354e-06 1.10186
892 3.87048e-05 1.48351e-05 2.6803 9.35794e-06 5.36502e-06 1.0893
893 3.84083e-05 1.62721e-05 2.70606 9.5744e-06 5.4906e-06 1.10773
894 3.88023e-05 1.59795e-05 2.76164 9.23956e-06 5.34468e-06 1.07135
895 3.83736e-05 1.5705e-05 2.66662 9.57361e-06 5.59889e-06 1.12129
896 3.85728e-05 1.6017e-05 2.72746 9.2974e-06 5.56923e-06 1.11189
897 3.82254e-05 1.54834e-05 2.62607 8.99305e-06 5.38399e-06 1.0451
898 3.89005e-05 1.56394e-05 2.67509 9.72525e-06 5.36686e-06 1.09976
899 3.86681e-05 1.63174e-05 2.80957 9.57288e-06 5.63389e-06 1.10107
900 3.96498e-05 1.53225e-05 2.73103 8.78126e-06 5.17882e-06 1.04293
901 3.91105e-05 1.54823e-05 2.64801 9.14524e-06 5.31487e-06 1.06522
902 3.88409e-05 1.49824e-05 2.67852 8.93073e-06 5.49648e-06 1.06459
903 3.83735e-05 1.52119e-05 2.70093 8.93773e-06 5.36283e-06 1.08075
904 3.86964e-05 1.5084e-05 2.67247 8.95824e-06 5.29523e-06 1.05281
905 3.93555e-05 1.53072e-05 2.67095 9.09057e-06 5.31532e-06 1.04275
906 3.89799e-05 1.51462e-05 2.69719 9.16403e-06 5.20575e-06 1.05903
907 3.92024e-05 1.55568e-05 2.69146 9.01587e-06 5.30604e-06 1.0737
908 3.89522e-05 1.61794e-05 2.79433 9.11104e-06 5.39052e-06 1.08122
909 3.89682e-05 1.50531e-05 2.58583 9.13667e-06 5.28929e-06 1.07024
910 3.89815e-05 1.4807e-05 2.57877 9.1651e-06 5.38969e-06 1.06339
911 3.84751e-05 1.5717e-05 2.62503 9.05891e-06 5.60359e-06 1.08708
912 3.87819e-05 1.55717e-05 2.63798 9.08407e-06 5.65145e-06 1.09628
913 3.91884e-05 1.52523e-05 2.64406 9.29055e-06 5.35234e-06 1.0536
914 3.91947e-05 1.51044e-05 2.59077 9.05223e-06 5.36842e-06 1.06494
915 3.93213e-05 1.55947e-05 2.64618 9.04447e-06 5.31123e-06 1.04458
916 3.89809e-05 1.59196e-05 2.58488 9.06337e-06 5.40424e-06 1.05912
917 3.88767e-05 1.50638e-05 2.59469 9.25477e-06 5.26313e-06 1.06491
918 3.89227e-05 1.59338e-05 2.81144 9.60776e-06 5.46285e-06 1.12082
919 3.90647e-05 1.4616e-05 2.57564 8.73584e-06 5.19213e-06 1.02767
920 3.85444e-05 1.51371e-05 2.55324 8.83649e-06 5.25575e-06 1.01599
921 3.9176e-05 1.57813e-05 2.69349 9.20921e-06 5.37689e-06 1.06011
922 3.84158e-05 1.62328e-05 2.77361 9.54313e-06 5.5312e-06 1.10987
923 3.87333e-05 1.49176e-05 2.51303 9.24905e-06 5.3745e-06 1.0686
924 3.94263e-05 1.5537e-05 2.62055 8.87306e-06 5.40756e-06 1.05265
925 3.88316e-05 1.46579e-05 2.54016 9.16522e-06 5.42023e-06 1.07346
926 3.87937e-05 1.5535e-05 2.62025 9.26319e-06 5.48853e-06 1.0798
927 3.89628e-05 1.52858e-05 2.63313 9.47454e-06 5.33542e-06 1.07981
928 3.87892e-05 1.5455e-05 2.61788 8.94232e-06 5.32568e-06 1.04101
929 3.94645e-05 1.47187e-05 2.68428 8.87149e-06 5.18288e-06 1.03476
930 3.86268e-05 1.52246e-05 2.5979 8.92695e-06 5.2763e-06 1.05599
931 3.84809e-05 1.4844e-05 2.56912 8.70183e-06 5.25657e-06 1.04414
932 3.91242e-05 1.53577e-05 2.56216 9.06463e-06 5.50257e-06 1.07787
933 3.9014e-05 1.59782e-05 2.60688 9.2114e-06 5.5427e-06 1.07651
934 3.89022e-05 1.53345e-05 2.62162 8.76326e-06 5.29899e-06 1.01024
935 3.90302e-05 1.55118e-05 2.61764 8.92763e-06 5.38856e-06 1.06275
936 3.90755e-05 1.46708e-05 2.63795 9.12413e-06 5.27853e-06 1.06726
937 3.8758e-05 1.55748e-05 2.61893 9.18334e-06 5.40787e-06 1.06586
938 3.87372e-05 1.52349e-05 2.63049 8.59466e-06 5.15887e-06 1.01284
939 3.87717e-05 1.55946e-05 2.60375 8.98885e-06 5.38386e-06 1.06186
940 3.88132e-05 1.55523e-05 2.68233 9.03922e-06 5.24345e-06 1.06046
941 3.84716e-05 1.49322e-05 2.51155 9.21668e-06 5.36811e-06 1.08054
942 3.96073e-05 1.47388e-05 2.63646 8.91477e-06 5.29414e-06 1.06214
943 3.97154e-05 1.43236e-05 2.4844 8.82426e-06 5.1945e-06 1.01936
944 3.98671e-05 1.51649e-05 2.67974 8.99505e-06 5.4165e-06 1.06955
945 3.87455e-05 1.4926e-05 2.68076 8.8892e-06 5.30997e-06 1.04381
946 3.87399e-05 1.5161e-05 2.60694 9.23684e-06 5.27686e-06 1.06461
947 3.87452e-05 1.48595e-05 2.55839 9.0922e-06 5.4896e-06 1.08232
948 3.89339e-05 1.43518e-05 2.60047 9.11883e-06 4.92127e-06 0.993915
949 3.89979e-05 1.56653e-05 2.6131 9.02782e-06 5.58776e-06 1.09668
950 3.88219e-05 1.55464e-05 2.6756 9.2162e-06 5.23219e-06 1.04393
951 3.85949e-05 1.45019e-05 2.62474 9.36572e-06 5.11136e-06 1.02873
952 3.93233e-05 1.48432e-05 2.52376 8.8707e-06 5.3108e-06 1.03442
953 3.86656e-05 1.51921e-05 2.66338 9.06743e-06 5.14049e-06 1.01027
954 3.92401e-05 1.4863e-05 2.52195 9.10688e-06 5.27138e-06 1.02849
955 3.88954e-05 1.54324e-05 2.67847 8.90933e-06 5.46166e-06 1.05331
956 3.81441e-05 1.5862e-05 2.62967 8.95864e-06 5.38147e-06 1.04943
957 3.87706e-05 1.50667e-05 2.50563 9.199e-06 5.42603e-06 1.06754
958 3.87003e-05 1.5884e-05 2.65114 9.10739e-06 5.19654e-06 1.04346
959 3.93132e-05 1.53993e-05 2.59187 9.05344e-06 5.385e-06 1.06704
960 3.90736e-05 1.51877e-05 2.68668 8.51091e-06 5.37968e-06 1.00839
961 3.91639e-05 1.49279e-05 2.57608 8.69453e-06 5.14296e-06 1.03515
962 3.81264e-05 1.52113e-05 2.52455 8.81432e-06 5.29739e-06 1.04317
963 3.8943e-05 1.48845e-05 2.61104 9.23809e-06 5.31032e-06 1.03119
964 3.88548e-05 1.49355e-05 2.56797 9.12401e-06 5.32494e-06 1.04788
965 3.87368e-05 1.59936e-05 2.5798 8.82638e-06 5.31336e-06 1.04059
966 3.85811e-05 1.56247e-05 2.63417 8.74111e-06 5.2987e-06 1.03105
967 3.87592e-05 1.48688e-05 2.58423 8.88306e-06 5.21227e-06 1.02842
968 3.86543e-05 1.543e-05 2.56239 8.89273e-06 5.33746e-06 1.0548
969 3.79802e-05 1.58172e-05 2.57619 9.38606e-06 5.58801e-06 1.08447
970 3.92971e-05 1.50442e-05 2.64687 8.87833e-06 5.17424e-06 1.01628
971 3.92744e-05 1.53348e-05 2.53323 8.94308e-06 5.30198e-06 1.0482
972 3.889e-05 1.46876e-05 2.50392 9.2378e-06 5.21791e-06 1.05011
973 3.99069e-05 1.53593e-05 2.74416 9.2164e-06 5.26881e-06 1.04906
974 3.89694e-05 1.56699e-05 2.64528 9.10883e-06 5.22184e-06 1.02957
975 3.98103e-05 1.52514e-05 2.52079 8.7189e-06 5.30632e-06 1.04777
976 3.89423e-05 1.47142e-05 2.46815 8.60071e-06 5.10801e-06 0.991513
977 3.85553e-05 1.5085e-05 2.5783 8.82459e-06 5.15401e-06 1.0251
978 3.89109e-05 1.49942e-05 2.54308 8.567e-06 5.34977e-06 1.03746
979 3.92157e-05 1.50587e-05 2.57863 8.51761e-06 5.16545e-06 0.999449
980 3.81136e-05 1.45521e-05 2.54632 8.60437e-06 5.08124e-06 1.01671
981 3.87224e-05 1.51734e-05 2.61717 8.38591e-06 5.34689e-06 1.03265
982 3.83096e-05 1.54478e-05 2.52452 8.7209e-06 5.14502e-06 1.01376
983 3.91019e-05 1.53505e-05 2.68466 8.915e-06 5.1664e-06 1.02875
984 3.88749e-05 1.48221e-05 2.49322 8.71694e-06 5.36374e-06 1.04431
985 3.80848e-05 1.49373e-05 2.52562 8.71525e-06 5.12616e-06 1.00111
986 3.89356e-05 1.55765e-05 2.57232 8.37042e-06 5.36784e-06 1.05387
987 3.87174e-05 1.38555e-05 2.45839 8.83198e-06 4.93513e-06 1.00647
988 3.84783e-05 1.53257e-05 2.54824 8.78302e-06 5.33116e-06 1.05371
989 3.886e-05 1.54949e-05 2.50188 9.00234e-06 5.21727e-06 1.03478
990 3.85075e-05 1.60349e-05 2.56039 8.58539e-06 5.39731e-06 1.0468
991 3.87773e-05 1.52771e-05 2.57994 9.01252e-06 5.39174e-06 1.05567
992 3.92409e-05 1.48863e-05 2.64511 8.79091e-06 5.21446e-06 1.02519
993 3.88718e-05 1.516e-05 2.5679 8.50698e-06 5.24926e-06 0.997656
994 3.8767e-05 1.54594e-05 2.64344 8.64128e-06 5.20058e-06 1.0374
995 3.88491e-05 1.47534e-05 2.54378 8.67953e-06 5.39802e-06 1.07328
996 3.88405e-05 1.52664e-05 2.66398 9.09922e-06 5.22733e-06 1.04778
997 3.88266e-05 1.58869e-05 2.60271 8.57232e-06 5.462e-06 1.03616
998 3.93909e-05 1.45307e-05 2.58482 8.90842e-06 5.08576e-06 1.03461
999 3.87859e-05 1.53885e-05 2.63298 8.57756e-06 5.06886e-06 0.990157
1000 3.96914e-05 1.45898e-05 2.48661 8.6588e-06 5.06131e-06 0.973081
