10 0.000121209 7.4461e-05 15.9343 8.29207e-05 4.58061e-05 10.7072
11 3.32815 6.87752e-05 14.607 7.78498e-05 4.24901e-05 9.95344
12 0.000103448 6.69793e-05 14.0327 7.36133e-05 4.03671e-05 9.35216
13 1.07077 6.34388e-05 13.5447 6.99134e-05 3.81048e-05 8.96724
14 9.27526e-05 6.03917e-05 12.581 6.76072e-05 3.65164e-05 8.58942
15 9.00705e-05 5.82139e-05 12.3065 6.44181e-05 3.50812e-05 8.24967
16 8.84198e-05 5.7424e-05 11.955 6.31735e-05 3.40145e-05 7.97659
17 8.32982e-05 5.48762e-05 11.461 6.04549e-05 3.28406e-05 7.72748
18 8.17199e-05 5.37004e-05 11.1942 5.96245e-05 3.17066e-05 7.53375
19 7.91389e-05 5.37866e-05 11.0856 5.71428e-05 3.14284e-05 7.40483
20 7.7018e-05 5.10105e-05 10.5697 5.66202e-05 3.02225e-05 7.1367
21 7.44391e-05 4.98732e-05 10.3569 5.40554e-05 2.94917e-05 6.98781
22 7.30912e-05 4.86695e-05 10.1818 5.39488e-05 2.87121e-05 6.842
23 7.06654e-05 4.83846e-05 9.98257 5.27841e-05 2.86221e-05 6.82728
24 7.08313e-05 4.61753e-05 9.63777 5.15147e-05 2.72895e-05 6.49804
25 6.84218e-05 4.61073e-05 9.53145 5.09879e-05 2.69567e-05 6.43362
26 6.8029e-05 4.50648e-05 9.36641 4.99303e-05 2.66389e-05 6.33165
27 6.5919e-05 4.4592e-05 9.21516 4.87444e-05 2.5952e-05 6.19917
28 6.48316e-05 4.39896e-05 9.14283 4.82479e-05 2.56642e-05 6.14368
29 6.33071e-05 4.30421e-05 8.85318 4.77497e-05 2.53027e-05 6.07102
30 6.29684e-05 4.3036e-05 8.81191 4.64608e-05 2.52929e-05 6.01687
31 6.23306e-05 4.18731e-05 8.63363 4.62444e-05 2.42783e-05 5.8635
32 6.08927e-05 4.15331e-05 8.47924 4.54615e-05 2.44233e-05 5.83197
33 5.9625e-05 4.11258e-05 8.43812 4.45091e-05 2.37117e-05 5.67086
34 6.03801e-05 4.06961e-05 8.33508 4.45092e-05 2.36549e-05 5.67098
35 5.83871e-05 3.97562e-05 8.17811 4.40787e-05 2.33148e-05 5.61879
36 5.75539e-05 3.99927e-05 8.20383 4.33994e-05 2.3326e-05 5.61632
37 5.71557e-05 3.93434e-05 8.09973 4.29925e-05 2.26506e-05 5.46056
38 5.63912e-05 3.86749e-05 7.94881 4.24053e-05 2.24233e-05 5.38637
39 5.67414e-05 3.85162e-05 7.98242 4.23513e-05 2.2802e-05 5.50175
40 5.41575e-05 3.72508e-05 7.57653 4.13419e-05 2.22463e-05 5.35787
41 5.50315e-05 3.73522e-05 7.6838 4.15697e-05 2.21963e-05 5.36566
42 5.40123e-05 3.78358e-05 7.64587 4.09187e-05 2.19828e-05 5.29032
43 5.38662e-05 3.69665e-05 7.57683 4.01836e-05 2.17328e-05 5.23492
44 5.3493e-05 3.67591e-05 7.53217 3.99974e-05 2.16542e-05 5.1757
45 5.27534e-05 3.62484e-05 7.42764 3.97941e-05 2.14497e-05 5.16326
46 5.21057e-05 3.59266e-05 7.27642 4.00447e-05 2.12532e-05 5.15533
47 5.1658e-05 3.54646e-05 7.27667 3.89171e-05 2.0755e-05 5.03576
48 5.10907e-05 3.55439e-05 7.20086 3.87809e-05 2.07655e-05 5.0251
49 5.08867e-05 3.53097e-05 7.22295 3.87763e-05 2.05633e-05 4.99188
50 5.05751e-05 3.47414e-05 7.13665 3.8552e-05 2.05296e-05 5.00318
51 5.01863e-05 3.44917e-05 7.04028 3.79577e-05 2.05013e-05 4.95424
52 4.96103e-05 3.39504e-05 6.93594 3.76894e-05 2.00198e-05 4.87045
53 4.97867e-05 3.42516e-05 7.0049 3.70144e-05 2.00711e-05 4.83319
54 4.90473e-05 3.33937e-05 6.80568 3.71676e-05 1.9885e-05 4.83827
55 4.86811e-05 3.37054e-05 6.87496 3.66202e-05 1.98012e-05 4.77275
56 4.82408e-05 3.38897e-05 6.88937 3.72543e-05 2.00219e-05 4.86054
57 4.80933e-05 3.2632e-05 6.68963 3.68321e-05 1.94724e-05 4.76513
58 4.78504e-05 3.3201e-05 6.76814 3.62451e-05 1.94914e-05 4.72206
59 4.75608e-05 3.25422e-05 6.64813 3.61445e-05 1.92655e-05 4.71203
60 4.68252e-05 3.23923e-05 6.59293 3.59328e-05 1.91579e-05 4.69575
61 4.66283e-05 3.29676e-05 6.70922 3.54063e-05 1.91294e-05 4.64405
62 4.6682e-05 3.25356e-05 6.64727 3.60466e-05 1.9168e-05 4.7
63 4.57925e-05 3.23752e-05 6.52731 3.54412e-05 1.90661e-05 4.63767
64 4.54973e-05 3.17283e-05 6.45208 3.50157e-05 1.88349e-05 4.60536
65 4.55712e-05 3.16527e-05 6.41134 3.48853e-05 1.88281e-05 4.58693
66 4.53657e-05 3.09797e-05 6.33297 3.47241e-05 1.85661e-05 4.55988
67 4.52204e-05 3.11077e-05 6.31766 3.47167e-05 1.85909e-05 4.55806
68 4.54106e-05 3.05842e-05 6.24463 3.4012e-05 1.84901e-05 4.48532
69 4.44874e-05 3.06514e-05 6.2403 3.42337e-05 1.84367e-05 4.50597
70 4.47517e-05 3.04251e-05 6.16992 3.39638e-05 1.84836e-05 4.50437
71 4.39864e-05 3.03822e-05 6.18935 3.40806e-05 1.84302e-05 4.52818
72 4.39236e-05 3.06918e-05 6.19568 3.39624e-05 1.83936e-05 4.48639
73 4.37892e-05 3.04148e-05 6.15236 3.44061e-05 1.84685e-05 4.52743
74 4.42967e-05 3.0151e-05 6.14949 3.34454e-05 1.80531e-05 4.37509
75 4.29734e-05 2.99488e-05 6.075 3.38185e-05 1.78921e-05 4.41472
76 4.31412e-05 2.97153e-05 6.00867 3.33346e-05 1.80803e-05 4.41011
77 4.29917e-05 2.96265e-05 5.99498 3.28951e-05 1.79554e-05 4.39332
78 4.28368e-05 3.04708e-05 6.10019 3.28265e-05 1.79636e-05 4.39038
79 4.20384e-05 2.94367e-05 5.98707 3.30824e-05 1.76814e-05 4.36805
80 4.20702e-05 2.96687e-05 5.98979 3.27636e-05 1.78472e-05 4.37618
81 4.23298e-05 2.92485e-05 5.8981 3.26021e-05 1.75347e-05 4.30375
82 4.20551e-05 2.87463e-05 5.80089 3.24861e-05 1.74808e-05 4.27953
83 4.17856e-05 2.94774e-05 5.91486 3.26354e-05 1.76066e-05 4.32021
84 4.15356e-05 2.87288e-05 5.80028 3.20324e-05 1.75387e-05 4.30262
85 4.16454e-05 2.89924e-05 5.8435 3.2155e-05 1.74229e-05 4.27335
86 4.12216e-05 2.88657e-05 5.83091 3.22895e-05 1.73073e-05 4.27161
87 4.10764e-05 2.90568e-05 5.85001 3.20001e-05 1.7519e-05 4.31023
88 4.11732e-05 2.82598e-05 5.74494 3.20165e-05 1.69847e-05 4.20527
89 4.0767e-05 2.88248e-05 5.80062 3.20649e-05 1.74008e-05 4.27013
90 4.03338e-05 2.79962e-05 5.63429 3.18203e-05 1.70531e-05 4.21205
91 4.05643e-05 2.80944e-05 5.68105 3.15952e-05 1.72255e-05 4.24137
92 4.06486e-05 2.7931e-05 5.61472 3.17648e-05 1.73342e-05 4.24512
93 4.06835e-05 2.78441e-05 5.60021 3.10415e-05 1.71923e-05 4.20955
94 4.05402e-05 2.70962e-05 5.51546 3.10062e-05 1.68355e-05 4.14417
95 3.99428e-05 2.83287e-05 5.65512 3.11614e-05 1.72478e-05 4.21771
96 3.93215e-05 2.79056e-05 5.60685 3.13569e-05 1.69989e-05 4.19721
97 4.00886e-05 2.80053e-05 5.5937 3.1181e-05 1.68958e-05 4.1721
98 3.92242e-05 2.72145e-05 5.43679 3.08778e-05 1.67022e-05 4.11941
99 3.98621e-05 2.71136e-05 5.51734 3.08039e-05 1.66569e-05 4.10127
100 3.86757e-05 2.75253e-05 5.48761 3.06576e-05 1.69105e-05 4.16064
101 3.91252e-05 2.7383e-05 5.44625 3.08054e-05 1.67282e-05 4.11134
102 3.94539e-05 2.71285e-05 5.43229 3.05938e-05 1.66751e-05 4.09991
103 3.9135e-05 2.68359e-05 5.39055 3.02149e-05 1.65893e-05 4.08532
104 3.90779e-05 2.71972e-05 5.45387 3.06564e-05 1.65921e-05 4.11877
105 3.90747e-05 2.68768e-05 5.38472 3.04073e-05 1.6718e-05 4.10144
106 3.82383e-05 2.68534e-05 5.31015 3.04096e-05 1.68163e-05 4.14126
107 3.89468e-05 2.73392e-05 5.43194 2.97228e-05 1.67102e-05 4.07105
108 3.82562e-05 2.66491e-05 5.33583 3.03199e-05 1.64017e-05 4.07479
109 3.78486e-05 2.68446e-05 5.34763 3.01808e-05 1.66357e-05 4.1083
110 3.79264e-05 2.62995e-05 5.2355 3.03406e-05 1.65841e-05 4.09485
111 3.80921e-05 2.65619e-05 5.28685 3.01392e-05 1.63136e-05 4.04325
112 3.81083e-05 2.64169e-05 5.2422 2.98034e-05 1.64012e-05 4.04261
113 3.79719e-05 2.61938e-05 5.21539 2.99119e-05 1.62242e-05 4.00793
114 3.77514e-05 2.64604e-05 5.24101 2.99207e-05 1.62112e-05 4.01793
115 3.76608e-05 2.57189e-05 5.13606 2.963e-05 1.61677e-05 4.00368
116 3.72379e-05 2.63478e-05 5.23218 2.99072e-05 1.63756e-05 4.05975
117 3.76652e-05 2.63659e-05 5.25749 2.96392e-05 1.61764e-05 4.00536
118 3.74636e-05 2.61794e-05 5.18723 2.94759e-05 1.6302e-05 4.01142
119 3.67738e-05 2.62737e-05 5.18107 2.94669e-05 1.6323e-05 4.03141
120 3.69814e-05 2.5549e-05 5.11269 2.95418e-05 1.59314e-05 3.95801
121 3.72641e-05 2.57277e-05 5.12514 2.93791e-05 1.61433e-05 3.99587
122 3.69264e-05 2.58583e-05 5.11137 2.94704e-05 1.61755e-05 3.99698
123 3.68542e-05 2.55796e-05 5.04814 2.92475e-05 1.60653e-05 3.9807
124 3.65569e-05 2.51779e-05 5.03205 2.91843e-05 1.58002e-05 3.93139
125 3.67357e-05 2.50363e-05 4.97712 2.89659e-05 1.59203e-05 3.92412
126 3.65044e-05 2.55187e-05 5.0579 2.8878e-05 1.59261e-05 3.92853
127 3.69787e-05 2.4863e-05 4.92728 2.87392e-05 1.56835e-05 3.88299
128 3.63826e-05 2.48716e-05 4.98238 2.91052e-05 1.58738e-05 3.94394
129 3.68905e-05 2.56968e-05 5.0632 2.90601e-05 1.59384e-05 3.95779
130 3.64774e-05 2.51551e-05 5.00775 2.8898e-05 1.58589e-05 3.92355
131 3.64778e-05 2.51297e-05 5.00607 2.8713e-05 1.57412e-05 3.90909
132 3.62098e-05 2.4779e-05 4.90205 2.85751e-05 1.5776e-05 3.90155
133 3.64828e-05 2.48801e-05 4.91807 2.8782e-05 1.58092e-05 3.9221
134 3.59491e-05 2.52374e-05 4.99014 2.87884e-05 1.59914e-05 3.97193
135 3.58716e-05 2.48971e-05 4.94993 2.87536e-05 1.56816e-05 3.88838
136 3.58317e-05 2.45835e-05 4.83997 2.86807e-05 1.56876e-05 3.89879
137 3.65725e-05 2.48061e-05 4.90867 2.84179e-05 1.5733e-05 3.89565
138 3.59623e-05 2.4655e-05 4.89892 2.85737e-05 1.56918e-05 3.88638
139 3.5778e-05 2.45108e-05 4.84791 2.81694e-05 1.55812e-05 3.8505
140 3.59652e-05 2.48354e-05 4.93119 2.8299e-05 1.56359e-05 3.8824
141 3.52526e-05 2.43836e-05 4.82099 2.84155e-05 1.54192e-05 3.85057
142 3.54403e-05 2.40624e-05 4.76995 2.86812e-05 1.56974e-05 3.9169
143 3.52313e-05 2.44727e-05 4.81225 2.84212e-05 1.55214e-05 3.87601
144 3.55367e-05 2.46766e-05 4.86136 2.8524e-05 1.56787e-05 3.90453
145 3.54467e-05 2.44368e-05 4.81261 2.83085e-05 1.55981e-05 3.87696
146 3.52997e-05 2.46674e-05 4.85899 2.82733e-05 1.55806e-05 3.88551
147 3.54321e-05 2.4617e-05 4.86316 2.82064e-05 1.56596e-05 3.88144
148 3.50238e-05 2.43966e-05 4.82685 2.8322e-05 1.55168e-05 3.87025
149 3.51288e-05 2.4042e-05 4.76723 2.8049e-05 1.54249e-05 3.8397
150 3.50839e-05 2.41992e-05 4.73784 2.819e-05 1.54752e-05 3.85816
151 3.45393e-05 2.46406e-05 4.80907 2.82872e-05 1.53857e-05 3.85385
152 3.44642e-05 2.38968e-05 4.71778 2.83273e-05 1.55267e-05 3.87878
153 3.49141e-05 2.36401e-05 4.64673 2.77571e-05 1.53872e-05 3.81678
154 3.50442e-05 2.41246e-05 4.74591 2.75516e-05 1.53639e-05 3.80385
155 3.45448e-05 2.38522e-05 4.65996 2.78533e-05 1.53948e-05 3.83392
156 3.45373e-05 2.35803e-05 4.62049 2.79936e-05 1.54327e-05 3.84224
157 3.45071e-05 2.34616e-05 4.61857 2.78165e-05 1.53301e-05 3.82201
158 3.46201e-05 2.38702e-05 4.68901 2.78334e-05 1.54092e-05 3.83486
159 3.42692e-05 2.33764e-05 4.60642 2.78973e-05 1.52915e-05 3.82414
160 3.43286e-05 2.39028e-05 4.68288 2.76599e-05 1.53601e-05 3.81981
161 3.39152e-05 2.39129e-05 4.60365 2.78385e-05 1.54688e-05 3.85305
162 3.41321e-05 2.3826e-05 4.62727 2.77565e-05 1.53561e-05 3.82517
163 3.43106e-05 2.34773e-05 4.60446 2.73698e-05 1.53082e-05 3.80126
164 3.43547e-05 2.36377e-05 4.64115 2.76292e-05 1.51762e-05 3.78842
165 3.41887e-05 2.32905e-05 4.56509 2.74168e-05 1.52115e-05 3.79078
166 3.44497e-05 2.33753e-05 4.61621 2.74445e-05 1.5028e-05 3.75469
167 3.41011e-05 2.35124e-05 4.57986 2.71587e-05 1.52193e-05 3.77476
168 3.40782e-05 2.26525e-05 4.47306 2.72369e-05 1.49612e-05 3.72897
169 3.38495e-05 2.34707e-05 4.56783 2.74845e-05 1.51762e-05 3.78415
170 3.38116e-05 2.34928e-05 4.54195 2.73361e-05 1.53603e-05 3.82523
171 3.38733e-05 2.31563e-05 4.51826 2.73025e-05 1.51633e-05 3.77508
172 3.35565e-05 2.30459e-05 4.4736 2.75814e-05 1.51825e-05 3.80038
173 3.38653e-05 2.35548e-05 4.59511 2.75592e-05 1.50882e-05 3.78041
174 3.31901e-05 2.27173e-05 4.42136 2.77728e-05 1.51298e-05 3.80205
175 3.37264e-05 2.28579e-05 4.4798 2.74023e-05 1.50407e-05 3.76488
176 3.3723e-05 2.30179e-05 4.54714 2.76178e-05 1.49576e-05 3.76052
177 3.36467e-05 2.29899e-05 4.48345 2.7231e-05 1.50213e-05 3.75516
178 3.38774e-05 2.26969e-05 4.44219 2.71032e-05 1.51041e-05 3.7594
179 3.33673e-05 2.28611e-05 4.45493 2.74151e-05 1.50986e-05 3.77601
180 3.30926e-05 2.29791e-05 4.45925 2.75469e-05 1.51593e-05 3.79303
181 3.35151e-05 2.27385e-05 4.4293 2.70715e-05 1.50745e-05 3.76062
182 3.3101e-05 2.29907e-05 4.42853 2.72644e-05 1.52959e-05 3.80785
183 3.3498e-05 2.26279e-05 4.43604 2.72602e-05 1.49708e-05 3.75343
184 3.34907e-05 2.26823e-05 4.44226 2.70134e-05 1.49173e-05 3.73409
185 3.33204e-05 2.24338e-05 4.36487 2.69023e-05 1.47904e-05 3.6963
186 3.30598e-05 2.27484e-05 4.391 2.69438e-05 1.50157e-05 3.74281
187 3.34227e-05 2.28378e-05 4.45798 2.71391e-05 1.49286e-05 3.74938
188 3.29252e-05 2.29736e-05 4.4276 2.73703e-05 1.50361e-05 3.78528
189 3.33575e-05 2.23138e-05 4.32714 2.70012e-05 1.49379e-05 3.73687
190 3.25742e-05 2.2352e-05 4.31689 2.73004e-05 1.48358e-05 3.73789
191 3.27746e-05 2.26203e-05 4.33971 2.67729e-05 1.50018e-05 3.741
192 3.27681e-05 2.2292e-05 4.31483 2.71474e-05 1.48791e-05 3.72934
193 3.25826e-05 2.2555e-05 4.33812 2.69657e-05 1.51082e-05 3.76845
194 3.29886e-05 2.24136e-05 4.35082 2.70585e-05 1.4927e-05 3.73992
195 3.25624e-05 2.23892e-05 4.32486 2.71146e-05 1.50203e-05 3.76458
196 3.30592e-05 2.23727e-05 4.30941 2.65043e-05 1.49346e-05 3.71147
197 3.28182e-05 2.2332e-05 4.32958 2.69166e-05 1.48144e-05 3.72374
198 3.28072e-05 2.23469e-05 4.33283 2.68638e-05 1.47072e-05 3.68955
199 3.25844e-05 2.23786e-05 4.29971 2.69633e-05 1.49483e-05 3.75321
200 3.20837e-05 2.22854e-05 4.29947 2.70371e-05 1.49427e-05 3.75333
201 3.25992e-05 2.18752e-05 4.2399 2.67175e-05 1.48896e-05 3.72713
202 3.23119e-05 2.24182e-05 4.26789 2.6808e-05 1.50257e-05 3.75023
203 3.2198e-05 2.18067e-05 4.18967 2.65431e-05 1.48748e-05 3.70944
204 3.25717e-05 2.18905e-05 4.23428 2.6767e-05 1.48716e-05 3.71999
205 3.24687e-05 2.15902e-05 4.16082 2.67795e-05 1.47798e-05 3.69912
206 3.23536e-05 2.20837e-05 4.24401 2.67974e-05 1.48309e-05 3.7234
207 3.23611e-05 2.22301e-05 4.28693 2.66972e-05 1.48167e-05 3.70574
208 3.26521e-05 2.19978e-05 4.27804 2.65725e-05 1.45069e-05 3.65335
209 3.22842e-05 2.18908e-05 4.22415 2.65939e-05 1.48363e-05 3.71264
210 3.22482e-05 2.16298e-05 4.19984 2.64785e-05 1.46157e-05 3.67204
211 3.24166e-05 2.18626e-05 4.21731 2.658e-05 1.48798e-05 3.71918
212 3.19011e-05 2.17464e-05 4.18667 2.70172e-05 1.47518e-05 3.72655
213 3.18352e-05 2.20855e-05 4.2203 2.69182e-05 1.48373e-05 3.74036
214 3.21863e-05 2.19483e-05 4.23518 2.63082e-05 1.47791e-05 3.68984
215 3.20012e-05 2.16621e-05 4.13947 2.64914e-05 1.48078e-05 3.70717
216 3.22896e-05 2.17439e-05 4.18756 2.61792e-05 1.47872e-05 3.68434
217 3.22686e-05 2.15699e-05 4.14284 2.63509e-05 1.47475e-05 3.68887
218 3.23824e-05 2.15113e-05 4.13144 2.61256e-05 1.46667e-05 3.65852
219 3.22955e-05 2.1842e-05 4.18402 2.65166e-05 1.4694e-05 3.69382
220 3.17342e-05 2.15596e-05 4.10852 2.68146e-05 1.47226e-05 3.71526
221 3.18468e-05 2.17049e-05 4.13739 2.64557e-05 1.47285e-05 3.69226
222 3.19252e-05 2.14706e-05 4.11023 2.60573e-05 1.46336e-05 3.65405
223 3.17466e-05 2.15536e-05 4.143 2.63242e-05 1.47141e-05 3.68151
224 3.1975e-05 2.18086e-05 4.16994 2.6291e-05 1.4727e-05 3.68933
225 3.2135e-05 2.11944e-05 4.1024 2.62343e-05 1.46535e-05 3.66624
226 3.17568e-05 2.14446e-05 4.06999 2.63739e-05 1.49386e-05 3.73105
227 3.17264e-05 2.16756e-05 4.10106 2.63737e-05 1.49106e-05 3.72878
228 3.15623e-05 2.16323e-05 4.10699 2.63757e-05 1.47076e-05 3.69688
229 3.15502e-05 2.14791e-05 4.09349 2.65247e-05 1.45903e-05 3.67421
230 3.13488e-05 2.13846e-05 4.06183 2.65758e-05 1.46675e-05 3.70052
231 3.13797e-05 2.15057e-05 4.11489 2.64223e-05 1.46916e-05 3.68697
232 3.14687e-05 2.14504e-05 4.08002 2.65523e-05 1.46908e-05 3.70005
233 3.1513e-05 2.12811e-05 4.07909 2.64392e-05 1.46075e-05 3.67802
234 3.12849e-05 2.12701e-05 4.04706 2.62861e-05 1.46164e-05 3.6736
235 3.13421e-05 2.17547e-05 4.11512 2.63439e-05 1.47084e-05 3.69659
236 3.14881e-05 2.12913e-05 4.0244 2.61888e-05 1.46447e-05 3.67657
237 3.13943e-05 2.12174e-05 4.0541 2.63734e-05 1.45534e-05 3.66694
238 3.10231e-05 2.175e-05 4.08499 2.62765e-05 1.47334e-05 3.68957
239 3.1548e-05 2.11936e-05 4.04121 2.61532e-05 1.46373e-05 3.67129
240 3.1627e-05 2.12429e-05 4.01931 2.6496e-05 1.4795e-05 3.7204
241 3.11771e-05 2.07376e-05 3.95179 2.62416e-05 1.44625e-05 3.64514
242 3.12441e-05 2.08739e-05 3.94971 2.59323e-05 1.46256e-05 3.66188
243 3.14221e-05 2.10124e-05 3.97822 2.62101e-05 1.45969e-05 3.67326
244 3.09527e-05 2.10622e-05 3.95156 2.62505e-05 1.46219e-05 3.68225
245 3.1106e-05 2.11309e-05 3.9812 2.61702e-05 1.46376e-05 3.67397
246 3.10161e-05 2.14973e-05 4.06387 2.61545e-05 1.45799e-05 3.66858
247 3.14267e-05 2.07517e-05 3.96641 2.59651e-05 1.44594e-05 3.63839
248 3.1158e-05 2.09683e-05 3.96127 2.62556e-05 1.47177e-05 3.69704
249 3.10811e-05 2.09634e-05 3.9778 2.59847e-05 1.4478e-05 3.64483
250 3.13449e-05 2.08421e-05 3.98879 2.58394e-05 1.44328e-05 3.62243
251 3.09687e-05 2.09707e-05 3.94742 2.59876e-05 1.45995e-05 3.65982
252 3.10129e-05 2.08479e-05 3.9308 2.60551e-05 1.44847e-05 3.63599
253 3.09805e-05 2.1214e-05 3.99071 2.60917e-05 1.45402e-05 3.66967
254 3.06512e-05 2.0596e-05 3.88753 2.6098e-05 1.45469e-05 3.66099
255 3.10626e-05 2.03991e-05 3.87521 2.60545e-05 1.44729e-05 3.64558
256 3.09452e-05 2.12412e-05 3.97173 2.60117e-05 1.46644e-05 3.66941
257 3.09858e-05 2.08348e-05 3.94779 2.6286e-05 1.44704e-05 3.65941
258 3.07218e-05 2.08421e-05 3.93041 2.6003e-05 1.45758e-05 3.66454
259 3.09213e-05 2.08802e-05 3.91394 2.59459e-05 1.45646e-05 3.65628
260 3.09263e-05 2.08469e-05 3.92606 2.60453e-05 1.45361e-05 3.6642
261 3.06062e-05 2.04788e-05 3.86068 2.59813e-05 1.44338e-05 3.64406
262 3.10912e-05 2.06504e-05 3.90026 2.58739e-05 1.4479e-05 3.63979
263 3.0987e-05 2.09116e-05 3.94013 2.58598e-05 1.44345e-05 3.62774
264 3.09607e-05 2.05598e-05 3.90669 2.59808e-05 1.43901e-05 3.63492
265 3.06681e-05 2.06953e-05 3.90382 2.60508e-05 1.45937e-05 3.67883
266 3.07786e-05 2.04843e-05 3.84522 2.59438e-05 1.44186e-05 3.63397
267 3.05896e-05 2.05522e-05 3.84758 2.59777e-05 1.45515e-05 3.65765
268 3.06934e-05 2.06195e-05 3.84615 2.5767e-05 1.45042e-05 3.63897
269 3.02135e-05 2.09708e-05 3.88638 2.61033e-05 1.45029e-05 3.66163
270 3.07557e-05 2.04918e-05 3.88138 2.58877e-05 1.44139e-05 3.62762
271 3.09897e-05 2.01414e-05 3.80758 2.57015e-05 1.44251e-05 3.61335
272 3.03e-05 2.09564e-05 3.86432 2.58952e-05 1.45979e-05 3.66945
273 3.03936e-05 2.0611e-05 3.87325 2.61206e-05 1.43626e-05 3.64231
274 3.05214e-05 2.06439e-05 3.88313 2.58897e-05 1.44482e-05 3.64222
275 3.04925e-05 2.06618e-05 3.87856 2.58949e-05 1.44765e-05 3.64344
276 2.9977e-05 2.07654e-05 3.86396 2.61659e-05 1.44779e-05 3.66604
277 3.08763e-05 2.02594e-05 3.76842 2.57042e-05 1.44709e-05 3.62956
278 3.02021e-05 2.01498e-05 3.78217 2.59992e-05 1.43847e-05 3.63058
279 3.04519e-05 2.02123e-05 3.77456 2.57479e-05 1.44089e-05 3.62544
280 3.05979e-05 2.01556e-05 3.76821 2.59455e-05 1.44537e-05 3.65292
281 3.0374e-05 2.05099e-05 3.78849 2.58023e-05 1.44357e-05 3.63381
282 3.05869e-05 2.03155e-05 3.80147 2.56534e-05 1.43108e-05 3.60465
283 3.05393e-05 2.03355e-05 3.81992 2.58763e-05 1.45013e-05 3.65226
284 3.01902e-05 2.03475e-05 3.76558 2.57234e-05 1.45795e-05 3.65293
285 3.06624e-05 2.05605e-05 3.83022 2.56478e-05 1.44694e-05 3.63288
286 3.03215e-05 2.0278e-05 3.81702 2.57101e-05 1.43215e-05 3.61649
287 3.0344e-05 2.0066e-05 3.71667 2.5558e-05 1.44498e-05 3.62416
288 3.01099e-05 2.01618e-05 3.76058 2.5764e-05 1.44815e-05 3.64168
289 3.00821e-05 2.0128e-05 3.76039 2.58875e-05 1.44017e-05 3.63987
290 3.05309e-05 2.00965e-05 3.74994 2.56088e-05 1.44637e-05 3.62737
291 3.03221e-05 2.00877e-05 3.76388 2.57366e-05 1.43014e-05 3.60829
292 3.01413e-05 2.02523e-05 3.75064 2.54956e-05 1.42976e-05 3.59721
293 3.00245e-05 1.98913e-05 3.71378 2.56485e-05 1.42423e-05 3.59764
294 3.01849e-05 2.01296e-05 3.73634 2.56507e-05 1.4416e-05 3.62585
295 3.02015e-05 2.01624e-05 3.73122 2.5566e-05 1.43249e-05 3.60969
296 3.03575e-05 2.02196e-05 3.77201 2.56359e-05 1.44377e-05 3.62567
297 3.016e-05 1.99353e-05 3.70987 2.55542e-05 1.42012e-05 3.59049
298 3.04361e-05 2.0107e-05 3.76241 2.55943e-05 1.43012e-05 3.6068
299 3.00373e-05 2.0258e-05 3.73474 2.6008e-05 1.44237e-05 3.65009
300 3.00083e-05 2.01188e-05 3.70483 2.58218e-05 1.43321e-05 3.63049
301 3.01334e-05 2.00301e-05 3.71489 2.56804e-05 1.4416e-05 3.62891
302 2.95702e-05 2.02117e-05 3.73999 2.58826e-05 1.43217e-05 3.62832
303 3.03914e-05 2.00068e-05 3.74629 2.54336e-05 1.42843e-05 3.5914
304 3.01565e-05 2.00284e-05 3.71998 2.56491e-05 1.43216e-05 3.6205
305 2.99973e-05 1.97768e-05 3.66661 2.55416e-05 1.43543e-05 3.61552
306 2.9664e-05 2.0062e-05 3.6903 2.5773e-05 1.44043e-05 3.64373
307 3.01917e-05 1.98688e-05 3.69759 2.5481e-05 1.42456e-05 3.58932
308 3.04601e-05 1.97594e-05 3.66245 2.51075e-05 1.42593e-05 3.57046
309 3.00724e-05 1.99148e-05 3.68406 2.53937e-05 1.43682e-05 3.61127
310 2.99109e-05 1.94242e-05 3.63514 2.56929e-05 1.41711e-05 3.5908
311 2.98108e-05 2.00314e-05 3.66067 2.54549e-05 1.43268e-05 3.6031
312 2.99678e-05 1.98576e-05 3.6758 2.56764e-05 1.43249e-05 3.61724
313 2.97142e-05 2.003e-05 3.68587 2.57299e-05 1.43244e-05 3.62852
314 2.98047e-05 1.98259e-05 3.67706 2.56299e-05 1.42357e-05 3.6065
315 3.00466e-05 1.98309e-05 3.68105 2.53513e-05 1.41277e-05 3.56692
316 2.95393e-05 1.99026e-05 3.68256 2.57927e-05 1.42649e-05 3.61498
317 2.98873e-05 1.96555e-05 3.6132 2.55054e-05 1.42624e-05 3.60001
318 2.9909e-05 1.95852e-05 3.64658 2.56561e-05 1.42399e-05 3.60369
319 2.95823e-05 1.96964e-05 3.63042 2.5656e-05 1.43542e-05 3.62388
320 2.97406e-05 2.01878e-05 3.65299 2.56364e-05 1.44918e-05 3.65121
321 2.93263e-05 1.97906e-05 3.62024 2.56173e-05 1.42711e-05 3.61391
322 2.96788e-05 1.95365e-05 3.60264 2.55761e-05 1.42172e-05 3.59964
323 2.99436e-05 1.95402e-05 3.60644 2.53243e-05 1.42629e-05 3.59206
324 2.9158e-05 1.99862e-05 3.64674 2.5934e-05 1.43717e-05 3.65038
325 2.98496e-05 1.98512e-05 3.64923 2.5292e-05 1.42768e-05 3.59641
326 2.9521e-05 1.93693e-05 3.57497 2.54769e-05 1.41537e-05 3.58294
327 2.95094e-05 1.98832e-05 3.64739 2.55903e-05 1.42426e-05 3.60837
328 2.95007e-05 1.97458e-05 3.62346 2.5704e-05 1.44511e-05 3.64937
329 2.93544e-05 1.9849e-05 3.62318 2.58156e-05 1.43185e-05 3.63179
330 2.90615e-05 1.9831e-05 3.59594 2.57084e-05 1.43923e-05 3.64428
331 2.96875e-05 1.98539e-05 3.6074 2.53578e-05 1.42873e-05 3.60134
332 2.98523e-05 1.9715e-05 3.6428 2.53319e-05 1.41944e-05 3.57536
333 2.94037e-05 1.96552e-05 3.6171 2.54161e-05 1.41824e-05 3.59035
334 2.96901e-05 1.96267e-05 3.58126 2.54359e-05 1.426e-05 3.60008
335 2.93751e-05 1.97662e-05 3.61126 2.55715e-05 1.42894e-05 3.61852
336 2.94505e-05 1.95137e-05 3.54811 2.52832e-05 1.4237e-05 3.58814
337 2.97802e-05 1.95508e-05 3.6094 2.55549e-05 1.42635e-05 3.60709
338 2.96165e-05 1.97228e-05 3.58125 2.5323e-05 1.42997e-05 3.59954
339 2.957e-05 1.93315e-05 3.49983 2.53343e-05 1.41944e-05 3.58256
340 2.97764e-05 1.93264e-05 3.57604 2.53526e-05 1.40719e-05 3.56327
341 2.95241e-05 1.95352e-05 3.56593 2.51898e-05 1.41496e-05 3.57143
342 2.90563e-05 1.95096e-05 3.52767 2.57723e-05 1.4326e-05 3.63412
343 2.88762e-05 1.96809e-05 3.55274 2.57168e-05 1.42857e-05 3.62469
344 2.93155e-05 1.93999e-05 3.53143 2.54717e-05 1.42431e-05 3.60127
345 2.93535e-05 1.93172e-05 3.50952 2.56169e-05 1.43031e-05 3.62137
346 2.92572e-05 1.96939e-05 3.57927 2.5472e-05 1.42223e-05 3.59976
347 2.90886e-05 1.93288e-05 3.52115 2.56263e-05 1.42571e-05 3.6109
348 2.94813e-05 1.93159e-05 3.50701 2.53759e-05 1.42534e-05 3.5966
349 2.91437e-05 1.96864e-05 3.57252 2.54224e-05 1.42322e-05 3.60467
350 2.914e-05 1.95318e-05 3.50112 2.52761e-05 1.43134e-05 3.60165
351 2.92288e-05 1.95393e-05 3.55899 2.54981e-05 1.4223e-05 3.60094
352 2.94737e-05 1.89946e-05 3.48062 2.51223e-05 1.41021e-05 3.55707
353 2.90486e-05 1.94199e-05 3.50569 2.55104e-05 1.43435e-05 3.62441
354 2.90542e-05 1.91921e-05 3.48144 2.54781e-05 1.43575e-05 3.61893
355 2.92741e-05 1.94868e-05 3.50583 2.54487e-05 1.43313e-05 3.61729
356 2.93911e-05 1.9669e-05 3.57369 2.53834e-05 1.42379e-05 3.60054
357 2.92256e-05 1.94896e-05 3.54169 2.52286e-05 1.41116e-05 3.5675
358 2.9062e-05 1.91547e-05 3.46887 2.53889e-05 1.42064e-05 3.59419
359 2.89561e-05 1.9224e-05 3.45957 2.55178e-05 1.43387e-05 3.62425
360 2.91837e-05 1.92651e-05 3.49308 2.51899e-05 1.4278e-05 3.59701
361 2.91119e-05 1.94146e-05 3.49421 2.51397e-05 1.42455e-05 3.58429
362 2.92313e-05 1.89558e-05 3.44564 2.5157e-05 1.41351e-05 3.56972
363 2.90096e-05 1.90057e-05 3.45418 2.52488e-05 1.41192e-05 3.57034
364 2.90233e-05 1.92649e-05 3.47428 2.54635e-05 1.42489e-05 3.60714
365 2.90868e-05 1.89581e-05 3.44334 2.52395e-05 1.41619e-05 3.58154
366 2.91859e-05 1.9336e-05 3.48305 2.5484e-05 1.43388e-05 3.6234
367 2.9117e-05 1.9092e-05 3.4462 2.54048e-05 1.41879e-05 3.58752
368 2.91149e-05 1.90079e-05 3.45631 2.53652e-05 1.41117e-05 3.57728
369 2.90701e-05 1.9343e-05 3.47227 2.52545e-05 1.42413e-05 3.59499
370 2.92217e-05 1.92796e-05 3.51964 2.54543e-05 1.4195e-05 3.59815
371 2.90643e-05 1.94635e-05 3.51292 2.52411e-05 1.42089e-05 3.59121
372 2.89608e-05 1.9295e-05 3.47867 2.54763e-05 1.42982e-05 3.61833
373 2.91089e-05 1.92206e-05 3.48461 2.53005e-05 1.42147e-05 3.59517
374 2.88301e-05 1.91022e-05 3.41883 2.53108e-05 1.42077e-05 3.58937
375 2.89961e-05 1.9215e-05 3.48485 2.54239e-05 1.41956e-05 3.59815
376 2.89891e-05 1.8901e-05 3.37262 2.52444e-05 1.41654e-05 3.58659
377 2.87656e-05 1.89354e-05 3.40073 2.53697e-05 1.41899e-05 3.59284
378 2.89909e-05 1.87037e-05 3.36112 2.53789e-05 1.41537e-05 3.59365
379 2.91172e-05 1.90197e-05 3.4012 2.53338e-05 1.41558e-05 3.58375
380 2.939e-05 1.90058e-05 3.43144 2.49943e-05 1.41336e-05 3.56083
381 2.89406e-05 1.89518e-05 3.40054 2.52913e-05 1.42118e-05 3.59166
382 2.89419e-05 1.91057e-05 3.44066 2.52115e-05 1.41493e-05 3.57971
383 2.91575e-05 1.88383e-05 3.40258 2.5138e-05 1.40689e-05 3.56393
384 2.86559e-05 1.8983e-05 3.4132 2.55472e-05 1.4163e-05 3.59628
385 2.85477e-05 1.89701e-05 3.43279 2.54931e-05 1.41596e-05 3.59512
386 2.85968e-05 1.92557e-05 3.41932 2.51868e-05 1.42747e-05 3.60144
387 2.89516e-05 1.94465e-05 3.45286 2.5062e-05 1.43224e-05 3.60312
388 2.91401e-05 1.87945e-05 3.42246 2.53146e-05 1.41909e-05 3.59145
389 2.87469e-05 1.86965e-05 3.33348 2.52339e-05 1.41883e-05 3.59072
390 2.88686e-05 1.87533e-05 3.39109 2.52934e-05 1.41244e-05 3.57748
391 2.89344e-05 1.85828e-05 3.36225 2.51573e-05 1.4031e-05 3.557
392 2.92022e-05 1.88207e-05 3.37501 2.49336e-05 1.41647e-05 3.56817
393 2.88726e-05 1.89293e-05 3.35768 2.51541e-05 1.4143e-05 3.5774
394 2.90354e-05 1.87292e-05 3.36185 2.51449e-05 1.43057e-05 3.60694
395 2.88213e-05 1.88045e-05 3.32913 2.51694e-05 1.41466e-05 3.57577
396 2.91656e-05 1.85086e-05 3.34487 2.49943e-05 1.40787e-05 3.55592
397 2.86313e-05 1.86654e-05 3.31159 2.51058e-05 1.41511e-05 3.57716
398 2.88706e-05 1.87284e-05 3.35375 2.51075e-05 1.40027e-05 3.55051
399 2.87344e-05 1.883e-05 3.35758 2.51913e-05 1.41978e-05 3.59207
400 2.88247e-05 1.86015e-05 3.3026 2.51062e-05 1.41715e-05 3.58083
401 2.85132e-05 1.89693e-05 3.37534 2.53868e-05 1.41322e-05 3.59087
402 2.86529e-05 1.8818e-05 3.3362 2.53541e-05 1.41806e-05 3.59867
403 2.86117e-05 1.8662e-05 3.33883 2.50183e-05 1.41493e-05 3.56591
404 2.83713e-05 1.9028e-05 3.3697 2.53242e-05 1.41927e-05 3.59457
405 2.89186e-05 1.87575e-05 3.3589 2.51312e-05 1.42076e-05 3.58822
406 2.86509e-05 1.88738e-05 3.3899 2.52441e-05 1.40823e-05 3.57446
407 2.85932e-05 1.89714e-05 3.36061 2.50987e-05 1.41668e-05 3.5755
408 2.85489e-05 1.8624e-05 3.29408 2.5487e-05 1.42501e-05 3.61798
409 2.87479e-05 1.86718e-05 3.33197 2.50674e-05 1.42479e-05 3.59148
410 2.87815e-05 1.85191e-05 3.30666 2.50141e-05 1.41135e-05 3.56474
411 2.84428e-05 1.84378e-05 3.28818 2.53997e-05 1.41234e-05 3.59322
412 2.85234e-05 1.88292e-05 3.32561 2.54281e-05 1.41825e-05 3.60165
413 2.86597e-05 1.88548e-05 3.38001 2.50078e-05 1.41589e-05 3.5761
414 2.89076e-05 1.86419e-05 3.33826 2.51813e-05 1.41244e-05 3.57553
415 2.85953e-05 1.86286e-05 3.33286 2.52235e-05 1.41846e-05 3.59212
416 2.86557e-05 1.86869e-05 3.35539 2.50844e-05 1.40222e-05 3.55424
417 2.85169e-05 1.84164e-05 3.29251 2.52931e-05 1.40122e-05 3.56519
418 2.83018e-05 1.8855e-05 3.32055 2.54692e-05 1.42333e-05 3.61137
419 2.83585e-05 1.86539e-05 3.28811 2.53663e-05 1.42603e-05 3.61436
420 2.84611e-05 1.8858e-05 3.33213 2.50674e-05 1.41954e-05 3.58304
421 2.8598e-05 1.85658e-05 3.30401 2.52541e-05 1.41013e-05 3.57879
422 2.8717e-05 1.8571e-05 3.27347 2.50418e-05 1.41667e-05 3.57796
423 2.8505e-05 1.88634e-05 3.33077 2.51365e-05 1.41294e-05 3.57599
424 2.84131e-05 1.88978e-05 3.32736 2.5109e-05 1.41743e-05 3.58425
425 2.82731e-05 1.87427e-05 3.30207 2.53741e-05 1.41484e-05 3.58921
426 2.86041e-05 1.90364e-05 3.36746 2.48811e-05 1.40544e-05 3.54559
427 2.82239e-05 1.86567e-05 3.29022 2.53952e-05 1.4227e-05 3.61056
428 2.82903e-05 1.87284e-05 3.29954 2.50795e-05 1.41833e-05 3.58262
429 2.8173e-05 1.85642e-05 3.27048 2.53593e-05 1.42289e-05 3.60869
430 2.83154e-05 1.8575e-05 3.26401 2.5193e-05 1.41711e-05 3.58886
431 2.85023e-05 1.82739e-05 3.21992 2.51098e-05 1.40977e-05 3.56937
432 2.83174e-05 1.84132e-05 3.23871 2.52782e-05 1.41414e-05 3.58399
433 2.87153e-05 1.84561e-05 3.2791 2.49359e-05 1.40369e-05 3.54451
434 2.8331e-05 1.8572e-05 3.26345 2.51886e-05 1.41799e-05 3.59324
435 2.83598e-05 1.8387e-05 3.23148 2.49826e-05 1.39838e-05 3.54659
436 2.83952e-05 1.83517e-05 3.24165 2.51671e-05 1.41198e-05 3.58222
437 2.84191e-05 1.84436e-05 3.25117 2.51409e-05 1.4104e-05 3.57298
438 2.82524e-05 1.83142e-05 3.24516 2.52385e-05 1.4096e-05 3.58042
439 2.85039e-05 1.83173e-05 3.24609 2.5069e-05 1.41017e-05 3.57215
440 2.8804e-05 1.79895e-05 3.19473 2.49004e-05 1.41444e-05 3.56792
441 2.85145e-05 1.86694e-05 3.2848 2.50891e-05 1.40659e-05 3.56617
442 2.8242e-05 1.87593e-05 3.25739 2.52294e-05 1.42345e-05 3.59851
443 2.80643e-05 1.87806e-05 3.27563 2.52143e-05 1.413e-05 3.58575
444 2.82532e-05 1.85546e-05 3.27646 2.52344e-05 1.4122e-05 3.58693
445 2.82526e-05 1.83968e-05 3.26528 2.52609e-05 1.40101e-05 3.56583
446 2.83161e-05 1.8673e-05 3.27588 2.50411e-05 1.4154e-05 3.57732
447 2.80028e-05 1.86996e-05 3.25859 2.5333e-05 1.41347e-05 3.59141
448 2.83855e-05 1.83805e-05 3.22603 2.50943e-05 1.41688e-05 3.58505
449 2.85628e-05 1.79263e-05 3.17561 2.51295e-05 1.40114e-05 3.55946
450 2.8133e-05 1.80645e-05 3.17276 2.52432e-05 1.41385e-05 3.59089
451 2.82876e-05 1.83141e-05 3.24419 2.53374e-05 1.39763e-05 3.56989
452 2.80305e-05 1.81402e-05 3.17179 2.50787e-05 1.39922e-05 3.54918
453 2.84355e-05 1.82451e-05 3.23094 2.50665e-05 1.40988e-05 3.56756
454 2.83715e-05 1.83537e-05 3.20567 2.50507e-05 1.41441e-05 3.58075
455 2.78625e-05 1.86181e-05 3.25185 2.5137e-05 1.40804e-05 3.57129
456 2.80721e-05 1.81013e-05 3.17516 2.52092e-05 1.39883e-05 3.56485
457 2.84555e-05 1.83329e-05 3.23028 2.51516e-05 1.40882e-05 3.57689
458 2.78819e-05 1.85592e-05 3.22828 2.53568e-05 1.41249e-05 3.59238
459 2.82994e-05 1.83789e-05 3.20127 2.5081e-05 1.40496e-05 3.56231
460 2.85614e-05 1.82739e-05 3.22686 2.49651e-05 1.40748e-05 3.56211
461 2.83695e-05 1.80783e-05 3.18834 2.49389e-05 1.408e-05 3.55833
462 2.84705e-05 1.83086e-05 3.20126 2.49623e-05 1.39649e-05 3.5409
463 2.82282e-05 1.82781e-05 3.18707 2.52667e-05 1.41484e-05 3.59013
464 2.79851e-05 1.8486e-05 3.2206 2.52158e-05 1.41538e-05 3.58928
465 2.79451e-05 1.80439e-05 3.13404 2.53496e-05 1.42343e-05 3.61378
466 2.80049e-05 1.8543e-05 3.21107 2.52357e-05 1.41861e-05 3.59864
467 2.83332e-05 1.80626e-05 3.15109 2.48329e-05 1.39893e-05 3.54259
468 2.82623e-05 1.815e-05 3.14362 2.50478e-05 1.405e-05 3.56224
469 2.84481e-05 1.81971e-05 3.17021 2.50021e-05 1.40976e-05 3.57246
470 2.81587e-05 1.81937e-05 3.14495 2.51343e-05 1.41153e-05 3.5815
471 2.82559e-05 1.80989e-05 3.1569 2.50402e-05 1.41214e-05 3.5794
472 2.84457e-05 1.83107e-05 3.20094 2.4672e-05 1.39939e-05 3.53433
473 2.80669e-05 1.83834e-05 3.18954 2.52216e-05 1.40957e-05 3.58113
474 2.81125e-05 1.80342e-05 3.12605 2.51192e-05 1.41034e-05 3.57666
475 2.81108e-05 1.81523e-05 3.15381 2.51812e-05 1.41981e-05 3.59523
476 2.79236e-05 1.83637e-05 3.17479 2.49645e-05 1.40857e-05 3.56633
477 2.79822e-05 1.78453e-05 3.10621 2.49748e-05 1.39901e-05 3.55149
478 2.80599e-05 1.80181e-05 3.1485 2.5016e-05 1.40699e-05 3.56644
479 2.79811e-05 1.82231e-05 3.15382 2.50382e-05 1.41453e-05 3.58317
480 2.81847e-05 1.84294e-05 3.20071 2.50286e-05 1.41299e-05 3.58117
481 2.80393e-05 1.80099e-05 3.15864 2.52426e-05 1.40259e-05 3.57227
482 2.81552e-05 1.80513e-05 3.13246 2.50762e-05 1.40321e-05 3.56408
483 2.80397e-05 1.80339e-05 3.13157 2.50809e-05 1.4072e-05 3.57003
484 2.80063e-05 1.80211e-05 3.14873 2.513e-05 1.40811e-05 3.57578
485 2.82295e-05 1.81833e-05 3.10985 2.50083e-05 1.40589e-05 3.56308
486 2.82982e-05 1.77198e-05 3.11616 2.50778e-05 1.39919e-05 3.55647
487 2.81051e-05 1.80978e-05 3.12929 2.50867e-05 1.40072e-05 3.55663
488 2.8065e-05 1.83057e-05 3.13308 2.49465e-05 1.40121e-05 3.5541
489 2.81814e-05 1.77662e-05 3.09314 2.47703e-05 1.39687e-05 3.53411
490 2.81523e-05 1.79629e-05 3.09344 2.49709e-05 1.40747e-05 3.56735
491 2.77138e-05 1.80213e-05 3.10939 2.53223e-05 1.41037e-05 3.58856
492 2.80903e-05 1.82046e-05 3.13708 2.50464e-05 1.40944e-05 3.57482
493 2.79321e-05 1.81889e-05 3.14965 2.5085e-05 1.41152e-05 3.5754
494 2.79979e-05 1.79658e-05 3.08252 2.48286e-05 1.4032e-05 3.54823
495 2.78016e-05 1.79943e-05 3.12012 2.51251e-05 1.40686e-05 3.5732
496 2.78883e-05 1.80732e-05 3.1376 2.52117e-05 1.39274e-05 3.55235
497 2.77584e-05 1.81232e-05 3.12126 2.5176e-05 1.41507e-05 3.59212
498 2.7876e-05 1.81444e-05 3.11673 2.50669e-05 1.40557e-05 3.56942
499 2.76353e-05 1.79062e-05 3.06967 2.53533e-05 1.41373e-05 3.59831
500 2.79514e-05 1.78447e-05 3.0942 2.50509e-05 1.40255e-05 3.56448
501 2.77033e-05 1.80413e-05 3.10924 2.51213e-05 1.4043e-05 3.56768
502 2.76168e-05 1.78616e-05 3.0889 2.52994e-05 1.41173e-05 3.59024
503 2.79309e-05 1.75947e-05 3.05255 2.50035e-05 1.39629e-05 3.55034
504 2.76764e-05 1.77895e-05 3.05791 2.50945e-05 1.40076e-05 3.5605
505 2.79849e-05 1.7896e-05 3.07449 2.491e-05 1.39584e-05 3.54513
506 2.8142e-05 1.80361e-05 3.10833 2.50815e-05 1.40028e-05 3.56222
507 2.76314e-05 1.79667e-05 3.10161 2.51925e-05 1.40431e-05 3.57588
508 2.78696e-05 1.80215e-05 3.07545 2.5076e-05 1.39639e-05 3.55454
509 2.7722e-05 1.7689e-05 3.04919 2.50784e-05 1.39921e-05 3.55929
510 2.79979e-05 1.77739e-05 3.06589 2.50733e-05 1.39994e-05 3.55696
511 2.77231e-05 1.81193e-05 3.08645 2.51953e-05 1.4061e-05 3.57805
512 2.76816e-05 1.78348e-05 3.05519 2.51867e-05 1.4045e-05 3.57438
513 2.78088e-05 1.77547e-05 3.02908 2.50862e-05 1.39901e-05 3.56022
514 2.78426e-05 1.80706e-05 3.08234 2.50119e-05 1.41253e-05 3.57791
515 2.78506e-05 1.78283e-05 3.04717 2.49186e-05 1.40045e-05 3.55045
516 2.78713e-05 1.77355e-05 3.03857 2.49199e-05 1.39796e-05 3.55048
517 2.75054e-05 1.81131e-05 3.09146 2.51862e-05 1.40716e-05 3.57846
518 2.78371e-05 1.80533e-05 3.08334 2.50696e-05 1.41051e-05 3.57557
519 2.79707e-05 1.82016e-05 3.09893 2.49558e-05 1.40755e-05 3.56708
520 2.78818e-05 1.80577e-05 3.07713 2.49681e-05 1.40395e-05 3.56094
521 2.74609e-05 1.81154e-05 3.07873 2.51703e-05 1.41258e-05 3.58415
522 2.80253e-05 1.76986e-05 3.04149 2.48536e-05 1.3944e-05 3.53812
523 2.77374e-05 1.79412e-05 3.066 2.50826e-05 1.41192e-05 3.58043
524 2.78485e-05 1.75874e-05 3.0419 2.4992e-05 1.39352e-05 3.54657
525 2.77819e-05 1.79995e-05 3.08789 2.50342e-05 1.40315e-05 3.56515
526 2.7584e-05 1.77306e-05 3.03381 2.49854e-05 1.39138e-05 3.54085
527 2.76219e-05 1.78325e-05 3.0467 2.52614e-05 1.40565e-05 3.57898
528 2.78034e-05 1.76537e-05 3.01318 2.49257e-05 1.40161e-05 3.55627
529 2.78369e-05 1.76958e-05 3.0093 2.51107e-05 1.39693e-05 3.55672
530 2.76387e-05 1.80336e-05 3.05566 2.49626e-05 1.40413e-05 3.55983
531 2.76041e-05 1.77285e-05 3.01564 2.49828e-05 1.40474e-05 3.56358
532 2.75996e-05 1.79013e-05 3.03935 2.51483e-05 1.39936e-05 3.56535
533 2.77664e-05 1.79476e-05 3.06767 2.50283e-05 1.40076e-05 3.56182
534 2.77042e-05 1.80241e-05 3.04218 2.49382e-05 1.40486e-05 3.56595
535 2.79413e-05 1.77747e-05 3.00393 2.48079e-05 1.40737e-05 3.55952
536 2.75681e-05 1.779e-05 3.0048 2.50299e-05 1.41487e-05 3.58452
537 2.77925e-05 1.7674e-05 3.0382 2.48608e-05 1.3963e-05 3.54063
538 2.77416e-05 1.76529e-05 3.02593 2.51557e-05 1.40603e-05 3.579
539 2.77624e-05 1.78753e-05 3.03113 2.48824e-05 1.40926e-05 3.5687
540 2.78677e-05 1.76544e-05 2.99879 2.47814e-05 1.39752e-05 3.54184
541 2.76657e-05 1.76344e-05 2.99529 2.4891e-05 1.39343e-05 3.53943
542 2.75763e-05 1.75474e-05 2.97978 2.50562e-05 1.39694e-05 3.55509
543 2.77658e-05 1.77223e-05 2.97051 2.49618e-05 1.40487e-05 3.56228
544 2.7659e-05 1.77354e-05 3.00988 2.48755e-05 1.39272e-05 3.53566
545 2.76098e-05 1.76295e-05 2.97153 2.52622e-05 1.40242e-05 3.57598
546 2.74471e-05 1.79742e-05 3.05198 2.51024e-05 1.3997e-05 3.56378
547 2.75088e-05 1.76896e-05 2.98583 2.48999e-05 1.40294e-05 3.55926
548 2.75401e-05 1.78189e-05 3.00544 2.50185e-05 1.40962e-05 3.57224
549 2.77901e-05 1.75581e-05 2.99932 2.48907e-05 1.39683e-05 3.54857
550 2.7609e-05 1.77e-05 2.98805 2.4953e-05 1.40036e-05 3.55457
551 2.77078e-05 1.77289e-05 3.00755 2.49581e-05 1.40135e-05 3.5568
552 2.75822e-05 1.78775e-05 3.02527 2.48505e-05 1.39653e-05 3.54228
553 2.76379e-05 1.76836e-05 2.98697 2.50435e-05 1.40959e-05 3.57597
554 2.74461e-05 1.7613e-05 2.98016 2.51865e-05 1.39773e-05 3.56424
555 2.75069e-05 1.75628e-05 2.9663 2.50773e-05 1.40697e-05 3.57071
556 2.7694e-05 1.73321e-05 2.95506 2.49171e-05 1.39202e-05 3.53948
557 2.74843e-05 1.76453e-05 2.99789 2.51492e-05 1.39485e-05 3.56132
558 2.75013e-05 1.79703e-05 3.04672 2.49866e-05 1.4054e-05 3.56596
559 2.76463e-05 1.78588e-05 3.00427 2.48698e-05 1.40965e-05 3.56627
560 2.75067e-05 1.74326e-05 2.93824 2.4986e-05 1.39788e-05 3.55641
561 2.75333e-05 1.77183e-05 2.99378 2.50264e-05 1.40356e-05 3.5668
562 2.76447e-05 1.73811e-05 2.93759 2.49156e-05 1.38901e-05 3.53236
563 2.7563e-05 1.78737e-05 2.96383 2.50732e-05 1.41124e-05 3.58415
564 2.74269e-05 1.77443e-05 2.95502 2.51961e-05 1.40844e-05 3.58776
565 2.7499e-05 1.76684e-05 3.00889 2.51197e-05 1.40378e-05 3.57365
566 2.75196e-05 1.74699e-05 2.96754 2.52024e-05 1.4051e-05 3.57822
567 2.75301e-05 1.80135e-05 3.04465 2.49847e-05 1.40339e-05 3.56431
568 2.76918e-05 1.79302e-05 3.00001 2.47401e-05 1.41312e-05 3.5661
569 2.76913e-05 1.71369e-05 2.90288 2.47618e-05 1.38713e-05 3.52442
570 2.75767e-05 1.74417e-05 2.94422 2.5099e-05 1.40642e-05 3.57495
571 2.74189e-05 1.79325e-05 3.00588 2.50161e-05 1.40049e-05 3.56145
572 2.77289e-05 1.75374e-05 2.93328 2.47741e-05 1.40723e-05 3.55718
573 2.75007e-05 1.77827e-05 2.97232 2.47485e-05 1.40388e-05 3.55128
574 2.76251e-05 1.72287e-05 2.91754 2.50122e-05 1.3941e-05 3.54982
575 2.76651e-05 1.7401e-05 2.91804 2.50264e-05 1.40039e-05 3.56147
576 2.74147e-05 1.73122e-05 2.92571 2.50303e-05 1.39798e-05 3.55533
577 2.7579e-05 1.75545e-05 2.99866 2.49741e-05 1.40209e-05 3.55919
578 2.75727e-05 1.76746e-05 2.92341 2.48732e-05 1.40384e-05 3.56011
579 2.75833e-05 1.76472e-05 2.95732 2.49441e-05 1.40025e-05 3.55375
580 2.74963e-05 1.74931e-05 2.91041 2.48904e-05 1.40047e-05 3.55502
581 2.77832e-05 1.75624e-05 2.98088 2.48097e-05 1.39395e-05 3.53604
582 2.76583e-05 1.76872e-05 2.96833 2.48007e-05 1.40284e-05 3.55288
583 2.73958e-05 1.75134e-05 2.94982 2.50216e-05 1.4019e-05 3.56774
584 2.72031e-05 1.74941e-05 2.91435 2.52175e-05 1.406e-05 3.58318
585 2.73827e-05 1.73087e-05 2.89157 2.49093e-05 1.39237e-05 3.54385
586 2.76291e-05 1.73607e-05 2.92406 2.48459e-05 1.39258e-05 3.54006
587 2.73274e-05 1.75313e-05 2.92337 2.50379e-05 1.41198e-05 3.58
588 2.75436e-05 1.73794e-05 2.89419 2.47469e-05 1.3997e-05 3.5441
589 2.73515e-05 1.7781e-05 2.96445 2.49505e-05 1.40317e-05 3.56231
590 2.74597e-05 1.7623e-05 2.96871 2.51286e-05 1.40243e-05 3.57282
591 2.75284e-05 1.71739e-05 2.8882 2.49961e-05 1.3962e-05 3.55608
592 2.73945e-05 1.75907e-05 2.93294 2.5085e-05 1.41829e-05 3.59733
593 2.76424e-05 1.70902e-05 2.87529 2.48538e-05 1.38809e-05 3.53396
594 2.76219e-05 1.78159e-05 2.96479 2.49762e-05 1.40241e-05 3.56434
595 2.74776e-05 1.75245e-05 2.91864 2.48743e-05 1.39637e-05 3.54476
596 2.73976e-05 1.74824e-05 2.9158 2.50124e-05 1.40856e-05 3.57652
597 2.74242e-05 1.76138e-05 2.94018 2.49789e-05 1.40842e-05 3.56825
598 2.74531e-05 1.74287e-05 2.92641 2.47263e-05 1.40053e-05 3.54776
599 2.76155e-05 1.73249e-05 2.89074 2.46883e-05 1.39147e-05 3.52645
600 2.75564e-05 1.73033e-05 2.87997 2.48929e-05 1.40007e-05 3.5535
601 2.75381e-05 1.76748e-05 2.95638 2.5022e-05 1.41236e-05 3.58259
602 2.75621e-05 1.73037e-05 2.88572 2.48936e-05 1.39792e-05 3.55058
603 2.72361e-05 1.72521e-05 2.88427 2.51166e-05 1.40813e-05 3.58107
604 2.75865e-05 1.72617e-05 2.85099 2.48143e-05 1.39539e-05 3.53962
605 2.74277e-05 1.75185e-05 2.89805 2.48124e-05 1.39815e-05 3.5453
606 2.73025e-05 1.73184e-05 2.87693 2.51527e-05 1.40742e-05 3.58332
607 2.72801e-05 1.7484e-05 2.88904 2.49739e-05 1.40762e-05 3.57312
608 2.74569e-05 1.71945e-05 2.8508 2.50261e-05 1.39923e-05 3.56046
609 2.73804e-05 1.71477e-05 2.87331 2.50609e-05 1.39415e-05 3.55389
610 2.72042e-05 1.75318e-05 2.89393 2.49199e-05 1.41117e-05 3.57799
611 2.7485e-05 1.73853e-05 2.87958 2.48363e-05 1.40388e-05 3.5582
612 2.68742e-05 1.74356e-05 2.90653 2.52882e-05 1.40056e-05 3.57848
613 2.72065e-05 1.75789e-05 2.90058 2.49593e-05 1.41083e-05 3.57865
614 2.75518e-05 1.73479e-05 2.89144 2.47215e-05 1.39148e-05 3.53066
615 2.72566e-05 1.77133e-05 2.89659 2.48194e-05 1.40177e-05 3.55071
616 2.73655e-05 1.74287e-05 2.89325 2.49854e-05 1.4073e-05 3.57576
617 2.73483e-05 1.72549e-05 2.8324 2.47561e-05 1.39271e-05 3.53439
618 2.70185e-05 1.73961e-05 2.87856 2.51241e-05 1.40244e-05 3.57567
619 2.74944e-05 1.74582e-05 2.87203 2.4717e-05 1.38967e-05 3.52767
620 2.74194e-05 1.72656e-05 2.88522 2.49081e-05 1.38715e-05 3.53288
621 2.72475e-05 1.72963e-05 2.8338 2.5013e-05 1.40655e-05 3.57608
622 2.75115e-05 1.71435e-05 2.81576 2.49031e-05 1.39626e-05 3.54776
623 2.71938e-05 1.73859e-05 2.87987 2.51058e-05 1.40053e-05 3.56743
624 2.70627e-05 1.74542e-05 2.88193 2.51308e-05 1.39997e-05 3.57112
625 2.73991e-05 1.72211e-05 2.82228 2.49516e-05 1.40379e-05 3.56457
626 2.7149e-05 1.71155e-05 2.83682 2.50061e-05 1.40218e-05 3.5674
627 2.73358e-05 1.74177e-05 2.86814 2.48235e-05 1.39634e-05 3.5457
628 2.69306e-05 1.75503e-05 2.89424 2.51872e-05 1.40837e-05 3.58843
629 2.72234e-05 1.73534e-05 2.85179 2.49738e-05 1.40018e-05 3.56557
630 2.72547e-05 1.73556e-05 2.86253 2.50758e-05 1.40004e-05 3.56389
631 2.72312e-05 1.73633e-05 2.8665 2.49461e-05 1.39639e-05 3.5523
632 2.73698e-05 1.72599e-05 2.83671 2.49415e-05 1.40118e-05 3.55978
633 2.73476e-05 1.76365e-05 2.90513 2.50341e-05 1.39291e-05 3.55047
634 2.71935e-05 1.72325e-05 2.83694 2.49688e-05 1.40161e-05 3.564
635 2.71039e-05 1.74787e-05 2.88325 2.50487e-05 1.3956e-05 3.55805
636 2.74469e-05 1.70291e-05 2.81187 2.48918e-05 1.40444e-05 3.55919
637 2.7207e-05 1.75688e-05 2.88581 2.48441e-05 1.39396e-05 3.54245
638 2.72525e-05 1.73677e-05 2.83878 2.50365e-05 1.4045e-05 3.57378
639 2.72652e-05 1.71511e-05 2.83649 2.46699e-05 1.39503e-05 3.53448
640 2.74176e-05 1.71386e-05 2.82318 2.48586e-05 1.39365e-05 3.54034
641 2.72153e-05 1.70365e-05 2.79542 2.50725e-05 1.39829e-05 3.56099
642 2.73686e-05 1.74293e-05 2.86983 2.49399e-05 1.39514e-05 3.54998
643 2.72139e-05 1.71724e-05 2.82843 2.4918e-05 1.38976e-05 3.53454
644 2.70182e-05 1.70155e-05 2.8133 2.5124e-05 1.39818e-05 3.56449
645 2.69351e-05 1.7213e-05 2.85308 2.52195e-05 1.40076e-05 3.57544
646 2.69501e-05 1.74407e-05 2.80986 2.50922e-05 1.40809e-05 3.58324
647 2.70397e-05 1.72569e-05 2.81386 2.50504e-05 1.39209e-05 3.55007
648 2.72208e-05 1.71496e-05 2.78781 2.48991e-05 1.3949e-05 3.54935
649 2.73311e-05 1.73113e-05 2.84178 2.49933e-05 1.40408e-05 3.56995
650 2.70698e-05 1.71616e-05 2.81822 2.49918e-05 1.38447e-05 3.53265
651 2.72438e-05 1.73146e-05 2.83859 2.501e-05 1.39927e-05 3.55678
652 2.73564e-05 1.72441e-05 2.83951 2.47236e-05 1.39611e-05 3.5399
653 2.72643e-05 1.72817e-05 2.83093 2.48771e-05 1.40011e-05 3.55506
654 2.71281e-05 1.72934e-05 2.82343 2.50774e-05 1.39604e-05 3.56028
655 2.7154e-05 1.73083e-05 2.82281 2.48519e-05 1.39687e-05 3.54855
656 2.71811e-05 1.70717e-05 2.79232 2.51034e-05 1.40262e-05 3.56784
657 2.71007e-05 1.70896e-05 2.80316 2.50883e-05 1.40023e-05 3.56807
658 2.72305e-05 1.69897e-05 2.76698 2.48659e-05 1.39841e-05 3.55318
659 2.72803e-05 1.71844e-05 2.81643 2.47527e-05 1.39408e-05 3.53938
660 2.72782e-05 1.70797e-05 2.7991 2.48803e-05 1.39034e-05 3.53752
661 2.72172e-05 1.72264e-05 2.81816 2.50339e-05 1.3969e-05 3.55866
662 2.70055e-05 1.74505e-05 2.82869 2.5074e-05 1.40563e-05 3.5741
663 2.7038e-05 1.73272e-05 2.82009 2.49742e-05 1.40349e-05 3.56806
664 2.71564e-05 1.71519e-05 2.80306 2.501e-05 1.40589e-05 3.57147
665 2.70283e-05 1.71163e-05 2.78798 2.49757e-05 1.40003e-05 3.56149
666 2.71811e-05 1.70662e-05 2.78444 2.48003e-05 1.40122e-05 3.54941
667 2.69604e-05 1.72968e-05 2.76274 2.49479e-05 1.40641e-05 3.57166
668 2.70034e-05 1.7186e-05 2.80032 2.49621e-05 1.40641e-05 3.5726
669 2.72611e-05 1.69732e-05 2.755 2.48833e-05 1.39906e-05 3.55053
670 2.71823e-05 1.71783e-05 2.81916 2.48367e-05 1.38839e-05 3.53429
671 2.69359e-05 1.72777e-05 2.80727 2.50024e-05 1.40959e-05 3.58341
672 2.73539e-05 1.68469e-05 2.77101 2.49017e-05 1.39809e-05 3.55265
673 2.71158e-05 1.70702e-05 2.7946 2.5006e-05 1.3945e-05 3.55413
674 2.7009e-05 1.70029e-05 2.75862 2.50516e-05 1.40552e-05 3.57354
675 2.70457e-05 1.70619e-05 2.7706 2.4934e-05 1.39342e-05 3.54917
676 2.68511e-05 1.72757e-05 2.79232 2.52609e-05 1.39966e-05 3.57734
677 2.69639e-05 1.73193e-05 2.78654 2.49467e-05 1.40634e-05 3.57188
678 2.70005e-05 1.69393e-05 2.75306 2.49508e-05 1.39132e-05 3.54467
679 2.71046e-05 1.71336e-05 2.7593 2.51067e-05 1.40905e-05 3.58365
680 2.69969e-05 1.70388e-05 2.77383 2.49882e-05 1.39245e-05 3.55132
681 2.7088e-05 1.71124e-05 2.79714 2.49977e-05 1.39782e-05 3.55742
682 2.69623e-05 1.70407e-05 2.75106 2.50425e-05 1.39438e-05 3.55399
683 2.71788e-05 1.68567e-05 2.76341 2.50213e-05 1.39493e-05 3.55661
684 2.70907e-05 1.70934e-05 2.74531 2.48069e-05 1.40602e-05 3.56008
685 2.7315e-05 1.73432e-05 2.82417 2.47261e-05 1.39684e-05 3.54262
686 2.70833e-05 1.68844e-05 2.72585 2.49293e-05 1.39757e-05 3.55646
687 2.713e-05 1.7337e-05 2.80947 2.49231e-05 1.40497e-05 3.56872
688 2.70109e-05 1.71013e-05 2.77636 2.49021e-05 1.40027e-05 3.5529
689 2.73054e-05 1.71718e-05 2.78191 2.48506e-05 1.40319e-05 3.56127
690 2.72083e-05 1.70344e-05 2.77514 2.4758e-05 1.38383e-05 3.52484
691 2.7162e-05 1.70218e-05 2.74852 2.48205e-05 1.39862e-05 3.54952
692 2.69203e-05 1.66314e-05 2.69921 2.49927e-05 1.39301e-05 3.54729
693 2.69749e-05 1.69531e-05 2.73836 2.49382e-05 1.40003e-05 3.56077
694 2.69401e-05 1.7177e-05 2.78618 2.49378e-05 1.39523e-05 3.55098
695 2.70204e-05 1.68747e-05 2.71989 2.50129e-05 1.39514e-05 3.55347
696 2.67199e-05 1.74152e-05 2.77624 2.50052e-05 1.41317e-05 3.58608
697 2.7124e-05 1.73607e-05 2.78548 2.47126e-05 1.4062e-05 3.55826
698 2.70624e-05 1.70619e-05 2.75907 2.48487e-05 1.40356e-05 3.56211
699 2.72385e-05 1.71499e-05 2.77298 2.47538e-05 1.38765e-05 3.52733
700 2.71392e-05 1.70441e-05 2.79916 2.49749e-05 1.39805e-05 3.55882
701 2.70288e-05 1.72981e-05 2.80606 2.48763e-05 1.4006e-05 3.55607
702 2.72016e-05 1.67123e-05 2.72521 2.48261e-05 1.38374e-05 3.5231
703 2.69835e-05 1.72151e-05 2.76925 2.49677e-05 1.40044e-05 3.56347
704 2.71804e-05 1.68427e-05 2.73685 2.4901e-05 1.39007e-05 3.53934
705 2.67996e-05 1.70332e-05 2.73851 2.49736e-05 1.39762e-05 3.55564
706 2.68542e-05 1.70783e-05 2.74847 2.51139e-05 1.40234e-05 3.57298
707 2.69406e-05 1.71048e-05 2.74264 2.48658e-05 1.39905e-05 3.55379
708 2.69094e-05 1.68949e-05 2.71037 2.49751e-05 1.39866e-05 3.55861
709 2.69669e-05 1.70694e-05 2.76478 2.48849e-05 1.39715e-05 3.55245
710 2.71204e-05 1.71198e-05 2.75073 2.48455e-05 1.40142e-05 3.55981
711 2.68769e-05 1.67917e-05 2.70755 2.50772e-05 1.39284e-05 3.55448
712 2.69362e-05 1.73385e-05 2.7678 2.50713e-05 1.40685e-05 3.57813
713 2.70919e-05 1.71834e-05 2.75669 2.49208e-05 1.40526e-05 3.56623
714 2.65775e-05 1.71577e-05 2.73746 2.52079e-05 1.39999e-05 3.57451
715 2.70397e-05 1.70287e-05 2.71247 2.49068e-05 1.40429e-05 3.56401
716 2.69999e-05 1.67675e-05 2.69589 2.49089e-05 1.39476e-05 3.5481
717 2.69101e-05 1.67453e-05 2.68496 2.48934e-05 1.39204e-05 3.54193
718 2.70579e-05 1.67438e-05 2.68711 2.49395e-05 1.39141e-05 3.54522
719 2.69794e-05 1.69883e-05 2.72997 2.48258e-05 1.39791e-05 3.54949
720 2.67655e-05 1.69039e-05 2.70871 2.48646e-05 1.39237e-05 3.54433
721 2.68576e-05 1.7281e-05 2.74407 2.47734e-05 1.39254e-05 3.53725
722 2.69913e-05 1.70579e-05 2.72619 2.4881e-05 1.39454e-05 3.54465
723 2.67847e-05 1.68941e-05 2.69115 2.50324e-05 1.39354e-05 3.55479
724 2.68196e-05 1.64767e-05 2.65553 2.49556e-05 1.38565e-05 3.53815
725 2.69597e-05 1.69175e-05 2.73445 2.50352e-05 1.3927e-05 3.55572
726 2.70175e-05 1.70364e-05 2.6982 2.4768e-05 1.39479e-05 3.54295
727 2.69125e-05 1.67668e-05 2.69338 2.49506e-05 1.3947e-05 3.55214
728 2.69052e-05 1.71049e-05 2.72766 2.5001e-05 1.3969e-05 3.55847
729 2.67529e-05 1.69894e-05 2.72753 2.50511e-05 1.39876e-05 3.56494
730 2.69883e-05 1.69424e-05 2.69728 2.48096e-05 1.40441e-05 3.56106
731 2.68368e-05 1.70484e-05 2.73862 2.49266e-05 1.3918e-05 3.5443
732 2.67758e-05 1.71909e-05 2.72449 2.51025e-05 1.40025e-05 3.5667
733 2.70222e-05 1.70594e-05 2.71436 2.48388e-05 1.39949e-05 3.55562
734 2.67812e-05 1.68942e-05 2.69019 2.49588e-05 1.39716e-05 3.556
735 2.68197e-05 1.69005e-05 2.68792 2.49847e-05 1.40419e-05 3.5655
736 2.6772e-05 1.69177e-05 2.66561 2.49651e-05 1.40161e-05 3.56414
737 2.70085e-05 1.67152e-05 2.66073 2.48846e-05 1.3997e-05 3.55484
738 2.68031e-05 1.69552e-05 2.70274 2.49431e-05 1.39843e-05 3.55906
739 2.69796e-05 1.69343e-05 2.69638 2.49297e-05 1.39634e-05 3.55145
740 2.67861e-05 1.721e-05 2.72661 2.5014e-05 1.39904e-05 3.56389
741 2.69103e-05 1.67297e-05 2.68758 2.50498e-05 1.38776e-05 3.54566
742 2.68908e-05 1.68682e-05 2.69399 2.50876e-05 1.39472e-05 3.56019
743 2.68004e-05 1.70125e-05 2.71135 2.50203e-05 1.4003e-05 3.56726
744 2.68116e-05 1.68299e-05 2.68513 2.49358e-05 1.3973e-05 3.55848
745 2.67368e-05 1.67593e-05 2.66222 2.50386e-05 1.39492e-05 3.55701
746 2.69622e-05 1.70131e-05 2.69129 2.48074e-05 1.39876e-05 3.55027
747 2.69143e-05 1.69615e-05 2.68179 2.48308e-05 1.39206e-05 3.54126
748 2.69765e-05 1.68292e-05 2.67789 2.48345e-05 1.39419e-05 3.54433
749 2.71473e-05 1.66721e-05 2.6647 2.46714e-05 1.392e-05 3.5304
750 2.72055e-05 1.70388e-05 2.72014 2.46727e-05 1.39254e-05 3.53505
751 2.6974e-05 1.68422e-05 2.68405 2.49427e-05 1.39113e-05 3.54477
752 2.67825e-05 1.6993e-05 2.7015 2.48387e-05 1.39663e-05 3.54754
753 2.6984e-05 1.686e-05 2.67529 2.49624e-05 1.39961e-05 3.56079
754 2.68905e-05 1.68585e-05 2.68813 2.48961e-05 1.3984e-05 3.55292
755 2.66719e-05 1.68573e-05 2.6412 2.51239e-05 1.3969e-05 3.5645
756 2.69377e-05 1.6959e-05 2.7045 2.49409e-05 1.39421e-05 3.54928
757 2.66819e-05 1.69289e-05 2.67923 2.48392e-05 1.39611e-05 3.54606
758 2.69111e-05 1.65672e-05 2.63496 2.49392e-05 1.38994e-05 3.54341
759 2.66582e-05 1.69613e-05 2.66685 2.49417e-05 1.39753e-05 3.55443
760 2.69176e-05 1.6632e-05 2.63143 2.46674e-05 1.38784e-05 3.5256
761 2.69916e-05 1.68671e-05 2.65672 2.49051e-05 1.39445e-05 3.54948
762 2.64018e-05 1.7047e-05 2.67981 2.5297e-05 1.39761e-05 3.57804
763 2.67996e-05 1.6675e-05 2.64504 2.51035e-05 1.40393e-05 3.57785
764 2.683e-05 1.6882e-05 2.67695 2.49408e-05 1.3999e-05 3.56256
765 2.66446e-05 1.68191e-05 2.64903 2.50181e-05 1.39731e-05 3.5609
766 2.66765e-05 1.68822e-05 2.66843 2.50309e-05 1.40566e-05 3.57614
767 2.65133e-05 1.67447e-05 2.62895 2.51012e-05 1.41164e-05 3.58839
768 2.67707e-05 1.69485e-05 2.68431 2.50758e-05 1.39821e-05 3.56891
769 2.69062e-05 1.69048e-05 2.68277 2.49469e-05 1.39944e-05 3.55756
770 2.68866e-05 1.66626e-05 2.67659 2.49473e-05 1.39159e-05 3.54845
771 2.6855e-05 1.67933e-05 2.64451 2.48679e-05 1.39086e-05 3.54071
772 2.67394e-05 1.66687e-05 2.62808 2.51361e-05 1.39825e-05 3.56666
773 2.68227e-05 1.67499e-05 2.64856 2.48944e-05 1.39262e-05 3.54553
774 2.65851e-05 1.67727e-05 2.6264 2.51306e-05 1.40069e-05 3.57077
775 2.66763e-05 1.65766e-05 2.61112 2.48542e-05 1.39699e-05 3.55123
776 2.6802e-05 1.67035e-05 2.64236 2.49579e-05 1.39066e-05 3.54591
777 2.65361e-05 1.68561e-05 2.63131 2.50687e-05 1.39906e-05 3.56568
778 2.68842e-05 1.67418e-05 2.62917 2.47881e-05 1.39514e-05 3.54568
779 2.68964e-05 1.68292e-05 2.65405 2.48009e-05 1.39167e-05 3.53843
780 2.69961e-05 1.65696e-05 2.64341 2.48031e-05 1.38115e-05 3.52203
781 2.67509e-05 1.67583e-05 2.63891 2.49201e-05 1.40004e-05 3.56003
782 2.68693e-05 1.67402e-05 2.62803 2.48171e-05 1.38804e-05 3.53185
783 2.6827e-05 1.6737e-05 2.64131 2.49942e-05 1.39826e-05 3.56121
784 2.68429e-05 1.66627e-05 2.62752 2.48111e-05 1.39088e-05 3.53815
785 2.66713e-05 1.66851e-05 2.64107 2.50486e-05 1.39174e-05 3.55294
786 2.66745e-05 1.67981e-05 2.63873 2.48448e-05 1.39426e-05 3.54494
787 2.68114e-05 1.68043e-05 2.61909 2.48717e-05 1.39868e-05 3.55483
788 2.67465e-05 1.66428e-05 2.62048 2.49558e-05 1.40129e-05 3.56442
789 2.67392e-05 1.66747e-05 2.62526 2.49722e-05 1.39593e-05 3.5558
790 2.66707e-05 1.69422e-05 2.66763 2.49971e-05 1.41006e-05 3.58008
791 2.68709e-05 1.65934e-05 2.57966 2.48338e-05 1.39852e-05 3.55397
792 2.65062e-05 1.68127e-05 2.65026 2.50074e-05 1.39888e-05 3.56282
793 2.66242e-05 1.67478e-05 2.62199 2.4993e-05 1.39643e-05 3.55842
794 2.67442e-05 1.67561e-05 2.61412 2.48582e-05 1.39146e-05 3.54223
795 2.66586e-05 1.65596e-05 2.5965 2.50213e-05 1.39802e-05 3.56261
796 2.70204e-05 1.65794e-05 2.59002 2.47064e-05 1.38754e-05 3.5241
797 2.66063e-05 1.70158e-05 2.65175 2.50332e-05 1.40848e-05 3.57993
798 2.67872e-05 1.66513e-05 2.61069 2.49508e-05 1.40058e-05 3.56356
799 2.66473e-05 1.67629e-05 2.61441 2.50101e-05 1.40281e-05 3.5713
800 2.67158e-05 1.68246e-05 2.61025 2.48638e-05 1.40685e-05 3.56798
801 2.67744e-05 1.70673e-05 2.66649 2.49332e-05 1.40365e-05 3.56854
802 2.66934e-05 1.66255e-05 2.57653 2.49758e-05 1.39409e-05 3.55567
803 2.6723e-05 1.64799e-05 2.5769 2.4883e-05 1.39913e-05 3.55766
804 2.66e-05 1.67794e-05 2.60824 2.49483e-05 1.39601e-05 3.55407
805 2.65615e-05 1.67011e-05 2.59196 2.50273e-05 1.40757e-05 3.57977
806 2.64384e-05 1.65259e-05 2.59239 2.50363e-05 1.39425e-05 3.55784
807 2.65183e-05 1.6807e-05 2.60639 2.49153e-05 1.39763e-05 3.55425
808 2.66419e-05 1.67938e-05 2.60031 2.49645e-05 1.39822e-05 3.56123
809 2.67478e-05 1.66825e-05 2.58873 2.49618e-05 1.40385e-05 3.56829
810 2.68014e-05 1.66497e-05 2.58561 2.4939e-05 1.39241e-05 3.54848
811 2.6755e-05 1.661e-05 2.57677 2.49334e-05 1.40405e-05 3.5695
812 2.65441e-05 1.66661e-05 2.59233 2.49556e-05 1.40231e-05 3.56544
813 2.65949e-05 1.6624e-05 2.6037 2.50626e-05 1.39798e-05 3.56641
814 2.68374e-05 1.65445e-05 2.57705 2.47019e-05 1.39165e-05 3.53304
815 2.66697e-05 1.67732e-05 2.61941 2.50333e-05 1.39987e-05 3.56603
816 2.66526e-05 1.65502e-05 2.56517 2.48742e-05 1.40116e-05 3.55729
817 2.66881e-05 1.64762e-05 2.57656 2.50066e-05 1.39469e-05 3.55598
818 2.67379e-05 1.68225e-05 2.60549 2.48968e-05 1.39958e-05 3.55475
819 2.66739e-05 1.64812e-05 2.55121 2.4845e-05 1.38944e-05 3.53804
820 2.68092e-05 1.6697e-05 2.57773 2.47876e-05 1.39388e-05 3.54506
821 2.66797e-05 1.65004e-05 2.5963 2.48987e-05 1.39128e-05 3.54752
822 2.67319e-05 1.6593e-05 2.5903 2.48988e-05 1.39479e-05 3.54914
823 2.66765e-05 1.66138e-05 2.56328 2.48158e-05 1.40056e-05 3.5555
824 2.64886e-05 1.66077e-05 2.58522 2.50586e-05 1.39869e-05 3.56508
825 2.6442e-05 1.64685e-05 2.57511 2.50385e-05 1.38837e-05 3.5453
826 2.67899e-05 1.64221e-05 2.56178 2.48817e-05 1.39801e-05 3.55195
827 2.67734e-05 1.67982e-05 2.59532 2.48821e-05 1.40217e-05 3.55996
828 2.65328e-05 1.65059e-05 2.56521 2.49933e-05 1.40368e-05 3.56926
829 2.66978e-05 1.6544e-05 2.58101 2.50386e-05 1.40374e-05 3.57304
830 2.67227e-05 1.66928e-05 2.60212 2.49064e-05 1.40275e-05 3.56626
831 2.67952e-05 1.65654e-05 2.55826 2.47356e-05 1.39561e-05 3.54339
832 2.66e-05 1.65051e-05 2.56459 2.49248e-05 1.39414e-05 3.55343
833 2.66282e-05 1.65179e-05 2.56494 2.4951e-05 1.39318e-05 3.54768
834 2.65771e-05 1.64921e-05 2.56388 2.48616e-05 1.38905e-05 3.54167
835 2.63114e-05 1.66162e-05 2.59065 2.52389e-05 1.40181e-05 3.58117
836 2.67776e-05 1.62254e-05 2.54098 2.48641e-05 1.38231e-05 3.52597
837 2.64637e-05 1.65526e-05 2.5599 2.49475e-05 1.39591e-05 3.555
838 2.66914e-05 1.65154e-05 2.56573 2.4861e-05 1.38692e-05 3.53185
839 2.6542e-05 1.69484e-05 2.62618 2.4997e-05 1.39545e-05 3.55801
840 2.64882e-05 1.6705e-05 2.5595 2.50137e-05 1.40183e-05 3.56879
841 2.66064e-05 1.67671e-05 2.57302 2.49257e-05 1.40635e-05 3.57232
842 2.66259e-05 1.64835e-05 2.56305 2.48699e-05 1.39158e-05 3.54197
843 2.68919e-05 1.6443e-05 2.58141 2.48587e-05 1.3882e-05 3.53439
844 2.65261e-05 1.6732e-05 2.58108 2.49208e-05 1.40334e-05 3.56612
845 2.67445e-05 1.66349e-05 2.56066 2.47633e-05 1.39387e-05 3.5408
846 2.6736e-05 1.66192e-05 2.57526 2.4773e-05 1.39584e-05 3.54472
847 2.64378e-05 1.65776e-05 2.5585 2.50676e-05 1.3971e-05 3.56355
848 2.65544e-05 1.64356e-05 2.55946 2.4947e-05 1.38997e-05 3.54544
849 2.65515e-05 1.69833e-05 2.59968 2.48708e-05 1.40225e-05 3.56097
850 2.66024e-05 1.67024e-05 2.57809 2.49414e-05 1.39995e-05 3.56118
851 2.66977e-05 1.64634e-05 2.52965 2.49021e-05 1.39287e-05 3.54682
852 2.6899e-05 1.62857e-05 2.54121 2.47139e-05 1.39238e-05 3.53527
853 2.65495e-05 1.6828e-05 2.549 2.48263e-05 1.39452e-05 3.54586
854 2.65553e-05 1.67523e-05 2.55538 2.49193e-05 1.39938e-05 3.55791
855 2.66305e-05 1.62485e-05 2.52563 2.49444e-05 1.39256e-05 3.54883
856 2.65539e-05 1.65527e-05 2.55432 2.48488e-05 1.39731e-05 3.55308
857 2.648e-05 1.6699e-05 2.56411 2.49536e-05 1.39871e-05 3.55738
858 2.6445e-05 1.65099e-05 2.52818 2.49724e-05 1.39733e-05 3.55982
859 2.66878e-05 1.64626e-05 2.54704 2.4905e-05 1.39659e-05 3.55225
860 2.64588e-05 1.65964e-05 2.55752 2.50695e-05 1.40399e-05 3.57626
861 2.64362e-05 1.65154e-05 2.54489 2.50279e-05 1.39913e-05 3.56492
862 2.65875e-05 1.64908e-05 2.53558 2.48753e-05 1.39259e-05 3.54615
863 2.6452e-05 1.64211e-05 2.51966 2.50888e-05 1.40407e-05 3.57689
864 2.63532e-05 1.66532e-05 2.53692 2.51562e-05 1.40526e-05 3.58157
865 2.656e-05 1.65371e-05 2.56814 2.48705e-05 1.39083e-05 3.54149
866 2.65193e-05 1.64723e-05 2.53024 2.50238e-05 1.40032e-05 3.56625
867 2.67072e-05 1.65854e-05 2.56889 2.47584e-05 1.40028e-05 3.55071
868 2.66581e-05 1.60993e-05 2.4775 2.49426e-05 1.38793e-05 3.54027
869 2.66619e-05 1.6631e-05 2.55704 2.47701e-05 1.39047e-05 3.53476
870 2.64509e-05 1.67225e-05 2.54228 2.49024e-05 1.39962e-05 3.56051
871 2.65729e-05 1.64576e-05 2.52339 2.49691e-05 1.3938e-05 3.55089
872 2.6442e-05 1.64488e-05 2.51487 2.50099e-05 1.39804e-05 3.55951
873 2.64228e-05 1.64512e-05 2.5135 2.50613e-05 1.39792e-05 3.56358
874 2.66149e-05 1.61646e-05 2.4982 2.4891e-05 1.39039e-05 3.54106
875 2.65295e-05 1.68235e-05 2.55165 2.49414e-05 1.40716e-05 3.57274
876 2.65997e-05 1.63792e-05 2.49599 2.4851e-05 1.39808e-05 3.55384
877 2.6709e-05 1.64088e-05 2.53438 2.4735e-05 1.38604e-05 3.52473
878 2.67337e-05 1.67201e-05 2.57313 2.49078e-05 1.40014e-05 3.55996
879 2.64795e-05 1.68196e-05 2.554 2.48785e-05 1.39933e-05 3.558
880 2.65401e-05 1.63447e-05 2.52056 2.49046e-05 1.39114e-05 3.54337
881 2.6529e-05 1.67588e-05 2.56176 2.47912e-05 1.39956e-05 3.55339
882 2.63146e-05 1.66958e-05 2.53638 2.50343e-05 1.40447e-05 3.575
883 2.6593e-05 1.63636e-05 2.50797 2.49179e-05 1.39514e-05 3.553
884 2.65049e-05 1.62402e-05 2.48995 2.49306e-05 1.39473e-05 3.55141
885 2.65047e-05 1.6564e-05 2.52414 2.48506e-05 1.39148e-05 3.54305
886 2.64315e-05 1.67428e-05 2.56359 2.51048e-05 1.39778e-05 3.568
887 2.64803e-05 1.66977e-05 2.54897 2.48324e-05 1.39201e-05 3.54137
888 2.64687e-05 1.62338e-05 2.49899 2.50565e-05 1.39545e-05 3.56223
889 2.66918e-05 1.65609e-05 2.52205 2.49154e-05 1.39072e-05 3.54504
890 2.64382e-05 1.68501e-05 2.53095 2.48784e-05 1.40457e-05 3.56433
891 2.66717e-05 1.65196e-05 2.52484 2.48193e-05 1.39766e-05 3.55036
892 2.62269e-05 1.67276e-05 2.52825 2.51524e-05 1.40844e-05 3.58774
893 2.62862e-05 1.65873e-05 2.51924 2.50048e-05 1.39834e-05 3.56391
894 2.64777e-05 1.69466e-05 2.55618 2.49023e-05 1.40938e-05 3.57625
895 2.64336e-05 1.65912e-05 2.51872 2.49019e-05 1.3974e-05 3.55513
896 2.63638e-05 1.63179e-05 2.45612 2.49031e-05 1.39278e-05 3.54683
897 2.67111e-05 1.64479e-05 2.51564 2.4755e-05 1.38985e-05 3.53654
898 2.66397e-05 1.64619e-05 2.52884 2.48471e-05 1.39488e-05 3.5456
899 2.62705e-05 1.66141e-05 2.51199 2.50953e-05 1.40631e-05 3.58078
900 2.65947e-05 1.65774e-05 2.53982 2.48685e-05 1.38867e-05 3.54051
901 2.66237e-05 1.63288e-05 2.48892 2.48116e-05 1.39527e-05 3.5458
902 2.63917e-05 1.63189e-05 2.48949 2.50209e-05 1.38862e-05 3.54702
903 2.64329e-05 1.65293e-05 2.49687 2.48912e-05 1.39604e-05 3.55097
904 2.65479e-05 1.64731e-05 2.47842 2.48058e-05 1.39999e-05 3.55405
905 2.64131e-05 1.65106e-05 2.49462 2.49613e-05 1.39662e-05 3.55474
906 2.63015e-05 1.66289e-05 2.53281 2.4989e-05 1.39907e-05 3.56407
907 2.63135e-05 1.66371e-05 2.51412 2.50313e-05 1.39193e-05 3.55282
908 2.6435e-05 1.64256e-05 2.4705 2.49055e-05 1.39705e-05 3.55524
909 2.64904e-05 1.63655e-05 2.48727 2.49287e-05 1.39539e-05 3.5568
910 2.65108e-05 1.65163e-05 2.46588 2.4959e-05 1.40098e-05 3.56533
911 2.65777e-05 1.65672e-05 2.52921 2.4902e-05 1.40219e-05 3.56005
912 2.66326e-05 1.66478e-05 2.51806 2.49081e-05 1.40606e-05 3.57166
913 2.66333e-05 1.63486e-05 2.47474 2.4757e-05 1.39122e-05 3.53812
914 2.63913e-05 1.61703e-05 2.45593 2.49916e-05 1.39492e-05 3.55746
915 2.63143e-05 1.63747e-05 2.49588 2.51274e-05 1.39689e-05 3.56818
916 2.65695e-05 1.63916e-05 2.48458 2.48638e-05 1.39464e-05 3.54755
917 2.66745e-05 1.66248e-05 2.48429 2.47183e-05 1.40184e-05 3.55213
918 2.65169e-05 1.6586e-05 2.50452 2.4934e-05 1.39689e-05 3.55644
919 2.63507e-05 1.64877e-05 2.50722 2.50898e-05 1.39466e-05 3.56215
920 2.64325e-05 1.6322e-05 2.44414 2.50461e-05 1.40381e-05 3.5724
921 2.64611e-05 1.63373e-05 2.46952 2.49676e-05 1.39244e-05 3.54978
922 2.64965e-05 1.62609e-05 2.44564 2.4906e-05 1.39418e-05 3.54938
923 2.66094e-05 1.61568e-05 2.42939 2.4841e-05 1.38759e-05 3.53584
924 2.66362e-05 1.64031e-05 2.4919 2.48339e-05 1.39947e-05 3.55433
925 2.6412e-05 1.64126e-05 2.48117 2.49253e-05 1.39718e-05 3.5559
926 2.64598e-05 1.65097e-05 2.48897 2.48588e-05 1.39923e-05 3.55388
927 2.6527e-05 1.61803e-05 2.45981 2.47705e-05 1.38511e-05 3.52467
928 2.63488e-05 1.63408e-05 2.46733 2.49297e-05 1.39134e-05 3.54537
929 2.66235e-05 1.64109e-05 2.49425 2.47682e-05 1.39461e-05 3.54155
930 2.65257e-05 1.64929e-05 2.48149 2.50239e-05 1.39728e-05 3.56182
931 2.64127e-05 1.6309e-05 2.45816 2.50337e-05 1.4001e-05 3.56745
932 2.66023e-05 1.64303e-05 2.44174 2.48687e-05 1.39945e-05 3.55594
933 2.63814e-05 1.64401e-05 2.46399 2.48896e-05 1.39389e-05 3.54961
934 2.62193e-05 1.64654e-05 2.47581 2.50733e-05 1.39822e-05 3.56734
935 2.65187e-05 1.63662e-05 2.43681 2.49682e-05 1.40001e-05 3.56311
936 2.64761e-05 1.65176e-05 2.47387 2.49121e-05 1.39876e-05 3.55704
937 2.64337e-05 1.66706e-05 2.5078 2.49585e-05 1.40277e-05 3.56742
938 2.65018e-05 1.63628e-05 2.47852 2.48568e-05 1.39033e-05 3.53918
939 2.63629e-05 1.64487e-05 2.52431 2.494e-05 1.39302e-05 3.55055
940 2.64479e-05 1.66666e-05 2.50928 2.47899e-05 1.38896e-05 3.53451
941 2.64121e-05 1.65097e-05 2.47201 2.4846e-05 1.39587e-05 3.55153
942 2.64525e-05 1.61794e-05 2.45015 2.47803e-05 1.38805e-05 3.53052
943 2.67357e-05 1.6112e-05 2.43102 2.46799e-05 1.38999e-05 3.52915
944 2.6514e-05 1.64088e-05 2.46848 2.48912e-05 1.40101e-05 3.55903
945 2.64162e-05 1.66517e-05 2.48144 2.48958e-05 1.40379e-05 3.56644
946 2.64269e-05 1.64466e-05 2.47047 2.48627e-05 1.3949e-05 3.54739
947 2.65694e-05 1.62725e-05 2.44241 2.47712e-05 1.39416e-05 3.54092
948 2.6447e-05 1.63539e-05 2.46569 2.49112e-05 1.38989e-05 3.54192
949 2.63464e-05 1.64002e-05 2.43531 2.49437e-05 1.39854e-05 3.55927
950 2.63539e-05 1.64518e-05 2.43082 2.5018e-05 1.4048e-05 3.57327
951 2.65022e-05 1.64059e-05 2.4811 2.48878e-05 1.38891e-05 3.54058
952 2.66221e-05 1.61418e-05 2.42371 2.48902e-05 1.3933e-05 3.54667
953 2.63694e-05 1.63479e-05 2.45288 2.49969e-05 1.39809e-05 3.56365
954 2.65991e-05 1.62503e-05 2.42573 2.48905e-05 1.40121e-05 3.5621
955 2.64766e-05 1.63139e-05 2.45706 2.47336e-05 1.392e-05 3.53643
956 2.64356e-05 1.65498e-05 2.47221 2.48136e-05 1.39579e-05 3.54925
957 2.64891e-05 1.64245e-05 2.46022 2.48154e-05 1.3993e-05 3.55347
958 2.64062e-05 1.6332e-05 2.44922 2.49778e-05 1.39819e-05 3.55849
959 2.636e-05 1.65167e-05 2.4556 2.48622e-05 1.39843e-05 3.55575
960 2.6384e-05 1.65871e-05 2.46119 2.48837e-05 1.3981e-05 3.55539
961 2.66261e-05 1.6539e-05 2.43679 2.47191e-05 1.40111e-05 3.55084
962 2.64717e-05 1.59973e-05 2.39546 2.50215e-05 1.396e-05 3.55947
963 2.64202e-05 1.63095e-05 2.42498 2.50951e-05 1.4001e-05 3.5696
964 2.63473e-05 1.63225e-05 2.39237 2.49571e-05 1.40184e-05 3.56583
965 2.63646e-05 1.62119e-05 2.42217 2.50894e-05 1.40644e-05 3.5798
966 2.63431e-05 1.64947e-05 2.49814 2.49802e-05 1.39925e-05 3.56196
967 2.65167e-05 1.64052e-05 2.4368 2.49506e-05 1.39842e-05 3.55906
968 2.65616e-05 1.62034e-05 2.42943 2.48423e-05 1.39615e-05 3.54755
969 2.65502e-05 1.65749e-05 2.46503 2.47869e-05 1.39969e-05 3.55268
970 2.6433e-05 1.61515e-05 2.41242 2.49523e-05 1.39522e-05 3.55378
971 2.63827e-05 1.61301e-05 2.37994 2.48285e-05 1.39889e-05 3.55442
972 2.63749e-05 1.6405e-05 2.43267 2.49358e-05 1.40372e-05 3.5651
973 2.63786e-05 1.62057e-05 2.42752 2.48397e-05 1.39197e-05 3.54066
974 2.64688e-05 1.62684e-05 2.44924 2.49921e-05 1.39252e-05 3.55285
975 2.6393e-05 1.63533e-05 2.43973 2.50722e-05 1.39724e-05 3.56315
976 2.6641e-05 1.62916e-05 2.43682 2.47586e-05 1.39393e-05 3.54379
977 2.62718e-05 1.64419e-05 2.46043 2.49722e-05 1.39393e-05 3.5517
978 2.63987e-05 1.62105e-05 2.41411 2.49241e-05 1.39447e-05 3.55159
979 2.62478e-05 1.60165e-05 2.39063 2.49205e-05 1.39258e-05 3.54585
980 2.63897e-05 1.65201e-05 2.46201 2.49098e-05 1.3997e-05 3.55915
981 2.6332e-05 1.631e-05 2.43309 2.49914e-05 1.39467e-05 3.55517
982 2.63516e-05 1.63662e-05 2.41577 2.49533e-05 1.39871e-05 3.5607
983 2.63804e-05 1.6434e-05 2.43798 2.48307e-05 1.39214e-05 3.54078
984 2.6316e-05 1.64553e-05 2.41629 2.49405e-05 1.3969e-05 3.55891
985 2.61781e-05 1.65146e-05 2.42624 2.50379e-05 1.40462e-05 3.57715
986 2.65377e-05 1.61808e-05 2.3956 2.4731e-05 1.39456e-05 3.54074
987 2.62315e-05 1.63773e-05 2.44408 2.5002e-05 1.39929e-05 3.56697
988 2.64547e-05 1.63462e-05 2.39897 2.48387e-05 1.39791e-05 3.55196
989 2.63411e-05 1.61304e-05 2.40884 2.49809e-05 1.39597e-05 3.55727
990 2.62754e-05 1.64097e-05 2.46904 2.49582e-05 1.3934e-05 3.55226
991 2.65055e-05 1.62183e-05 2.43486 2.48261e-05 1.39221e-05 3.5386
992 2.62809e-05 1.63008e-05 2.41897 2.48995e-05 1.39571e-05 3.55248
993 2.63853e-05 1.63704e-05 2.41154 2.49617e-05 1.39866e-05 3.56128
994 2.63737e-05 1.63871e-05 2.41971 2.49388e-05 1.39753e-05 3.55675
995 2.64406e-05 1.63206e-05 2.44058 2.48466e-05 1.39693e-05 3.55296
996 2.65346e-05 1.58167e-05 2.35103 2.4827e-05 1.38766e-05 3.53366
997 2.60983e-05 1.639e-05 2.39729 2.50088e-05 1.39571e-05 3.55678
998 2.63545e-05 1.65039e-05 2.44747 2.48828e-05 1.3987e-05 3.55664
999 2.62938e-05 1.63157e-05 2.3868 2.48662e-05 1.39806e-05 3.55601
1000 2.63841e-05 1.64599e-05 2.42562 2.48337e-05 1.39466e-05 3.54522
