# ../optics --mode=conv_modified_vs_classical --conv-start=10 --conv-end=1000 --values-start=0.5 --values-end=1 --repetitions=1000 --xsigma=8 --output-file=comparison_1000_32_1000_xsigma8.txt --multiplier=32 ldata.txt
10 19.9714 7.27054e-05 13.8922 5.66303e-05 4.38966e-05 8.60245
11 7.28371e-05 6.58033e-05 12.2737 5.09745e-05 3.77185e-05 7.56751
12 6.58775e-05 6.11444e-05 11.4626 5.04724e-05 3.61667e-05 7.20118
13 6.25342e-05 6.18241e-05 11.3861 4.61278e-05 3.48377e-05 6.99245
14 5.92168e-05 5.84897e-05 11.1533 4.56362e-05 3.33762e-05 6.77663
15 5.73245e-05 5.63397e-05 10.5887 4.25391e-05 3.33531e-05 6.53423
16 5.48519e-05 5.49658e-05 10.2731 4.02266e-05 2.9842e-05 5.88061
17 5.20789e-05 5.01212e-05 9.4276 4.07125e-05 2.85593e-05 5.73421
18 5.19726e-05 5.27216e-05 9.72478 4.06487e-05 2.8862e-05 5.71565
19 4.94613e-05 5.18109e-05 9.48445 3.79451e-05 2.772e-05 5.44261
20 4.67878e-05 5.4198e-05 10.0412 3.63676e-05 2.80343e-05 5.52208
21 4.40723e-05 5.05761e-05 9.35119 3.53551e-05 2.76838e-05 5.34785
22 4.36575e-05 5.13609e-05 9.38136 3.37352e-05 2.67891e-05 5.23237
23 4.03747e-05 4.73767e-05 8.68971 3.28503e-05 2.61129e-05 5.02643
24 4.03884e-05 4.84012e-05 8.81514 3.21006e-05 2.44471e-05 4.72339
25 4.04074e-05 4.77583e-05 8.88403 3.31102e-05 2.46041e-05 4.90506
26 3.97607e-05 4.26908e-05 7.92138 3.14252e-05 2.32909e-05 4.62382
27 3.7687e-05 4.47848e-05 8.08931 3.02844e-05 2.30898e-05 4.46953
28 3.64715e-05 4.3769e-05 7.85764 2.91193e-05 2.23486e-05 4.27206
29 3.85439e-05 4.46883e-05 8.36522 2.96105e-05 2.2771e-05 4.53717
30 3.70918e-05 4.43108e-05 7.99259 2.95632e-05 2.30035e-05 4.41559
31 3.55506e-05 4.04447e-05 7.36808 2.85924e-05 2.18993e-05 4.19833
32 3.36194e-05 4.21183e-05 7.75787 2.71322e-05 2.08368e-05 4.12558
33 3.38763e-05 4.17875e-05 7.42313 2.71467e-05 2.19522e-05 4.21031
34 3.30467e-05 4.17027e-05 7.47227 2.6566e-05 2.10536e-05 4.01987
35 3.35597e-05 4.17613e-05 7.59897 2.69077e-05 2.15985e-05 4.13573
36 3.30705e-05 4.13003e-05 7.56344 2.63624e-05 2.08397e-05 4.0083
37 3.16033e-05 3.91496e-05 7.11056 2.50535e-05 2.03501e-05 3.84311
38 3.22687e-05 3.93563e-05 7.10542 2.61963e-05 1.99845e-05 3.80426
39 2.99286e-05 3.8072e-05 6.88471 2.46882e-05 1.83575e-05 3.61259
40 3.00466e-05 3.77426e-05 6.87775 2.51502e-05 1.91646e-05 3.77275
41 3.00277e-05 3.86896e-05 6.99858 2.39317e-05 1.93701e-05 3.60903
42 2.9199e-05 3.68558e-05 6.70339 2.45871e-05 1.86439e-05 3.62287
43 2.86058e-05 3.7788e-05 6.80678 2.3583e-05 1.87977e-05 3.57256
44 2.83446e-05 3.86353e-05 6.92359 2.39266e-05 1.91602e-05 3.66808
45 2.8089e-05 3.73102e-05 6.70513 2.28078e-05 1.82159e-05 3.48926
46 2.84987e-05 3.85248e-05 6.83012 2.30711e-05 1.85929e-05 3.46578
47 2.82394e-05 3.61609e-05 6.61092 2.27906e-05 1.74454e-05 3.32516
48 2.66051e-05 3.33213e-05 5.92856 2.19908e-05 1.70356e-05 3.21185
49 2.62423e-05 3.49702e-05 6.24264 2.20347e-05 1.67622e-05 3.19856
50 2.72124e-05 3.77414e-05 6.67043 2.21075e-05 1.71828e-05 3.21752
51 2.60257e-05 3.45291e-05 6.16259 2.0969e-05 1.72537e-05 3.25572
52 2.64429e-05 3.76581e-05 6.7935 2.08695e-05 1.71699e-05 3.25641
53 2.59101e-05 3.45958e-05 6.19372 2.16587e-05 1.72601e-05 3.29754
54 2.53671e-05 3.37949e-05 5.94819 2.06349e-05 1.62343e-05 3.05758
55 2.64062e-05 3.34632e-05 6.04355 2.11684e-05 1.69088e-05 3.13466
56 2.6126e-05 3.50662e-05 6.22154 2.09062e-05 1.69285e-05 3.15101
57 2.49596e-05 3.1792e-05 5.68024 2.063e-05 1.64528e-05 3.09005
58 2.608e-05 3.3203e-05 5.92025 2.07505e-05 1.60685e-05 3.03532
59 2.41659e-05 3.19927e-05 5.71515 1.98946e-05 1.59051e-05 2.94449
60 2.4643e-05 3.49057e-05 6.21749 1.98526e-05 1.64245e-05 3.04117
61 2.50799e-05 3.2009e-05 5.8505 2.03608e-05 1.57323e-05 2.98013
62 2.2647e-05 3.29997e-05 5.84448 1.89167e-05 1.55318e-05 2.89092
63 2.50974e-05 3.28844e-05 5.88733 2.02108e-05 1.55684e-05 2.92412
64 2.37974e-05 3.45588e-05 6.12462 2.00094e-05 1.5838e-05 2.90391
65 2.29263e-05 3.14213e-05 5.5826 1.87849e-05 1.54222e-05 2.92894
66 2.31905e-05 3.39981e-05 5.98646 1.847e-05 1.58483e-05 2.87875
67 2.4406e-05 3.24491e-05 5.75673 1.88164e-05 1.4742e-05 2.69222
68 2.2351e-05 3.15241e-05 5.49753 1.84833e-05 1.49589e-05 2.73535
69 2.2449e-05 3.23857e-05 5.71943 1.86851e-05 1.56129e-05 2.9118
70 2.3229e-05 3.25058e-05 5.83945 1.83775e-05 1.51396e-05 2.76862
71 2.30946e-05 3.12374e-05 5.59565 1.86388e-05 1.44928e-05 2.73669
72 2.26221e-05 3.10314e-05 5.58719 1.85413e-05 1.48343e-05 2.80609
73 2.25347e-05 3.15883e-05 5.57004 1.86158e-05 1.52734e-05 2.86588
74 2.28627e-05 3.24789e-05 5.81006 1.81137e-05 1.46232e-05 2.6816
75 2.1701e-05 3.06447e-05 5.51913 1.75879e-05 1.44468e-05 2.69463
76 2.20968e-05 3.10758e-05 5.58487 1.73631e-05 1.47139e-05 2.6874
77 2.20561e-05 3.2224e-05 5.64436 1.76955e-05 1.48096e-05 2.67992
78 2.14607e-05 3.19775e-05 5.71693 1.72203e-05 1.42339e-05 2.67231
79 2.2182e-05 3.07429e-05 5.45122 1.81596e-05 1.41874e-05 2.63337
80 2.01175e-05 3.06309e-05 5.36182 1.64322e-05 1.42309e-05 2.55046
81 2.09888e-05 2.96629e-05 5.34608 1.75768e-05 1.41429e-05 2.63153
82 2.05824e-05 2.95607e-05 5.22738 1.6828e-05 1.36085e-05 2.48036
83 2.15149e-05 3.1117e-05 5.59271 1.67064e-05 1.407e-05 2.58928
84 2.09312e-05 3.0568e-05 5.33885 1.72258e-05 1.43647e-05 2.58103
85 2.12588e-05 2.99656e-05 5.28661 1.71793e-05 1.42974e-05 2.58168
86 2.11524e-05 3.21627e-05 5.67697 1.69837e-05 1.43369e-05 2.63048
87 2.10477e-05 3.08214e-05 5.514 1.68489e-05 1.38055e-05 2.61772
88 2.04923e-05 2.96054e-05 5.23826 1.66195e-05 1.38074e-05 2.5296
89 1.9933e-05 3.06448e-05 5.39314 1.66288e-05 1.3642e-05 2.43217
90 1.98872e-05 2.94609e-05 5.21238 1.68616e-05 1.35845e-05 2.53061
91 2.01133e-05 2.86407e-05 5.13358 1.61822e-05 1.34627e-05 2.46844
92 1.98895e-05 2.88988e-05 5.0453 1.59549e-05 1.32846e-05 2.37515
93 1.97404e-05 2.87989e-05 5.15758 1.60685e-05 1.32125e-05 2.44146
94 1.92753e-05 2.89853e-05 5.09712 1.58077e-05 1.28195e-05 2.32387
95 1.9245e-05 2.86929e-05 5.03518 1.59055e-05 1.32901e-05 2.42799
96 1.98294e-05 2.90446e-05 5.17526 1.58317e-05 1.31206e-05 2.40834
97 1.88748e-05 2.791e-05 4.88853 1.48575e-05 1.34455e-05 2.33023
98 1.95725e-05 3.04994e-05 5.33804 1.52101e-05 1.32634e-05 2.36774
99 1.95145e-05 2.79806e-05 4.9809 1.58236e-05 1.29129e-05 2.37821
100 2.03073e-05 2.90687e-05 5.05774 1.62289e-05 1.33344e-05 2.36839
101 1.87622e-05 2.92983e-05 5.11719 1.52316e-05 1.31717e-05 2.3797
102 1.94849e-05 2.7941e-05 4.91555 1.55e-05 1.25563e-05 2.26566
103 1.88908e-05 3.05572e-05 5.27322 1.53743e-05 1.34886e-05 2.40686
104 1.93168e-05 2.97034e-05 5.21395 1.52087e-05 1.29065e-05 2.2941
105 1.86712e-05 2.86779e-05 5.06159 1.48599e-05 1.29641e-05 2.33291
106 1.83781e-05 2.74999e-05 4.77614 1.46393e-05 1.22844e-05 2.18294
107 1.88814e-05 2.76297e-05 4.82901 1.53467e-05 1.26426e-05 2.23776
108 1.77784e-05 2.84591e-05 4.98519 1.47132e-05 1.32156e-05 2.30165
109 1.98718e-05 2.84439e-05 4.89793 1.60998e-05 1.23934e-05 2.16048
110 1.87805e-05 2.92551e-05 5.10698 1.47895e-05 1.32796e-05 2.35015
111 1.83871e-05 2.81907e-05 4.97565 1.46411e-05 1.25503e-05 2.29791
112 1.73339e-05 2.77553e-05 4.76494 1.42847e-05 1.26331e-05 2.23063
113 1.90383e-05 2.76675e-05 4.83467 1.48436e-05 1.2516e-05 2.14615
114 1.76299e-05 2.77216e-05 4.86704 1.44402e-05 1.2314e-05 2.25178
115 1.83577e-05 2.88701e-05 5.00994 1.47099e-05 1.27669e-05 2.22933
116 1.81807e-05 2.83055e-05 4.95029 1.45756e-05 1.25568e-05 2.20567
117 1.81224e-05 2.84122e-05 4.97502 1.51399e-05 1.23091e-05 2.22891
118 1.91298e-05 2.72326e-05 4.78855 1.5268e-05 1.22676e-05 2.21658
119 1.72618e-05 2.66956e-05 4.67643 1.38467e-05 1.17504e-05 2.07674
120 1.72776e-05 2.77835e-05 4.7968 1.41354e-05 1.23138e-05 2.13434
121 1.76531e-05 2.74688e-05 4.73536 1.44068e-05 1.24141e-05 2.20582
122 1.81279e-05 2.84944e-05 4.9612 1.44586e-05 1.239e-05 2.19589
123 1.7328e-05 2.49223e-05 4.39082 1.38622e-05 1.16437e-05 2.04142
124 1.75382e-05 2.739e-05 4.77266 1.43805e-05 1.23414e-05 2.18197
125 1.76923e-05 2.70561e-05 4.78576 1.38521e-05 1.21848e-05 2.13737
126 1.7346e-05 2.82724e-05 4.9958 1.35086e-05 1.23387e-05 2.17917
127 1.73196e-05 2.87079e-05 5.09182 1.36961e-05 1.20697e-05 2.15096
128 1.80139e-05 2.78998e-05 4.83642 1.456e-05 1.19941e-05 2.13541
129 1.72829e-05 2.82498e-05 4.96296 1.36637e-05 1.26817e-05 2.24138
130 1.79738e-05 2.73647e-05 4.73447 1.44999e-05 1.17216e-05 2.09385
131 1.7563e-05 2.91273e-05 5.05419 1.41451e-05 1.2557e-05 2.15697
132 1.73798e-05 2.7002e-05 4.66955 1.37911e-05 1.15181e-05 2.02325
133 1.74799e-05 2.85389e-05 4.90617 1.35814e-05 1.2217e-05 2.1357
134 1.68212e-05 2.85401e-05 4.95285 1.38661e-05 1.26112e-05 2.21042
135 1.72511e-05 2.64146e-05 4.5921 1.32512e-05 1.17406e-05 2.08435
136 1.67655e-05 2.8663e-05 5.01535 1.3194e-05 1.17663e-05 2.09054
137 1.72115e-05 2.80028e-05 4.82225 1.34648e-05 1.1642e-05 2.03383
138 1.69154e-05 2.75413e-05 4.8451 1.36925e-05 1.17515e-05 2.09784
139 1.67483e-05 2.69028e-05 4.60289 1.32003e-05 1.16042e-05 2.0133
140 1.63763e-05 2.58326e-05 4.51248 1.32355e-05 1.17407e-05 2.06293
141 1.63989e-05 2.69566e-05 4.66997 1.31543e-05 1.1645e-05 2.03924
142 1.70456e-05 2.72066e-05 4.77675 1.33567e-05 1.20619e-05 2.09523
143 1.69847e-05 2.59895e-05 4.53568 1.3124e-05 1.12761e-05 1.93203
144 1.63732e-05 2.63662e-05 4.56202 1.29491e-05 1.16923e-05 2.02072
145 1.69372e-05 2.63672e-05 4.62145 1.40177e-05 1.15491e-05 2.01285
146 1.65958e-05 2.62619e-05 4.55961 1.32315e-05 1.12472e-05 1.95104
147 1.55681e-05 2.58273e-05 4.50391 1.2824e-05 1.11973e-05 1.95717
148 1.60242e-05 2.7375e-05 4.67286 1.31022e-05 1.19282e-05 2.03782
149 1.58091e-05 2.61569e-05 4.52594 1.24e-05 1.12422e-05 1.94462
150 1.57916e-05 2.76136e-05 4.69651 1.25056e-05 1.20305e-05 1.9985
151 1.59467e-05 2.70551e-05 4.72039 1.26874e-05 1.15668e-05 2.01007
152 1.60365e-05 2.73774e-05 4.76165 1.26285e-05 1.13201e-05 1.98821
153 1.63847e-05 2.53501e-05 4.35903 1.29142e-05 1.16482e-05 1.98251
154 1.62374e-05 2.77319e-05 4.73353 1.24799e-05 1.14358e-05 1.93934
155 1.54905e-05 2.60015e-05 4.48256 1.25323e-05 1.1277e-05 1.94763
156 1.60208e-05 2.66064e-05 4.62797 1.23887e-05 1.12358e-05 1.92033
157 1.63499e-05 2.5623e-05 4.46328 1.28473e-05 1.13436e-05 1.95722
158 1.59861e-05 2.56649e-05 4.43999 1.23295e-05 1.07659e-05 1.84498
159 1.56441e-05 2.71584e-05 4.63141 1.23664e-05 1.15524e-05 1.9948
160 1.60636e-05 2.57974e-05 4.45425 1.2651e-05 1.15074e-05 2.01908
161 1.57373e-05 2.56434e-05 4.35029 1.27829e-05 1.12371e-05 1.91678
162 1.55974e-05 2.45995e-05 4.33012 1.2328e-05 1.08536e-05 1.90616
163 1.60514e-05 2.6246e-05 4.53523 1.23634e-05 1.15319e-05 1.96795
164 1.60538e-05 2.55024e-05 4.46256 1.2587e-05 1.09328e-05 1.87167
165 1.54703e-05 2.55501e-05 4.34471 1.23517e-05 1.14483e-05 1.94157
166 1.51219e-05 2.63024e-05 4.54156 1.21746e-05 1.10949e-05 1.92355
167 1.61256e-05 2.54849e-05 4.37493 1.26577e-05 1.13042e-05 1.94536
168 1.58216e-05 2.45696e-05 4.28834 1.21268e-05 1.08296e-05 1.86314
169 1.54432e-05 2.53693e-05 4.36353 1.21196e-05 1.07479e-05 1.81301
170 1.5571e-05 2.46138e-05 4.27317 1.22459e-05 1.076e-05 1.85091
171 1.55779e-05 2.43525e-05 4.22933 1.2073e-05 1.07618e-05 1.84337
172 1.5495e-05 2.47385e-05 4.21782 1.18991e-05 1.09181e-05 1.79275
173 1.61489e-05 2.45305e-05 4.25078 1.25491e-05 1.10596e-05 1.90065
174 1.53007e-05 2.56233e-05 4.48656 1.21299e-05 1.05971e-05 1.85744
175 1.489e-05 2.59149e-05 4.48649 1.19551e-05 1.09537e-05 1.88922
176 1.49709e-05 2.57679e-05 4.38687 1.20621e-05 1.10247e-05 1.86393
177 1.54145e-05 2.407e-05 4.14035 1.22706e-05 1.05846e-05 1.81579
178 1.52738e-05 2.52521e-05 4.33127 1.22783e-05 1.08047e-05 1.86272
179 1.50166e-05 2.4564e-05 4.19733 1.16482e-05 1.07588e-05 1.77996
180 1.46243e-05 2.48207e-05 4.22627 1.12505e-05 1.06738e-05 1.78058
181 1.54384e-05 2.45044e-05 4.18722 1.21415e-05 1.06794e-05 1.79153
182 1.49089e-05 2.43474e-05 4.12801 1.19988e-05 1.07629e-05 1.81226
183 1.51979e-05 2.57773e-05 4.39273 1.19231e-05 1.09459e-05 1.83017
184 1.4564e-05 2.40259e-05 4.08053 1.1506e-05 1.06364e-05 1.78063
185 1.52947e-05 2.50345e-05 4.30775 1.22164e-05 1.03371e-05 1.81898
186 1.4614e-05 2.46263e-05 4.22892 1.13361e-05 1.07047e-05 1.79098
187 1.43335e-05 2.49292e-05 4.27077 1.11006e-05 1.06477e-05 1.75285
188 1.49655e-05 2.46854e-05 4.22616 1.18061e-05 1.04791e-05 1.76667
189 1.49694e-05 2.47625e-05 4.17825 1.17888e-05 1.05193e-05 1.69574
190 1.47184e-05 2.55531e-05 4.34372 1.15827e-05 1.06761e-05 1.75281
191 1.47556e-05 2.58216e-05 4.38067 1.14706e-05 1.10063e-05 1.8104
192 1.43779e-05 2.55041e-05 4.27026 1.1575e-05 1.06049e-05 1.76295
193 1.48006e-05 2.4209e-05 4.11886 1.14909e-05 1.03385e-05 1.72594
194 1.43141e-05 2.33916e-05 3.98023 1.10679e-05 1.04296e-05 1.72544
195 1.4238e-05 2.48779e-05 4.22006 1.1118e-05 1.08544e-05 1.79883
196 1.4804e-05 2.46984e-05 4.1871 1.17874e-05 1.06558e-05 1.80416
197 1.46509e-05 2.61855e-05 4.44918 1.14787e-05 1.06636e-05 1.77021
198 1.46103e-05 2.53821e-05 4.36965 1.09592e-05 1.08318e-05 1.82346
199 1.47792e-05 2.46009e-05 4.24059 1.17245e-05 1.00386e-05 1.70672
200 1.4213e-05 2.52781e-05 4.2953 1.1036e-05 1.06307e-05 1.76156
201 1.38416e-05 2.41836e-05 4.10367 1.10871e-05 1.05549e-05 1.77362
202 1.47252e-05 2.52365e-05 4.24438 1.1587e-05 1.0345e-05 1.67537
203 1.4128e-05 2.4571e-05 4.15883 1.12524e-05 1.03106e-05 1.73451
204 1.43457e-05 2.60249e-05 4.40343 1.1179e-05 1.05901e-05 1.68254
205 1.45161e-05 2.5041e-05 4.26543 1.13437e-05 1.04087e-05 1.74861
206 1.41836e-05 2.40604e-05 4.0673 1.10956e-05 1.05639e-05 1.75973
207 1.39478e-05 2.39776e-05 4.06355 1.09142e-05 1.03356e-05 1.70469
208 1.43883e-05 2.51987e-05 4.33684 1.12983e-05 1.04315e-05 1.74198
209 1.44224e-05 2.50242e-05 4.21865 1.14148e-05 1.04824e-05 1.67316
210 1.44027e-05 2.42245e-05 4.0526 1.10031e-05 1.03122e-05 1.69722
211 1.42631e-05 2.49691e-05 4.27217 1.11041e-05 1.02617e-05 1.68436
212 1.4037e-05 2.39845e-05 4.01114 1.08458e-05 1.04268e-05 1.69574
213 1.37331e-05 2.68077e-05 4.5396 1.05518e-05 1.07696e-05 1.76444
214 1.38489e-05 2.44563e-05 4.16155 1.10364e-05 1.0141e-05 1.69456
215 1.37018e-05 2.51322e-05 4.27674 1.04831e-05 1.03871e-05 1.69708
216 1.42843e-05 2.50855e-05 4.25362 1.09865e-05 1.05512e-05 1.70556
217 1.44742e-05 2.38027e-05 4.11354 1.09449e-05 1.04109e-05 1.75685
218 1.46638e-05 2.53748e-05 4.30832 1.14773e-05 1.03134e-05 1.72069
219 1.40046e-05 2.60785e-05 4.44351 1.09549e-05 1.11138e-05 1.82094
220 1.37434e-05 2.47783e-05 4.17313 1.04433e-05 1.02612e-05 1.68311
221 1.42531e-05 2.24879e-05 3.83638 1.0975e-05 1.01505e-05 1.64507
222 1.35989e-05 2.47536e-05 4.11809 1.0596e-05 1.0635e-05 1.71629
223 1.36594e-05 2.51055e-05 4.27532 1.06069e-05 1.06371e-05 1.71757
224 1.3493e-05 2.31037e-05 3.93035 1.05733e-05 9.95193e-06 1.6499
225 1.38376e-05 2.32381e-05 3.95492 1.05202e-05 9.9857e-06 1.67002
226 1.33633e-05 2.4949e-05 4.19825 1.03089e-05 1.02464e-05 1.65886
227 1.40367e-05 2.38884e-05 4.08494 1.06731e-05 1.01875e-05 1.66677
228 1.35373e-05 2.52534e-05 4.34043 1.05776e-05 1.0252e-05 1.70107
229 1.35353e-05 2.45251e-05 4.10635 1.0499e-05 1.04468e-05 1.68078
230 1.37186e-05 2.36171e-05 3.96459 1.06136e-05 9.99904e-06 1.62814
231 1.383e-05 2.46419e-05 4.1593 1.06621e-05 1.03807e-05 1.65407
232 1.36353e-05 2.36123e-05 4.00657 1.06449e-05 9.75235e-06 1.60516
233 1.33014e-05 2.38425e-05 4.03916 1.02323e-05 1.01476e-05 1.64612
234 1.29915e-05 2.58539e-05 4.34771 1.02564e-05 1.06095e-05 1.7482
235 1.33627e-05 2.36513e-05 4.03651 1.03983e-05 9.90083e-06 1.61933
236 1.37556e-05 2.38523e-05 4.03358 1.06561e-05 1.00371e-05 1.66305
237 1.34937e-05 2.55324e-05 4.33368 1.06453e-05 1.00255e-05 1.64247
238 1.37373e-05 2.37442e-05 3.98775 1.04812e-05 1.00127e-05 1.62682
239 1.34685e-05 2.34784e-05 3.93853 1.03025e-05 9.84862e-06 1.61829
240 1.36133e-05 2.46376e-05 4.17107 1.07347e-05 1.04545e-05 1.71065
241 1.26186e-05 2.47205e-05 4.17995 9.9048e-06 1.02404e-05 1.66634
242 1.35317e-05 2.40796e-05 4.05303 1.05477e-05 1.00509e-05 1.64992
243 1.29872e-05 2.58315e-05 4.34411 1.01431e-05 1.03839e-05 1.6893
244 1.34182e-05 2.55304e-05 4.32237 1.03991e-05 9.98749e-06 1.58825
245 1.33888e-05 2.426e-05 4.05254 1.04727e-05 1.01392e-05 1.62712
246 1.3048e-05 2.3781e-05 4.04062 9.92276e-06 9.94669e-06 1.63752
247 1.32612e-05 2.36415e-05 3.98028 1.02474e-05 9.92925e-06 1.61057
248 1.27079e-05 2.43271e-05 4.12479 9.93875e-06 9.95489e-06 1.59061
249 1.31459e-05 2.58858e-05 4.36024 1.02324e-05 1.06231e-05 1.69435
250 1.28511e-05 2.42372e-05 4.09836 1.01406e-05 1.01643e-05 1.68183
251 1.36305e-05 2.46209e-05 4.11307 1.04702e-05 1.01041e-05 1.60042
252 1.38712e-05 2.26203e-05 3.84305 1.07215e-05 9.67666e-06 1.60929
253 1.28364e-05 2.54327e-05 4.25364 1.01906e-05 1.0173e-05 1.64064
254 1.34836e-05 2.28326e-05 3.84727 1.01465e-05 9.95213e-06 1.60399
255 1.33076e-05 2.4096e-05 4.00204 1.01584e-05 1.02626e-05 1.60635
256 1.27932e-05 2.39141e-05 4.0566 9.92508e-06 9.78501e-06 1.59719
257 1.31935e-05 2.37309e-05 4.03996 9.96588e-06 9.68976e-06 1.54195
258 1.32598e-05 2.30971e-05 3.91046 1.02816e-05 9.50133e-06 1.53204
259 1.26494e-05 2.36195e-05 3.95518 9.71167e-06 9.82357e-06 1.53626
260 1.32943e-05 2.36098e-05 3.99555 1.01037e-05 9.83981e-06 1.59187
261 1.27177e-05 2.36195e-05 3.94046 9.97333e-06 1.00341e-05 1.59036
262 1.34448e-05 2.36971e-05 4.0338 1.02923e-05 9.90287e-06 1.63159
263 1.35281e-05 2.25224e-05 3.73994 1.03574e-05 9.68335e-06 1.52243
264 1.30093e-05 2.39338e-05 4.00512 9.88877e-06 1.0075e-05 1.59603
265 1.31252e-05 2.42912e-05 4.07697 1.03797e-05 1.0066e-05 1.61908
266 1.27927e-05 2.54451e-05 4.24123 1.00202e-05 9.80466e-06 1.54622
267 1.32017e-05 2.46857e-05 4.17049 1.00241e-05 1.0142e-05 1.61534
268 1.26816e-05 2.53081e-05 4.26302 9.72616e-06 1.00344e-05 1.60638
269 1.31161e-05 2.45298e-05 4.14834 9.77892e-06 1.01705e-05 1.63667
270 1.25558e-05 2.35871e-05 3.94946 9.5445e-06 9.7774e-06 1.552
271 1.28144e-05 2.40522e-05 4.06727 1.00661e-05 9.5914e-06 1.57052
272 1.32552e-05 2.22935e-05 3.73762 1.00005e-05 9.6896e-06 1.57297
273 1.33013e-05 2.4334e-05 4.05415 1.03197e-05 1.00568e-05 1.59106
274 1.25937e-05 2.43481e-05 4.07118 9.59875e-06 9.92187e-06 1.55099
275 1.28482e-05 2.18336e-05 3.61984 9.55716e-06 9.57443e-06 1.47659
276 1.28581e-05 2.51655e-05 4.17895 9.88137e-06 1.00305e-05 1.557
277 1.29143e-05 2.36457e-05 3.9559 9.78023e-06 9.64392e-06 1.5183
278 1.30815e-05 2.42828e-05 4.04547 9.90959e-06 1.00144e-05 1.5664
279 1.25465e-05 2.36825e-05 3.94316 9.49757e-06 9.90147e-06 1.57775
280 1.27012e-05 2.37831e-05 3.99485 9.69401e-06 9.97011e-06 1.61028
281 1.29013e-05 2.43061e-05 4.06337 9.70683e-06 9.81297e-06 1.50492
282 1.24674e-05 2.36303e-05 3.90743 9.39593e-06 9.98079e-06 1.55632
283 1.31573e-05 2.49587e-05 4.10708 1.02594e-05 1.00346e-05 1.56757
284 1.23725e-05 2.29845e-05 3.85565 9.23515e-06 9.85146e-06 1.57911
285 1.26857e-05 2.32534e-05 3.86488 9.72928e-06 9.74112e-06 1.53249
286 1.25982e-05 2.39909e-05 4.04844 9.58679e-06 9.63257e-06 1.53812
287 1.25944e-05 2.4632e-05 4.12245 9.68364e-06 1.01299e-05 1.61617
288 1.23954e-05 2.33752e-05 3.8981 9.46643e-06 9.81127e-06 1.54426
289 1.25784e-05 2.46168e-05 4.08968 9.72537e-06 1.0056e-05 1.59405
290 1.27364e-05 2.36443e-05 3.93597 9.9145e-06 9.46685e-06 1.50596
291 1.30739e-05 2.45544e-05 4.10889 9.76735e-06 1.01628e-05 1.57264
292 1.24399e-05 2.21365e-05 3.70549 9.29947e-06 9.71594e-06 1.52647
293 1.2433e-05 2.37203e-05 3.94484 9.58618e-06 9.73852e-06 1.53196
294 1.20713e-05 2.47275e-05 4.05607 9.23066e-06 9.99739e-06 1.53736
295 1.24107e-05 2.35197e-05 3.90912 9.47761e-06 9.54387e-06 1.48422
296 1.2272e-05 2.2647e-05 3.76984 9.1536e-06 9.46135e-06 1.49649
297 1.24661e-05 2.16659e-05 3.59682 9.45605e-06 9.33352e-06 1.47259
298 1.24289e-05 2.43109e-05 4.0028 9.85885e-06 9.70889e-06 1.53748
299 1.26298e-05 2.24623e-05 3.68141 9.73537e-06 9.63212e-06 1.51233
300 1.24917e-05 2.44553e-05 4.02241 9.68434e-06 9.77517e-06 1.53239
301 1.21611e-05 2.34532e-05 3.9344 9.39473e-06 9.72691e-06 1.51569
302 1.22928e-05 2.3608e-05 3.92807 9.43943e-06 9.56239e-06 1.53724
303 1.22394e-05 2.2972e-05 3.84243 9.39464e-06 9.38034e-06 1.51274
304 1.20476e-05 2.31887e-05 3.83577 9.35877e-06 9.53943e-06 1.4595
305 1.21343e-05 2.31244e-05 3.83536 9.38923e-06 9.63131e-06 1.50238
306 1.23623e-05 2.27652e-05 3.78443 9.06029e-06 9.58665e-06 1.46495
307 1.21486e-05 2.18526e-05 3.66315 9.08678e-06 9.52827e-06 1.47896
308 1.20687e-05 2.26946e-05 3.79389 9.23591e-06 9.06796e-06 1.41358
309 1.23308e-05 2.19873e-05 3.70237 9.22776e-06 9.3442e-06 1.47762
310 1.17685e-05 2.29357e-05 3.80343 8.96149e-06 9.47984e-06 1.46351
311 1.21961e-05 2.32651e-05 3.91119 9.22906e-06 9.44533e-06 1.48973
312 1.21404e-05 2.3353e-05 3.85527 9.02839e-06 9.58994e-06 1.4938
313 1.23923e-05 2.42985e-05 3.99154 9.43762e-06 9.62169e-06 1.51288
314 1.24279e-05 2.3881e-05 3.94431 9.62462e-06 9.77697e-06 1.52078
315 1.22052e-05 2.27e-05 3.72506 9.30369e-06 9.54855e-06 1.48326
316 1.15334e-05 2.27207e-05 3.7703 8.75951e-06 9.34865e-06 1.43917
317 1.24078e-05 2.29556e-05 3.83444 9.25674e-06 9.51918e-06 1.49607
318 1.18384e-05 2.32038e-05 3.85364 9.11109e-06 9.80798e-06 1.5074
319 1.18721e-05 2.35278e-05 3.88712 9.04906e-06 9.382e-06 1.4723
320 1.22682e-05 2.40237e-05 4.00209 9.10949e-06 9.7453e-06 1.51202
321 1.26269e-05 2.29863e-05 3.82208 9.47946e-06 9.33694e-06 1.45572
322 1.20658e-05 2.49106e-05 4.14129 8.82806e-06 9.62083e-06 1.44849
323 1.20219e-05 2.20158e-05 3.6072 9.15336e-06 9.423e-06 1.44608
324 1.25747e-05 2.26325e-05 3.69175 9.30674e-06 9.33179e-06 1.41871
325 1.21378e-05 2.30622e-05 3.80188 9.44285e-06 9.52717e-06 1.4741
326 1.20125e-05 2.32297e-05 3.85744 8.90712e-06 9.52308e-06 1.47061
327 1.21534e-05 2.30314e-05 3.79143 9.44169e-06 9.56913e-06 1.48747
328 1.22476e-05 2.38942e-05 3.94538 9.21132e-06 9.58079e-06 1.47479
329 1.23689e-05 2.3587e-05 3.87985 9.52303e-06 9.91467e-06 1.52727
330 1.17798e-05 2.39121e-05 4.00222 9.13528e-06 9.11049e-06 1.41836
331 1.19301e-05 2.30203e-05 3.82122 8.89915e-06 9.49617e-06 1.48091
332 1.21351e-05 2.26916e-05 3.7323 9.12808e-06 9.5726e-06 1.4445
333 1.21073e-05 2.35611e-05 3.91822 8.8256e-06 9.3059e-06 1.37481
334 1.22043e-05 2.26468e-05 3.74641 9.09958e-06 9.20071e-06 1.43838
335 1.18639e-05 2.2364e-05 3.70436 8.9245e-06 9.30648e-06 1.42137
336 1.21693e-05 2.43283e-05 4.03115 8.86002e-06 9.72784e-06 1.50018
337 1.22635e-05 2.42618e-05 4.04064 9.55977e-06 9.4241e-06 1.45129
338 1.21144e-05 2.24352e-05 3.6479 9.11912e-06 9.66327e-06 1.48528
339 1.15958e-05 2.30446e-05 3.85924 8.9597e-06 9.39861e-06 1.48458
340 1.17899e-05 2.41641e-05 3.97301 9.02972e-06 9.70284e-06 1.45493
341 1.22869e-05 2.28863e-05 3.7082 9.19567e-06 9.78204e-06 1.47454
342 1.19615e-05 2.35876e-05 3.89101 9.20494e-06 9.25739e-06 1.44408
343 1.14697e-05 2.26519e-05 3.80465 8.6291e-06 9.4195e-06 1.49578
344 1.22148e-05 2.29675e-05 3.7974 8.97733e-06 9.55666e-06 1.46514
345 1.16283e-05 2.39567e-05 3.94841 8.95113e-06 9.66755e-06 1.4608
346 1.21181e-05 2.34912e-05 3.87133 9.24755e-06 9.76285e-06 1.48606
347 1.16414e-05 2.4022e-05 3.91541 9.03774e-06 9.79396e-06 1.48716
348 1.18623e-05 2.28687e-05 3.7632 8.91592e-06 9.50665e-06 1.47261
349 1.1548e-05 2.31997e-05 3.80462 8.77156e-06 9.60046e-06 1.47401
350 1.14462e-05 2.19622e-05 3.59047 8.46558e-06 8.88925e-06 1.33734
351 1.10937e-05 2.31163e-05 3.78124 8.52819e-06 9.36596e-06 1.43247
352 1.19588e-05 2.32026e-05 3.82594 8.93861e-06 9.47257e-06 1.43396
353 1.13386e-05 2.30884e-05 3.78848 8.74576e-06 9.34864e-06 1.43144
354 1.16367e-05 2.36513e-05 3.88587 8.8371e-06 9.28126e-06 1.41216
355 1.15764e-05 2.28923e-05 3.8144 8.50255e-06 9.29332e-06 1.40068
356 1.15907e-05 2.2217e-05 3.67157 8.55655e-06 9.46395e-06 1.45513
357 1.19927e-05 2.27553e-05 3.71644 8.74832e-06 9.56834e-06 1.44053
358 1.15302e-05 2.31281e-05 3.79306 8.8311e-06 9.40514e-06 1.42313
359 1.15991e-05 2.24743e-05 3.65806 8.89509e-06 9.33164e-06 1.43725
360 1.1333e-05 2.34406e-05 3.88894 8.28108e-06 9.06839e-06 1.38473
361 1.19516e-05 2.22765e-05 3.60958 8.91668e-06 9.2269e-06 1.39412
362 1.07593e-05 2.3968e-05 3.94633 8.05704e-06 9.44859e-06 1.44119
363 1.19092e-05 2.32858e-05 3.83404 8.80457e-06 9.30494e-06 1.42456
364 1.16146e-05 2.14238e-05 3.51423 8.52627e-06 9.17167e-06 1.38621
365 1.12145e-05 2.27929e-05 3.7292 8.45972e-06 9.30635e-06 1.42846
366 1.20332e-05 2.3584e-05 3.84258 9.0809e-06 9.47182e-06 1.42434
367 1.16367e-05 2.34974e-05 3.84916 8.49409e-06 9.37019e-06 1.41134
368 1.12685e-05 2.44541e-05 4.01161 8.73555e-06 9.71026e-06 1.48676
369 1.17903e-05 2.1343e-05 3.47519 8.52207e-06 9.08847e-06 1.36999
370 1.16004e-05 2.43565e-05 3.98039 8.82923e-06 9.58706e-06 1.44211
371 1.14406e-05 2.49524e-05 4.12159 8.32789e-06 9.66822e-06 1.45024
372 1.14395e-05 2.20425e-05 3.59014 8.53377e-06 9.08132e-06 1.37855
373 1.16436e-05 2.19414e-05 3.58714 8.6686e-06 9.16928e-06 1.39782
374 1.17999e-05 2.19588e-05 3.56951 8.98889e-06 9.14879e-06 1.39049
375 1.13099e-05 2.20759e-05 3.64129 8.47061e-06 9.10133e-06 1.39107
376 1.11466e-05 2.41748e-05 3.9645 8.31345e-06 9.36055e-06 1.40517
377 1.12487e-05 2.25593e-05 3.69477 8.2574e-06 9.45731e-06 1.42824
378 1.17125e-05 2.23319e-05 3.66694 8.65773e-06 9.19102e-06 1.38316
379 1.17261e-05 2.3173e-05 3.75821 8.66233e-06 9.55992e-06 1.46711
380 1.12897e-05 2.21886e-05 3.57557 8.4704e-06 9.12244e-06 1.37563
381 1.1363e-05 2.25735e-05 3.68529 8.55958e-06 9.1361e-06 1.38631
382 1.11198e-05 2.33728e-05 3.80425 8.31079e-06 9.40574e-06 1.40488
383 1.13041e-05 2.37202e-05 3.89305 8.55399e-06 9.55947e-06 1.46897
384 1.09353e-05 2.36769e-05 3.90498 8.1789e-06 9.55978e-06 1.45369
385 1.16154e-05 2.28599e-05 3.75915 8.72669e-06 9.07817e-06 1.37109
386 1.11938e-05 2.23361e-05 3.65027 8.51118e-06 9.23915e-06 1.38434
387 1.09329e-05 2.30033e-05 3.77804 8.17842e-06 9.36996e-06 1.43211
388 1.15136e-05 2.30396e-05 3.80206 8.38559e-06 9.50225e-06 1.41334
389 1.10576e-05 2.17959e-05 3.61097 8.1433e-06 9.04505e-06 1.3999
390 1.07429e-05 2.28872e-05 3.74814 8.04706e-06 9.19336e-06 1.38104
391 1.09666e-05 2.33194e-05 3.82463 8.23622e-06 9.35171e-06 1.40502
392 1.16197e-05 2.38346e-05 3.89841 9.14704e-06 9.28098e-06 1.41919
393 1.09918e-05 2.34805e-05 3.87906 8.33354e-06 9.04873e-06 1.38407
394 1.15269e-05 2.17869e-05 3.5282 8.61207e-06 9.5113e-06 1.43732
395 1.11926e-05 2.32276e-05 3.79272 8.35286e-06 9.47321e-06 1.42744
396 1.07847e-05 2.30656e-05 3.79949 8.37024e-06 9.01123e-06 1.39234
397 1.14288e-05 2.31741e-05 3.80047 8.51915e-06 9.27527e-06 1.38098
398 1.10691e-05 2.24184e-05 3.65107 8.22391e-06 9.1207e-06 1.36711
399 1.07428e-05 2.24493e-05 3.64168 8.12817e-06 9.13013e-06 1.3904
400 1.11739e-05 2.28328e-05 3.70462 8.35453e-06 9.21658e-06 1.38528
401 1.17356e-05 2.34697e-05 3.84801 8.82756e-06 9.15149e-06 1.39104
402 1.12594e-05 2.35555e-05 3.84981 8.55231e-06 9.26748e-06 1.40353
403 1.13979e-05 2.26216e-05 3.68477 8.54338e-06 9.39446e-06 1.40997
404 1.09455e-05 2.30117e-05 3.75352 8.03119e-06 9.33612e-06 1.40471
405 1.17298e-05 2.20072e-05 3.63215 8.75515e-06 9.01817e-06 1.36719
406 1.18513e-05 2.32161e-05 3.7557 8.59487e-06 9.36243e-06 1.40035
407 1.13602e-05 2.35058e-05 3.81546 8.46643e-06 9.31873e-06 1.39333
408 1.11454e-05 2.20912e-05 3.54943 8.47653e-06 9.04212e-06 1.34486
409 1.12619e-05 2.26399e-05 3.6737 8.32285e-06 9.15979e-06 1.3332
410 1.15341e-05 2.19923e-05 3.58227 8.32969e-06 9.12163e-06 1.36254
411 1.12587e-05 2.28646e-05 3.73272 8.31454e-06 9.22152e-06 1.37909
412 1.10191e-05 2.27223e-05 3.73415 8.16809e-06 9.25629e-06 1.3995
413 1.08425e-05 2.26088e-05 3.70855 8.39472e-06 8.85058e-06 1.31813
414 1.13006e-05 2.43583e-05 3.9909 8.58548e-06 9.13217e-06 1.35041
415 1.13165e-05 2.15354e-05 3.52554 8.45627e-06 8.98667e-06 1.35346
416 1.103e-05 2.20309e-05 3.5541 8.13209e-06 9.25995e-06 1.37355
417 1.11658e-05 2.2342e-05 3.66282 8.36518e-06 8.81195e-06 1.32073
418 1.11219e-05 2.28675e-05 3.73734 8.54506e-06 9.09495e-06 1.34907
419 1.09829e-05 2.28536e-05 3.75593 8.22974e-06 9.24895e-06 1.38071
420 1.10295e-05 2.33735e-05 3.77937 8.39293e-06 9.04452e-06 1.33442
421 1.15003e-05 2.31261e-05 3.76627 8.48855e-06 9.43332e-06 1.4109
422 1.07173e-05 2.34613e-05 3.81159 8.0132e-06 9.3143e-06 1.37501
423 1.11951e-05 2.23485e-05 3.62515 8.44692e-06 8.8135e-06 1.29694
424 1.09044e-05 2.38389e-05 3.86664 8.18013e-06 9.59777e-06 1.41101
425 1.08094e-05 2.26862e-05 3.62946 8.05707e-06 9.50391e-06 1.42127
426 1.11017e-05 2.27995e-05 3.73418 8.34411e-06 9.02285e-06 1.33148
427 1.07635e-05 2.17191e-05 3.50104 8.10572e-06 8.98678e-06 1.31007
428 1.08908e-05 2.28856e-05 3.68518 8.14897e-06 9.30572e-06 1.36422
429 1.10773e-05 2.26532e-05 3.69501 8.00824e-06 9.31321e-06 1.36903
430 1.13965e-05 2.2327e-05 3.59604 8.31188e-06 9.4643e-06 1.37624
431 1.09189e-05 2.16004e-05 3.46833 8.19626e-06 9.18635e-06 1.40123
432 1.0751e-05 2.26669e-05 3.68593 8.02114e-06 9.0703e-06 1.3643
433 1.12001e-05 2.27531e-05 3.74832 8.17413e-06 9.23707e-06 1.38451
434 1.08414e-05 2.3223e-05 3.7617 8.18494e-06 9.35612e-06 1.36453
435 1.10009e-05 2.26875e-05 3.71949 7.99269e-06 9.17451e-06 1.35649
436 1.08158e-05 2.28884e-05 3.67368 8.03322e-06 9.15004e-06 1.32978
437 1.10251e-05 2.30774e-05 3.70547 8.17419e-06 9.03714e-06 1.31325
438 1.03165e-05 2.28385e-05 3.69124 7.79435e-06 9.1169e-06 1.34094
439 1.06182e-05 2.32416e-05 3.82623 7.87734e-06 9.10819e-06 1.37427
440 1.10674e-05 2.2014e-05 3.57869 8.14247e-06 8.95412e-06 1.3235
441 1.05563e-05 2.24811e-05 3.61133 7.89669e-06 9.19763e-06 1.37761
442 1.10668e-05 2.31574e-05 3.76867 8.24157e-06 9.19107e-06 1.38627
443 1.08693e-05 2.41003e-05 3.94565 7.91908e-06 9.30261e-06 1.36236
444 1.11669e-05 2.24887e-05 3.6198 8.15376e-06 8.88753e-06 1.31825
445 1.11653e-05 2.30802e-05 3.72182 8.25628e-06 9.20535e-06 1.35108
446 1.11956e-05 2.24758e-05 3.67099 8.23775e-06 8.80699e-06 1.29969
447 1.04183e-05 2.29887e-05 3.6919 7.66305e-06 9.27407e-06 1.33546
448 1.11244e-05 2.19389e-05 3.53472 8.17921e-06 8.86716e-06 1.29819
449 1.10285e-05 2.2185e-05 3.5858 8.06348e-06 9.12751e-06 1.33752
450 1.10066e-05 2.27765e-05 3.66641 8.2144e-06 8.90184e-06 1.31405
451 1.08181e-05 2.37697e-05 3.8412 8.08246e-06 9.60505e-06 1.41801
452 1.09828e-05 2.36793e-05 3.81484 8.02596e-06 9.52246e-06 1.39066
453 1.05784e-05 2.23348e-05 3.61077 7.97659e-06 9.21003e-06 1.35225
454 1.07948e-05 2.2795e-05 3.69754 8.15675e-06 9.26075e-06 1.35176
455 1.07234e-05 2.20844e-05 3.59179 7.69735e-06 9.20542e-06 1.35305
456 1.02869e-05 2.2964e-05 3.69215 7.80119e-06 9.56397e-06 1.40606
457 1.0638e-05 2.32201e-05 3.77722 7.77943e-06 9.10072e-06 1.34998
458 1.07262e-05 2.28519e-05 3.70419 8.20271e-06 8.94445e-06 1.31197
459 1.07333e-05 2.23819e-05 3.62489 7.98947e-06 9.14613e-06 1.33944
460 1.06915e-05 2.35082e-05 3.83525 8.06393e-06 9.08138e-06 1.36909
461 1.08009e-05 2.28848e-05 3.66575 7.97554e-06 9.04258e-06 1.29555
462 1.08035e-05 2.27095e-05 3.67138 7.87242e-06 9.10709e-06 1.33435
463 1.07115e-05 2.27995e-05 3.69428 7.86031e-06 9.25736e-06 1.37908
464 1.09197e-05 2.21566e-05 3.55843 7.74975e-06 8.98322e-06 1.29087
465 1.0785e-05 2.24579e-05 3.60296 7.77601e-06 9.34007e-06 1.36458
466 1.06845e-05 2.26073e-05 3.61394 7.78636e-06 9.37206e-06 1.34607
467 1.06497e-05 2.23814e-05 3.55422 7.59822e-06 9.28403e-06 1.32991
468 1.05742e-05 2.28119e-05 3.66345 7.92136e-06 9.29128e-06 1.34399
469 1.0622e-05 2.30258e-05 3.70009 7.69662e-06 9.21281e-06 1.32863
470 1.02907e-05 2.32623e-05 3.78176 7.59961e-06 9.04455e-06 1.27474
471 1.07028e-05 2.22655e-05 3.59068 8.0167e-06 9.01693e-06 1.3143
472 1.0545e-05 2.27391e-05 3.67575 7.9576e-06 9.11607e-06 1.30336
473 1.07785e-05 2.16711e-05 3.48312 7.70144e-06 8.94998e-06 1.28888
474 1.00895e-05 2.19949e-05 3.5484 7.52894e-06 9.05291e-06 1.33773
475 1.08149e-05 2.24293e-05 3.61043 7.77095e-06 9.36177e-06 1.35261
476 1.05175e-05 2.36813e-05 3.8383 7.99999e-06 8.9364e-06 1.28385
477 1.09727e-05 2.2114e-05 3.56371 8.02591e-06 9.16543e-06 1.31937
478 1.10393e-05 2.24269e-05 3.61014 8.13546e-06 9.09667e-06 1.3142
479 1.06077e-05 2.20784e-05 3.57895 7.7514e-06 9.17715e-06 1.32011
480 1.10256e-05 2.16116e-05 3.49874 7.92774e-06 9.26116e-06 1.36884
481 1.06367e-05 2.1619e-05 3.4431 7.83565e-06 8.85286e-06 1.28061
482 1.02582e-05 2.2147e-05 3.52766 7.52564e-06 8.99204e-06 1.28951
483 1.06612e-05 2.2681e-05 3.67454 8.04514e-06 8.96229e-06 1.3064
484 1.04775e-05 2.32215e-05 3.77643 7.57324e-06 9.29385e-06 1.34084
485 1.0525e-05 2.29235e-05 3.683 7.81417e-06 9.0229e-06 1.30531
486 1.04846e-05 2.20475e-05 3.50681 7.63371e-06 9.03026e-06 1.27956
487 1.04334e-05 2.25646e-05 3.63754 7.61213e-06 8.82634e-06 1.27262
488 1.03005e-05 2.31944e-05 3.72797 7.75867e-06 8.96415e-06 1.30415
489 1.07477e-05 2.26168e-05 3.64897 7.93143e-06 8.97818e-06 1.29542
490 1.03787e-05 2.13703e-05 3.41044 7.60263e-06 8.71309e-06 1.26832
491 1.0222e-05 2.27209e-05 3.6609 7.32506e-06 8.96161e-06 1.30022
492 1.06649e-05 2.27975e-05 3.66661 7.68784e-06 9.17738e-06 1.33005
493 1.08476e-05 2.16269e-05 3.46256 7.92435e-06 9.02593e-06 1.31198
494 1.03705e-05 2.23678e-05 3.57268 7.53853e-06 9.07535e-06 1.32117
495 1.05474e-05 2.19997e-05 3.51081 7.5949e-06 9.18726e-06 1.33219
496 1.02927e-05 2.34078e-05 3.76063 7.77197e-06 8.99931e-06 1.29811
497 1.08025e-05 2.29292e-05 3.65692 7.77314e-06 8.93192e-06 1.24989
498 1.01049e-05 2.21084e-05 3.55302 7.56712e-06 9.01707e-06 1.30464
499 1.00208e-05 2.21502e-05 3.57103 7.23665e-06 8.90278e-06 1.32385
500 1.02428e-05 2.26678e-05 3.64903 7.44304e-06 9.10478e-06 1.30911
501 1.03594e-05 2.19546e-05 3.53949 7.59287e-06 8.96988e-06 1.3013
502 1.0766e-05 2.11271e-05 3.36286 7.76408e-06 8.69122e-06 1.24339
503 1.0895e-05 2.38568e-05 3.80237 8.32157e-06 9.13046e-06 1.30583
504 1.07637e-05 2.12938e-05 3.36863 7.66859e-06 8.68529e-06 1.21547
505 1.04665e-05 2.26113e-05 3.61387 7.76895e-06 9.12308e-06 1.34367
506 1.02594e-05 2.27146e-05 3.59489 7.66206e-06 9.29281e-06 1.30516
507 1.01927e-05 2.17376e-05 3.46307 7.33975e-06 8.85097e-06 1.28462
508 1.04209e-05 2.21471e-05 3.56423 7.52515e-06 8.94399e-06 1.28149
509 1.04121e-05 2.25638e-05 3.59114 7.64151e-06 9.03845e-06 1.29208
510 1.02222e-05 2.21104e-05 3.52616 7.54887e-06 9.12965e-06 1.33205
511 1.01985e-05 2.31476e-05 3.76305 7.36527e-06 9.19295e-06 1.32513
512 1.03413e-05 2.18625e-05 3.49871 7.3169e-06 9.08954e-06 1.30087
513 1.03413e-05 2.27706e-05 3.65251 7.59606e-06 9.08644e-06 1.30629
514 9.89105e-06 2.18136e-05 3.48808 7.28273e-06 8.95537e-06 1.32473
515 9.94684e-06 2.10015e-05 3.32567 7.25461e-06 8.67783e-06 1.24174
516 1.02695e-05 2.30592e-05 3.61613 7.57913e-06 9.29284e-06 1.3175
517 1.05208e-05 2.35679e-05 3.77719 7.79144e-06 9.22752e-06 1.32017
518 1.02008e-05 2.18067e-05 3.47293 7.46375e-06 8.87618e-06 1.28792
519 1.00754e-05 2.25695e-05 3.58309 7.515e-06 9.30929e-06 1.33191
520 1.04181e-05 2.21167e-05 3.5142 7.52261e-06 9.17745e-06 1.32326
521 1.01954e-05 2.22215e-05 3.55395 7.33229e-06 9.119e-06 1.31729
522 1.03669e-05 2.19654e-05 3.50019 7.42617e-06 8.88119e-06 1.25297
523 1.04713e-05 2.30192e-05 3.60104 7.62706e-06 9.03876e-06 1.2585
524 9.99785e-06 2.26403e-05 3.62626 7.60516e-06 8.58664e-06 1.2356
525 1.04703e-05 2.23296e-05 3.56424 7.94201e-06 8.92579e-06 1.29011
526 1.00761e-05 2.22571e-05 3.56835 7.3271e-06 8.90848e-06 1.29008
527 1.04947e-05 2.2315e-05 3.51706 7.60671e-06 9.12854e-06 1.27529
528 1.01711e-05 2.23877e-05 3.58363 7.25382e-06 8.98118e-06 1.25598
529 1.0312e-05 2.25925e-05 3.59843 7.56909e-06 9.07856e-06 1.2945
530 9.96644e-06 2.27554e-05 3.66801 7.48638e-06 8.77451e-06 1.26054
531 1.02563e-05 2.29435e-05 3.66783 7.67138e-06 8.93489e-06 1.27903
532 1.02485e-05 2.24168e-05 3.56316 7.43131e-06 9.05163e-06 1.28611
533 1.03527e-05 2.25666e-05 3.58521 7.68256e-06 9.14412e-06 1.31836
534 1.04113e-05 2.23415e-05 3.58245 7.63823e-06 9.03384e-06 1.2994
535 1.02185e-05 2.26434e-05 3.63021 7.58951e-06 8.75565e-06 1.24257
536 9.79342e-06 2.23294e-05 3.53457 7.18543e-06 8.75177e-06 1.24255
537 1.0129e-05 2.23215e-05 3.54882 7.47651e-06 9.13344e-06 1.31128
538 9.51477e-06 2.21446e-05 3.54895 6.99323e-06 8.92166e-06 1.3014
539 1.04816e-05 2.23399e-05 3.55752 7.38107e-06 9.09792e-06 1.28717
540 9.94828e-06 2.26683e-05 3.62428 7.26302e-06 9.22595e-06 1.31221
541 1.04039e-05 2.25287e-05 3.66528 7.56596e-06 8.79592e-06 1.25271
542 1.01518e-05 2.22807e-05 3.55682 7.12544e-06 9.02691e-06 1.2785
543 1.05595e-05 2.25688e-05 3.5705 7.76709e-06 8.87698e-06 1.25682
544 1.01205e-05 2.19455e-05 3.51705 7.29602e-06 9.06495e-06 1.29428
545 9.93944e-06 2.26159e-05 3.61257 7.21715e-06 8.79143e-06 1.2462
546 1.01781e-05 2.23005e-05 3.57808 7.41635e-06 9.27515e-06 1.33308
547 9.86114e-06 2.24332e-05 3.61589 7.30043e-06 8.81648e-06 1.27169
548 1.05337e-05 2.22765e-05 3.54613 7.74624e-06 8.72332e-06 1.22904
549 1.03716e-05 2.21672e-05 3.46929 7.47361e-06 9.0901e-06 1.27824
550 1.02485e-05 2.29598e-05 3.65832 7.67156e-06 9.12972e-06 1.30216
551 1.01528e-05 2.30533e-05 3.68812 7.48535e-06 9.09159e-06 1.30658
552 1.00888e-05 2.20382e-05 3.54285 7.26498e-06 9.05923e-06 1.32478
553 1.01414e-05 2.1933e-05 3.51455 7.42234e-06 8.7534e-06 1.26691
554 1.0329e-05 2.25255e-05 3.57928 7.49349e-06 9.18999e-06 1.30246
555 1.04493e-05 2.19702e-05 3.49238 7.49896e-06 8.69345e-06 1.2253
556 1.02715e-05 2.1003e-05 3.30381 7.12467e-06 8.82401e-06 1.24838
557 1.03193e-05 2.20642e-05 3.48927 7.44631e-06 9.03787e-06 1.26369
558 1.01554e-05 2.19791e-05 3.48821 7.25427e-06 9.03777e-06 1.27939
559 9.89758e-06 2.28605e-05 3.61361 7.12591e-06 9.07073e-06 1.2846
560 1.01423e-05 2.2068e-05 3.54978 7.34086e-06 8.57081e-06 1.22923
561 1.01713e-05 2.23441e-05 3.52888 7.41795e-06 8.97404e-06 1.26585
562 1.0304e-05 2.19793e-05 3.48964 7.36148e-06 8.90259e-06 1.27358
563 1.00873e-05 2.28553e-05 3.64064 7.35127e-06 8.88367e-06 1.23674
564 1.01487e-05 2.26305e-05 3.62779 7.24635e-06 9.20618e-06 1.28945
565 1.00273e-05 2.15298e-05 3.42218 6.95107e-06 8.89168e-06 1.27609
566 1.00104e-05 2.35664e-05 3.76588 7.41733e-06 9.10043e-06 1.30339
567 1.03147e-05 2.23537e-05 3.56966 7.36939e-06 8.88098e-06 1.23321
568 9.99506e-06 2.21057e-05 3.50448 7.19528e-06 8.70827e-06 1.22042
569 1.00566e-05 2.13064e-05 3.42627 7.05712e-06 8.4891e-06 1.21955
570 9.92674e-06 2.27966e-05 3.63228 7.0412e-06 9.09508e-06 1.28375
571 1.06095e-05 2.12819e-05 3.38343 7.67634e-06 8.79238e-06 1.28118
572 9.81872e-06 2.25497e-05 3.55138 6.98276e-06 9.08745e-06 1.25412
573 1.01598e-05 2.29563e-05 3.67436 7.5721e-06 8.91373e-06 1.26873
574 9.77216e-06 2.16275e-05 3.39205 7.00092e-06 8.71536e-06 1.22921
575 1.00418e-05 2.30668e-05 3.67253 7.2701e-06 9.23017e-06 1.29086
576 1.01473e-05 2.27921e-05 3.67414 7.24611e-06 9.09872e-06 1.30567
577 1.00675e-05 2.2291e-05 3.51855 7.37614e-06 8.791e-06 1.23205
578 1.00419e-05 2.21736e-05 3.51301 7.37731e-06 8.9431e-06 1.25893
579 1.00646e-05 2.19983e-05 3.42891 7.31736e-06 8.83246e-06 1.23136
580 9.70362e-06 2.22852e-05 3.57424 7.05463e-06 9.00801e-06 1.30119
581 9.60161e-06 2.26034e-05 3.55717 7.09245e-06 9.02937e-06 1.26522
582 1.02655e-05 2.17548e-05 3.47166 7.43613e-06 8.82447e-06 1.25089
583 1.01852e-05 2.29363e-05 3.65053 7.40986e-06 9.28729e-06 1.30704
584 9.69633e-06 2.20796e-05 3.50206 7.10286e-06 8.74356e-06 1.25367
585 9.88469e-06 2.21156e-05 3.50395 7.13018e-06 8.67476e-06 1.21983
586 9.81111e-06 2.26031e-05 3.60634 6.96119e-06 8.96752e-06 1.27248
587 1.00894e-05 2.27715e-05 3.59649 7.41259e-06 9.02374e-06 1.25656
588 1.00532e-05 2.24025e-05 3.52765 7.50971e-06 8.79533e-06 1.23877
589 9.89646e-06 2.24495e-05 3.56825 7.12157e-06 9.08511e-06 1.27743
590 1.02392e-05 2.18935e-05 3.43473 7.14007e-06 8.84316e-06 1.22161
591 1.01691e-05 2.29129e-05 3.65341 7.32661e-06 9.27184e-06 1.32377
592 9.63786e-06 2.28987e-05 3.61489 6.98864e-06 9.16834e-06 1.29323
593 1.00016e-05 2.24692e-05 3.54708 7.06765e-06 9.17767e-06 1.28754
594 1.00448e-05 2.29294e-05 3.63142 7.4833e-06 9.0851e-06 1.29821
595 9.65948e-06 2.18942e-05 3.5155 6.92997e-06 8.90731e-06 1.27492
596 1.00888e-05 2.23251e-05 3.54448 7.32421e-06 8.91525e-06 1.25816
597 1.03217e-05 2.15788e-05 3.40402 7.46485e-06 8.86931e-06 1.24334
598 9.90219e-06 2.15116e-05 3.41101 7.09223e-06 8.79295e-06 1.24555
599 9.94198e-06 2.2164e-05 3.52239 7.15527e-06 8.90821e-06 1.2449
600 9.81055e-06 2.26744e-05 3.59031 7.19171e-06 8.8413e-06 1.23737
601 9.77626e-06 2.1696e-05 3.41208 7.11013e-06 8.8863e-06 1.2378
602 1.00038e-05 2.20206e-05 3.50148 7.32769e-06 8.9335e-06 1.26517
603 9.67728e-06 2.30436e-05 3.68164 7.22105e-06 9.12161e-06 1.30527
604 9.59871e-06 2.08789e-05 3.30519 6.93987e-06 8.57983e-06 1.2386
605 1.03972e-05 2.21327e-05 3.46997 7.4511e-06 9.09347e-06 1.26406
606 9.66536e-06 2.22259e-05 3.52754 6.77328e-06 9.25657e-06 1.295
607 1.00771e-05 2.1771e-05 3.43586 7.2652e-06 8.69201e-06 1.19891
608 9.76158e-06 2.23741e-05 3.54195 6.96488e-06 9.20914e-06 1.29633
609 9.76047e-06 2.34802e-05 3.70752 7.0827e-06 9.25324e-06 1.27225
610 9.60337e-06 2.34685e-05 3.73856 7.02477e-06 9.02542e-06 1.2613
611 9.67737e-06 2.16827e-05 3.46996 6.89e-06 8.68781e-06 1.25329
612 9.64524e-06 2.14321e-05 3.3858 6.9113e-06 9.11029e-06 1.29911
613 9.77673e-06 2.22303e-05 3.54078 6.92835e-06 9.01203e-06 1.27213
614 9.73089e-06 2.30594e-05 3.66698 7.19582e-06 9.01275e-06 1.26515
615 9.76933e-06 2.24223e-05 3.55514 7.23614e-06 8.72321e-06 1.22515
616 9.52281e-06 2.31848e-05 3.68331 7.1546e-06 8.94571e-06 1.27173
617 1.01431e-05 2.18536e-05 3.41916 7.43305e-06 8.83224e-06 1.20631
618 9.51796e-06 2.19979e-05 3.50197 6.91713e-06 9.03505e-06 1.29337
619 9.58581e-06 2.25613e-05 3.5915 6.85094e-06 8.90779e-06 1.25268
620 1.0198e-05 2.12077e-05 3.34747 7.19003e-06 8.57027e-06 1.18272
621 9.79796e-06 2.11272e-05 3.30583 6.92451e-06 8.90023e-06 1.2543
622 9.9215e-06 2.15407e-05 3.38675 7.11878e-06 8.83279e-06 1.24445
623 9.94976e-06 2.25689e-05 3.55705 7.09083e-06 9.21276e-06 1.29103
624 9.53668e-06 2.18483e-05 3.42483 6.82403e-06 8.9225e-06 1.24236
625 9.37305e-06 2.30158e-05 3.65302 6.86461e-06 9.12364e-06 1.2624
626 9.97867e-06 2.26478e-05 3.55281 7.25162e-06 9.00599e-06 1.2293
627 1.00254e-05 2.28557e-05 3.62091 7.16257e-06 8.80317e-06 1.21865
628 9.64748e-06 2.19139e-05 3.48213 6.82919e-06 8.79555e-06 1.23176
629 1.00242e-05 2.06902e-05 3.27334 7.06834e-06 8.95286e-06 1.26932
630 9.86264e-06 2.27723e-05 3.59296 7.26767e-06 8.65157e-06 1.20291
631 9.64622e-06 2.2353e-05 3.52297 6.83238e-06 9.03381e-06 1.24639
632 1.02372e-05 2.2061e-05 3.40333 7.40704e-06 8.7589e-06 1.18578
633 9.60344e-06 2.18995e-05 3.47367 6.91711e-06 8.95993e-06 1.29257
634 9.65108e-06 2.29476e-05 3.60533 7.11589e-06 9.16597e-06 1.2862
635 9.89331e-06 2.10166e-05 3.28231 6.69502e-06 8.88464e-06 1.21965
636 9.9947e-06 2.15357e-05 3.40889 7.15773e-06 8.79581e-06 1.23
637 9.13356e-06 2.29914e-05 3.63333 6.66694e-06 9.2475e-06 1.29444
638 9.30101e-06 2.24239e-05 3.51892 6.64164e-06 9.07837e-06 1.26863
639 9.75647e-06 2.16143e-05 3.37843 7.0062e-06 8.83654e-06 1.21197
640 9.95201e-06 2.30434e-05 3.66922 7.08487e-06 8.92134e-06 1.25173
641 1.00995e-05 2.19816e-05 3.47821 7.10351e-06 8.92757e-06 1.23679
642 9.55653e-06 2.12991e-05 3.32997 6.83076e-06 8.74623e-06 1.20636
643 9.86612e-06 2.21908e-05 3.50512 6.91263e-06 8.9449e-06 1.26074
644 9.23434e-06 2.21317e-05 3.46243 6.77047e-06 8.68191e-06 1.20243
645 9.71587e-06 2.17259e-05 3.43446 6.85316e-06 8.59908e-06 1.20547
646 9.77014e-06 2.21297e-05 3.48506 6.94459e-06 8.80764e-06 1.22925
647 9.64632e-06 2.27476e-05 3.59677 7.0238e-06 8.9849e-06 1.23883
648 9.53572e-06 2.17278e-05 3.44754 6.91519e-06 8.77988e-06 1.22981
649 9.63391e-06 2.29979e-05 3.61853 6.97906e-06 9.0705e-06 1.23724
650 9.42304e-06 2.34049e-05 3.71952 6.96346e-06 9.1e-06 1.2554
651 9.62527e-06 2.22054e-05 3.54676 6.84832e-06 8.48225e-06 1.18557
652 9.84796e-06 2.20168e-05 3.41525 7.05733e-06 8.75642e-06 1.18752
653 9.79612e-06 2.14794e-05 3.39046 6.90252e-06 8.72599e-06 1.24242
654 9.59176e-06 2.28664e-05 3.63122 7.07487e-06 8.79685e-06 1.24401
655 9.62676e-06 2.24557e-05 3.54206 7.05596e-06 8.73116e-06 1.22364
656 9.35527e-06 2.17192e-05 3.47358 6.63371e-06 8.74813e-06 1.25599
657 9.54207e-06 2.19233e-05 3.44991 6.75833e-06 8.98761e-06 1.25975
658 9.37667e-06 2.24057e-05 3.49261 6.93407e-06 9.03014e-06 1.26646
659 9.66445e-06 2.20324e-05 3.46437 6.91795e-06 8.83624e-06 1.21246
660 9.68996e-06 2.23014e-05 3.51169 6.69948e-06 9.14189e-06 1.27018
661 9.62071e-06 2.10281e-05 3.3171 6.84595e-06 8.61652e-06 1.19095
662 9.42763e-06 2.23203e-05 3.50608 6.73374e-06 8.80493e-06 1.22001
663 9.55087e-06 2.29022e-05 3.64213 7.063e-06 9.16859e-06 1.28243
664 9.62754e-06 2.22061e-05 3.4645 6.85368e-06 8.90614e-06 1.21923
665 9.86222e-06 2.11917e-05 3.28671 7.0698e-06 8.77295e-06 1.21775
666 9.75146e-06 2.31257e-05 3.64189 6.91081e-06 8.98701e-06 1.25064
667 9.47041e-06 2.23225e-05 3.48769 6.83488e-06 8.71896e-06 1.1888
668 9.52197e-06 2.21961e-05 3.4659 6.80211e-06 8.70432e-06 1.19232
669 9.89759e-06 2.19743e-05 3.42789 7.04468e-06 8.96137e-06 1.23031
670 9.23345e-06 2.21692e-05 3.48191 6.5077e-06 9.00381e-06 1.25029
671 9.56809e-06 2.21229e-05 3.46345 6.91274e-06 8.82435e-06 1.20988
672 9.83387e-06 2.17012e-05 3.40295 6.95739e-06 8.94867e-06 1.23957
673 9.82243e-06 2.138e-05 3.35079 7.033e-06 8.52599e-06 1.1809
674 9.49661e-06 2.19333e-05 3.46124 6.79194e-06 8.79924e-06 1.22814
675 9.48011e-06 2.16735e-05 3.39212 6.67228e-06 8.65136e-06 1.20808
676 9.82156e-06 2.11809e-05 3.30372 6.96891e-06 8.87491e-06 1.22834
677 9.49333e-06 2.31806e-05 3.66388 6.90691e-06 8.79606e-06 1.1973
678 9.28458e-06 2.21497e-05 3.46576 6.70149e-06 8.89321e-06 1.22253
679 1.0008e-05 2.22937e-05 3.49657 7.13569e-06 8.7812e-06 1.19605
680 9.32137e-06 2.24194e-05 3.53206 6.53389e-06 9.21029e-06 1.29106
681 9.21735e-06 2.23425e-05 3.50158 6.51667e-06 8.91885e-06 1.228
682 9.66835e-06 2.15834e-05 3.39166 6.89806e-06 8.64634e-06 1.19198
683 9.77053e-06 2.13054e-05 3.33419 6.96076e-06 8.58536e-06 1.15733
684 9.58532e-06 2.26257e-05 3.55131 6.95303e-06 9.24785e-06 1.28391
685 9.75022e-06 2.18986e-05 3.45655 6.98498e-06 8.48955e-06 1.17281
686 9.30599e-06 2.20082e-05 3.48808 6.7301e-06 8.74281e-06 1.24091
687 9.31511e-06 2.19813e-05 3.48141 6.65737e-06 8.64067e-06 1.18454
688 9.60881e-06 2.24982e-05 3.49483 6.95477e-06 8.67537e-06 1.17325
689 9.42554e-06 2.25574e-05 3.56285 6.78468e-06 8.91402e-06 1.22219
690 9.40252e-06 2.28062e-05 3.59873 6.78519e-06 9.08052e-06 1.2571
691 9.34727e-06 2.33637e-05 3.68028 6.65176e-06 9.28117e-06 1.27973
692 9.67395e-06 2.23775e-05 3.51375 6.86281e-06 8.85429e-06 1.2035
693 9.52012e-06 2.15769e-05 3.38662 6.57094e-06 8.68492e-06 1.1912
694 9.26725e-06 2.178e-05 3.40667 6.73734e-06 8.81534e-06 1.2172
695 9.47623e-06 2.27992e-05 3.58583 6.81808e-06 9.07319e-06 1.25225
696 9.73546e-06 2.18663e-05 3.45075 6.85737e-06 8.56161e-06 1.16357
697 9.52601e-06 2.1301e-05 3.37142 6.68024e-06 8.77666e-06 1.23473
698 9.87592e-06 2.23294e-05 3.49313 7.04336e-06 8.89352e-06 1.19756
699 9.44402e-06 2.27767e-05 3.57735 6.83136e-06 9.15837e-06 1.25345
700 9.4781e-06 2.21875e-05 3.4789 6.81116e-06 8.79713e-06 1.20537
701 9.44531e-06 2.22337e-05 3.48401 6.69593e-06 8.91397e-06 1.22991
702 9.54293e-06 2.26878e-05 3.57219 6.85331e-06 9.10321e-06 1.23955
703 9.21242e-06 2.01767e-05 3.16078 6.4184e-06 8.47361e-06 1.17895
704 9.19522e-06 2.26657e-05 3.52954 6.60898e-06 8.99234e-06 1.217
705 9.39311e-06 2.16868e-05 3.41495 6.75895e-06 8.75854e-06 1.21098
706 9.17781e-06 2.20918e-05 3.46474 6.53663e-06 8.75496e-06 1.21622
707 9.3567e-06 2.26318e-05 3.52937 6.51851e-06 9.07303e-06 1.24434
708 9.40503e-06 2.26068e-05 3.52602 6.67543e-06 8.9941e-06 1.21558
709 9.58256e-06 2.2182e-05 3.51118 6.79914e-06 8.77215e-06 1.23472
710 9.82679e-06 2.15551e-05 3.3815 6.98995e-06 8.66324e-06 1.19377
711 9.52816e-06 2.18925e-05 3.42489 6.81112e-06 8.74694e-06 1.17507
712 9.51886e-06 2.2763e-05 3.58058 6.76066e-06 8.68031e-06 1.19419
713 9.37151e-06 2.36105e-05 3.72554 6.73307e-06 9.21915e-06 1.26952
714 9.67166e-06 2.19255e-05 3.42994 6.85908e-06 8.78745e-06 1.20627
715 9.3634e-06 2.30995e-05 3.61533 6.69744e-06 9.01708e-06 1.23399
716 9.10543e-06 2.23278e-05 3.4863 6.5275e-06 8.77332e-06 1.18819
717 9.64826e-06 2.25871e-05 3.52409 6.74845e-06 8.83334e-06 1.1884
718 9.07324e-06 2.14578e-05 3.34204 6.64104e-06 8.97594e-06 1.24742
719 9.26197e-06 2.23589e-05 3.52462 6.84212e-06 8.56087e-06 1.16267
720 9.21404e-06 2.23122e-05 3.50272 6.57851e-06 8.84333e-06 1.21351
721 9.31167e-06 2.28996e-05 3.61671 6.74011e-06 8.94894e-06 1.24087
722 9.46328e-06 2.23439e-05 3.47955 6.91872e-06 8.55251e-06 1.17722
723 9.28255e-06 2.26284e-05 3.57172 6.4999e-06 8.95346e-06 1.21219
724 9.18276e-06 2.28858e-05 3.62394 6.67135e-06 8.75613e-06 1.21033
725 9.1707e-06 2.37854e-05 3.73992 6.4093e-06 9.4263e-06 1.30967
726 9.48218e-06 2.24836e-05 3.52416 6.7978e-06 8.87471e-06 1.21399
727 9.46776e-06 2.22656e-05 3.51073 6.60513e-06 8.87258e-06 1.22032
728 9.11266e-06 2.24386e-05 3.52921 6.53582e-06 8.86169e-06 1.21313
729 9.34812e-06 2.22256e-05 3.45237 6.59383e-06 8.90132e-06 1.22338
730 9.2195e-06 2.21814e-05 3.4854 6.5296e-06 8.80931e-06 1.20158
731 9.25884e-06 2.26782e-05 3.53787 6.50533e-06 8.84935e-06 1.19715
732 8.83198e-06 2.29656e-05 3.61302 6.43604e-06 9.11493e-06 1.2653
733 9.69124e-06 2.16444e-05 3.37052 6.87225e-06 8.63498e-06 1.17914
734 9.27469e-06 2.26172e-05 3.54882 6.55871e-06 9.0301e-06 1.22638
735 9.49141e-06 2.21594e-05 3.4494 6.78703e-06 8.98602e-06 1.2396
736 9.05851e-06 2.20486e-05 3.44521 6.50435e-06 8.71322e-06 1.17216
737 9.32433e-06 2.27246e-05 3.55739 6.60353e-06 8.62834e-06 1.16001
738 9.34269e-06 2.24674e-05 3.49857 6.73751e-06 8.77604e-06 1.18963
739 9.25215e-06 2.27991e-05 3.58414 6.54242e-06 8.89627e-06 1.21904
740 9.79385e-06 2.25889e-05 3.55531 7.00376e-06 8.85333e-06 1.20268
741 9.09561e-06 2.20932e-05 3.47149 6.35103e-06 8.80863e-06 1.22074
742 9.23886e-06 2.19058e-05 3.46107 6.63337e-06 8.51393e-06 1.1576
743 9.29667e-06 2.1891e-05 3.40849 6.53742e-06 8.97876e-06 1.24107
744 8.96766e-06 2.28866e-05 3.61752 6.39289e-06 8.804e-06 1.20217
745 9.35286e-06 2.15608e-05 3.34743 6.44475e-06 8.77105e-06 1.20217
746 9.20499e-06 2.20597e-05 3.45367 6.24913e-06 9.16376e-06 1.26535
747 9.34978e-06 2.19757e-05 3.43559 6.44974e-06 9.10095e-06 1.23294
748 9.15366e-06 2.26005e-05 3.57934 6.53916e-06 8.70998e-06 1.20411
749 9.29994e-06 2.21774e-05 3.46577 6.54869e-06 8.9752e-06 1.21678
750 9.52023e-06 2.21555e-05 3.44838 6.80948e-06 8.76125e-06 1.18693
751 9.1035e-06 2.24755e-05 3.50476 6.59889e-06 8.90438e-06 1.22273
752 9.26213e-06 2.27099e-05 3.53416 6.63948e-06 8.91392e-06 1.20194
753 9.40985e-06 2.22328e-05 3.46712 6.50101e-06 8.77873e-06 1.20682
754 9.2032e-06 2.28761e-05 3.60557 6.65308e-06 9.16405e-06 1.27497
755 9.41547e-06 2.16743e-05 3.34594 6.53693e-06 8.7654e-06 1.1835
756 9.19716e-06 2.23744e-05 3.49297 6.45323e-06 8.87259e-06 1.19341
757 8.91804e-06 2.14745e-05 3.34153 6.29545e-06 8.64934e-06 1.18609
758 9.51856e-06 2.20896e-05 3.47318 6.82715e-06 8.73179e-06 1.18879
759 9.10803e-06 2.32173e-05 3.63726 6.52205e-06 8.77301e-06 1.19675
760 9.27939e-06 2.09208e-05 3.26105 6.51915e-06 8.60367e-06 1.17233
761 9.27742e-06 2.23611e-05 3.48447 6.60798e-06 8.81517e-06 1.20791
762 9.2834e-06 2.16885e-05 3.37805 6.50346e-06 8.804e-06 1.20102
763 9.31391e-06 2.28108e-05 3.53489 6.60182e-06 8.86751e-06 1.18578
764 9.50562e-06 2.14307e-05 3.31671 6.75736e-06 8.77417e-06 1.19876
765 9.27474e-06 2.19257e-05 3.39886 6.45445e-06 8.91419e-06 1.20391
766 9.3287e-06 2.23287e-05 3.50301 6.68718e-06 8.70442e-06 1.18953
767 9.32134e-06 2.14413e-05 3.31973 6.45156e-06 8.75797e-06 1.17096
768 9.06806e-06 2.15729e-05 3.33899 6.39956e-06 8.71651e-06 1.18301
769 9.38006e-06 2.29944e-05 3.58731 6.64353e-06 9.04034e-06 1.22618
770 9.14725e-06 2.27983e-05 3.57092 6.53953e-06 8.89402e-06 1.21559
771 9.17703e-06 2.20321e-05 3.42484 6.44038e-06 8.75727e-06 1.18237
772 9.29371e-06 2.21369e-05 3.43202 6.72176e-06 8.52735e-06 1.1508
773 9.10404e-06 2.21474e-05 3.45313 6.5547e-06 8.81587e-06 1.20517
774 9.37043e-06 2.22247e-05 3.43282 6.64797e-06 8.96061e-06 1.19128
775 9.23436e-06 2.19624e-05 3.38842 6.45734e-06 8.93875e-06 1.19665
776 9.43928e-06 2.19861e-05 3.404 6.6655e-06 8.67634e-06 1.15885
777 9.20206e-06 2.32759e-05 3.62893 6.63397e-06 8.9631e-06 1.2214
778 9.24037e-06 2.16381e-05 3.33897 6.46127e-06 8.78556e-06 1.16596
779 8.80215e-06 2.27592e-05 3.55304 6.21412e-06 9.05766e-06 1.23648
780 8.7288e-06 2.20771e-05 3.46349 6.21006e-06 8.83558e-06 1.22908
781 9.42119e-06 2.19123e-05 3.36913 6.53294e-06 8.60734e-06 1.15096
782 9.07275e-06 2.19997e-05 3.44113 6.44049e-06 8.74289e-06 1.18857
783 8.91843e-06 2.30559e-05 3.61291 6.47312e-06 9.08594e-06 1.22472
784 9.02904e-06 2.22069e-05 3.47473 6.22956e-06 8.86212e-06 1.18846
785 9.23625e-06 2.18236e-05 3.39248 6.51001e-06 8.64679e-06 1.16148
786 9.16846e-06 2.22477e-05 3.46271 6.38996e-06 8.95669e-06 1.20993
787 9.19168e-06 2.19056e-05 3.39405 6.45347e-06 8.81011e-06 1.18158
788 8.78449e-06 2.31445e-05 3.64202 6.23321e-06 9.14701e-06 1.25119
789 8.74364e-06 2.23377e-05 3.49355 6.38988e-06 8.93405e-06 1.22432
790 9.06011e-06 2.17853e-05 3.39985 6.44705e-06 8.87516e-06 1.2194
791 9.26156e-06 2.20718e-05 3.44519 6.48805e-06 8.82412e-06 1.19518
792 9.40627e-06 2.14663e-05 3.33117 6.51757e-06 8.57137e-06 1.16864
793 9.14006e-06 2.13852e-05 3.29628 6.46579e-06 8.72118e-06 1.17735
794 9.1979e-06 2.12519e-05 3.30062 6.34138e-06 8.70564e-06 1.1625
795 9.51154e-06 2.08559e-05 3.24386 6.50806e-06 8.649e-06 1.15789
796 8.94301e-06 2.19579e-05 3.41544 6.33503e-06 8.82372e-06 1.18669
797 9.22785e-06 2.19539e-05 3.44825 6.49566e-06 8.52189e-06 1.17372
798 9.18686e-06 2.28386e-05 3.54048 6.52799e-06 9.07217e-06 1.21213
799 9.11157e-06 2.19145e-05 3.4298 6.45504e-06 8.44013e-06 1.16517
800 9.11299e-06 2.25686e-05 3.52055 6.43136e-06 8.88572e-06 1.19234
801 9.24392e-06 2.21437e-05 3.42334 6.59136e-06 8.79774e-06 1.19311
802 8.892e-06 2.25535e-05 3.53534 6.31803e-06 8.91311e-06 1.22464
803 9.27023e-06 2.25576e-05 3.48147 6.49997e-06 9.00164e-06 1.20355
804 9.25046e-06 2.25611e-05 3.52814 6.66766e-06 8.98373e-06 1.22558
805 9.30584e-06 2.20042e-05 3.43261 6.52377e-06 8.67829e-06 1.14964
806 9.28056e-06 2.22308e-05 3.46118 6.49154e-06 8.81348e-06 1.19528
807 8.66846e-06 2.2614e-05 3.50262 6.15046e-06 8.84821e-06 1.18061
808 9.01783e-06 2.28932e-05 3.58637 6.35465e-06 8.86607e-06 1.19271
809 9.15927e-06 2.1178e-05 3.27397 6.50223e-06 8.47396e-06 1.14282
810 9.02512e-06 2.18324e-05 3.38184 6.19765e-06 8.65134e-06 1.16581
811 9.01886e-06 2.13679e-05 3.30486 6.41168e-06 8.50025e-06 1.14432
812 9.19392e-06 2.20575e-05 3.40379 6.33723e-06 8.7407e-06 1.14903
813 8.8989e-06 2.20204e-05 3.4501 6.18371e-06 8.78703e-06 1.20266
814 9.07758e-06 2.26491e-05 3.54899 6.40906e-06 8.74757e-06 1.16963
815 8.75317e-06 2.26656e-05 3.54705 6.07304e-06 8.97994e-06 1.21817
816 9.21799e-06 2.21043e-05 3.40999 6.37388e-06 8.76833e-06 1.17584
817 8.75146e-06 2.16057e-05 3.38283 6.24363e-06 8.47023e-06 1.13984
818 9.03253e-06 2.21842e-05 3.4309 6.36162e-06 8.86758e-06 1.19078
819 9.00949e-06 2.24432e-05 3.49091 6.36679e-06 8.95551e-06 1.20214
820 8.57539e-06 2.18816e-05 3.41131 5.8407e-06 8.94869e-06 1.25233
821 8.97814e-06 2.213e-05 3.41515 6.20063e-06 8.9336e-06 1.20962
822 8.8708e-06 2.15022e-05 3.31379 6.25713e-06 8.71903e-06 1.18327
823 8.81843e-06 2.13294e-05 3.2878 6.14148e-06 8.38088e-06 1.1454
824 9.28111e-06 2.25642e-05 3.47894 6.44002e-06 8.81812e-06 1.15659
825 9.28919e-06 2.17379e-05 3.34902 6.42954e-06 8.76209e-06 1.17454
826 9.32958e-06 2.15198e-05 3.30697 6.41384e-06 8.84152e-06 1.17721
827 9.1583e-06 2.15435e-05 3.33588 6.32796e-06 8.92655e-06 1.22301
828 9.00068e-06 2.13448e-05 3.29905 6.33526e-06 8.61444e-06 1.16053
829 8.80335e-06 2.16685e-05 3.36056 6.2274e-06 8.72504e-06 1.18292
830 9.47146e-06 2.19941e-05 3.3766 6.75192e-06 8.79142e-06 1.17434
831 9.03494e-06 2.24809e-05 3.46527 6.31648e-06 8.98271e-06 1.18915
832 9.07669e-06 2.24562e-05 3.49484 6.23214e-06 8.88797e-06 1.18396
833 8.63555e-06 2.23412e-05 3.47287 6.00315e-06 9.02012e-06 1.22366
834 9.07555e-06 2.25326e-05 3.50129 6.26513e-06 8.93525e-06 1.1868
835 9.32276e-06 2.13089e-05 3.30779 6.28628e-06 8.75388e-06 1.18283
836 8.90311e-06 2.20394e-05 3.4085 6.19203e-06 8.91642e-06 1.19679
837 8.84019e-06 2.24845e-05 3.51566 6.3182e-06 8.72846e-06 1.18777
838 8.91228e-06 2.22462e-05 3.4405 6.26298e-06 8.75094e-06 1.18131
839 9.03939e-06 2.21885e-05 3.44279 6.39799e-06 8.77236e-06 1.17669
840 8.99372e-06 2.21743e-05 3.44508 6.24889e-06 8.98628e-06 1.22398
841 8.98107e-06 2.23418e-05 3.51821 6.30259e-06 8.96063e-06 1.22404
842 9.05345e-06 2.15063e-05 3.31387 6.28792e-06 8.64907e-06 1.15373
843 8.94305e-06 2.21411e-05 3.4362 6.22992e-06 8.86708e-06 1.19742
844 9.1142e-06 2.18194e-05 3.37722 6.51468e-06 8.7875e-06 1.18866
845 8.97533e-06 2.26233e-05 3.52069 6.22655e-06 9.00551e-06 1.20112
846 9.01643e-06 2.28646e-05 3.5417 6.34157e-06 9.01764e-06 1.20235
847 8.83574e-06 2.30234e-05 3.62762 6.28187e-06 8.82552e-06 1.18548
848 9.15473e-06 2.14536e-05 3.32718 6.32198e-06 8.65735e-06 1.1526
849 8.87168e-06 2.21874e-05 3.4563 6.15188e-06 8.74575e-06 1.20042
850 8.77069e-06 2.26402e-05 3.52834 6.20395e-06 9.04515e-06 1.22499
851 9.16459e-06 2.24475e-05 3.47739 6.49243e-06 8.78292e-06 1.17039
852 9.07443e-06 2.25164e-05 3.48427 6.37136e-06 8.82812e-06 1.17408
853 8.83256e-06 2.27047e-05 3.52115 6.15406e-06 9.08041e-06 1.23553
854 8.99972e-06 2.18833e-05 3.3742 6.1474e-06 9.02313e-06 1.2001
855 9.04803e-06 2.31408e-05 3.59082 6.41552e-06 9.05857e-06 1.20684
856 8.98676e-06 2.25024e-05 3.49955 6.39867e-06 8.8334e-06 1.19335
857 8.90207e-06 2.21568e-05 3.40843 6.20499e-06 9.02434e-06 1.21805
858 8.6923e-06 2.19589e-05 3.38319 6.00531e-06 8.96878e-06 1.20673
859 8.80414e-06 2.12605e-05 3.29076 6.02764e-06 8.72477e-06 1.18098
860 8.73791e-06 2.23036e-05 3.4628 6.12713e-06 9.09787e-06 1.23269
861 8.72706e-06 2.26876e-05 3.54502 5.98767e-06 8.88142e-06 1.20788
862 8.78211e-06 2.12255e-05 3.24813 6.22247e-06 8.67176e-06 1.15679
863 8.987e-06 2.26183e-05 3.51763 6.2873e-06 8.68176e-06 1.15374
864 8.84357e-06 2.22838e-05 3.45759 6.13351e-06 8.67017e-06 1.15136
865 9.00981e-06 2.29034e-05 3.579 6.46392e-06 8.92837e-06 1.19809
866 8.70679e-06 2.24821e-05 3.49346 6.17148e-06 8.86463e-06 1.1857
867 8.82019e-06 2.26372e-05 3.49003 6.1719e-06 8.91328e-06 1.21125
868 8.99137e-06 2.21438e-05 3.47351 6.17032e-06 8.62682e-06 1.16306
869 9.10241e-06 2.2352e-05 3.44761 6.27388e-06 8.81661e-06 1.17493
870 9.04141e-06 2.18126e-05 3.347 6.25904e-06 8.63592e-06 1.12829
871 8.82868e-06 2.24636e-05 3.47199 6.15766e-06 8.78291e-06 1.16712
872 8.79496e-06 2.23547e-05 3.48372 6.15964e-06 8.82784e-06 1.19728
873 8.85202e-06 2.11333e-05 3.22829 6.1921e-06 8.73744e-06 1.16606
874 9.24686e-06 2.14449e-05 3.29411 6.331e-06 8.5646e-06 1.13488
875 8.71103e-06 2.17682e-05 3.33154 6.03989e-06 8.70528e-06 1.16142
876 8.64084e-06 2.22029e-05 3.4378 6.13373e-06 8.88229e-06 1.19448
877 8.76372e-06 2.17432e-05 3.39547 6.09981e-06 8.60168e-06 1.16286
878 8.8542e-06 2.30123e-05 3.55006 6.36326e-06 8.85927e-06 1.18187
879 8.9095e-06 2.2209e-05 3.44975 6.27381e-06 8.79222e-06 1.1822
880 8.97283e-06 2.28709e-05 3.53652 6.29528e-06 8.77851e-06 1.169
881 8.86365e-06 2.22988e-05 3.45744 6.07909e-06 8.94075e-06 1.21836
882 8.51849e-06 2.15298e-05 3.31752 5.97448e-06 8.88025e-06 1.19862
883 9.17013e-06 2.22999e-05 3.45927 6.49753e-06 8.72491e-06 1.1618
884 8.6891e-06 2.3313e-05 3.64551 6.21581e-06 8.93988e-06 1.19317
885 8.6537e-06 2.20917e-05 3.41988 6.07837e-06 8.80909e-06 1.18825
886 8.84738e-06 2.20529e-05 3.41228 6.19024e-06 8.77133e-06 1.15836
887 8.87324e-06 2.13088e-05 3.29902 6.07418e-06 8.67205e-06 1.15268
888 8.86249e-06 2.26881e-05 3.52131 6.2481e-06 8.7466e-06 1.17125
889 9.18159e-06 2.2163e-05 3.41843 6.40597e-06 8.70397e-06 1.15564
890 8.90598e-06 2.29263e-05 3.54885 6.24823e-06 8.86586e-06 1.17175
891 8.79676e-06 2.24495e-05 3.49325 6.20959e-06 8.72082e-06 1.16031
892 8.32675e-06 2.25726e-05 3.49021 5.74676e-06 9.00031e-06 1.19829
893 9.08087e-06 2.18064e-05 3.37177 6.23607e-06 8.82716e-06 1.18336
894 8.56748e-06 2.20995e-05 3.43482 5.92216e-06 9.10909e-06 1.24746
895 9.01102e-06 2.14481e-05 3.27593 6.12485e-06 8.81774e-06 1.17057
896 8.91258e-06 2.20531e-05 3.42043 6.21059e-06 9.07699e-06 1.23351
897 9.07704e-06 2.30169e-05 3.57997 6.43169e-06 8.75038e-06 1.16767
898 8.78211e-06 2.20422e-05 3.40954 6.07984e-06 8.91541e-06 1.19699
899 8.93899e-06 2.24223e-05 3.45348 6.28647e-06 8.65214e-06 1.14252
900 8.60124e-06 2.27744e-05 3.51799 6.14613e-06 8.94859e-06 1.20521
901 8.77801e-06 2.18517e-05 3.38125 6.10322e-06 8.74885e-06 1.16872
902 8.97263e-06 2.25388e-05 3.45877 6.25996e-06 8.73755e-06 1.15314
903 8.75187e-06 2.34896e-05 3.6532 6.24119e-06 8.85505e-06 1.18126
904 9.0694e-06 2.20553e-05 3.37092 6.37511e-06 8.84805e-06 1.16266
905 8.43211e-06 2.24886e-05 3.47779 5.94474e-06 8.83505e-06 1.16568
906 8.80111e-06 2.21041e-05 3.40704 6.23688e-06 8.73129e-06 1.17434
907 8.9826e-06 2.19955e-05 3.4131 6.22516e-06 8.76476e-06 1.15726
908 8.67619e-06 2.18917e-05 3.37461 6.13391e-06 8.6154e-06 1.15104
909 8.88487e-06 2.18318e-05 3.35317 6.13113e-06 8.93643e-06 1.20679
910 8.78235e-06 2.27009e-05 3.52393 6.23162e-06 8.7978e-06 1.17939
911 8.86624e-06 2.20744e-05 3.4197 5.93329e-06 8.85878e-06 1.19753
912 9.05024e-06 2.19148e-05 3.41067 6.12498e-06 8.64898e-06 1.15586
913 8.89714e-06 2.18252e-05 3.34695 6.16735e-06 8.50195e-06 1.13095
914 8.45635e-06 2.19499e-05 3.40677 5.86945e-06 8.81604e-06 1.18945
915 8.80826e-06 2.27106e-05 3.49591 6.18584e-06 9.04246e-06 1.19762
916 8.80537e-06 2.25086e-05 3.4952 6.00577e-06 8.82061e-06 1.17924
917 9.05065e-06 2.2007e-05 3.3527 6.17093e-06 8.92016e-06 1.16215
918 8.8578e-06 2.17605e-05 3.33429 6.25712e-06 8.72141e-06 1.14925
919 8.85994e-06 2.12836e-05 3.29158 5.98667e-06 8.62631e-06 1.15022
920 8.88183e-06 2.22427e-05 3.44321 6.23131e-06 8.69228e-06 1.14182
921 8.67509e-06 2.26868e-05 3.47812 6.23112e-06 8.84976e-06 1.16832
922 8.39603e-06 2.27224e-05 3.53417 5.79091e-06 8.84456e-06 1.19658
923 8.56979e-06 2.27675e-05 3.51687 6.0665e-06 9.00358e-06 1.20435
924 8.98452e-06 2.25631e-05 3.47846 6.07151e-06 8.97625e-06 1.19277
925 8.39083e-06 2.20953e-05 3.42487 5.86614e-06 8.99301e-06 1.21143
926 8.8366e-06 2.20594e-05 3.38754 6.20982e-06 8.70234e-06 1.16469
927 9.0796e-06 2.25968e-05 3.44272 6.17665e-06 9.05798e-06 1.1822
928 8.91934e-06 2.3309e-05 3.60779 6.31266e-06 8.85443e-06 1.18556
929 8.5331e-06 2.24374e-05 3.46963 5.88084e-06 8.91127e-06 1.19355
930 8.96478e-06 2.19822e-05 3.36524 6.221e-06 8.76477e-06 1.15784
931 8.70709e-06 2.19949e-05 3.39776 6.11179e-06 8.9695e-06 1.20279
932 8.91873e-06 2.24487e-05 3.43278 6.18927e-06 8.82569e-06 1.1682
933 8.79563e-06 2.28737e-05 3.57108 6.29927e-06 8.84334e-06 1.18098
934 9.13045e-06 2.12088e-05 3.2503 6.29434e-06 8.54741e-06 1.13135
935 8.50163e-06 2.25077e-05 3.50145 5.95137e-06 8.79718e-06 1.18178
936 8.6199e-06 2.2086e-05 3.41134 6.13636e-06 8.5791e-06 1.14043
937 8.86624e-06 2.18279e-05 3.3615 6.1977e-06 8.70089e-06 1.16552
938 8.56701e-06 2.24178e-05 3.45271 6.04874e-06 8.7705e-06 1.15239
939 8.55793e-06 2.18903e-05 3.35774 5.94934e-06 8.77076e-06 1.1614
940 8.53938e-06 2.21992e-05 3.39566 5.84929e-06 8.96496e-06 1.20192
941 8.98558e-06 2.24476e-05 3.45144 6.36305e-06 8.73532e-06 1.14454
942 8.63598e-06 2.35883e-05 3.65978 6.08324e-06 8.93266e-06 1.18076
943 8.19064e-06 2.22306e-05 3.45271 5.67593e-06 8.98149e-06 1.21299
944 8.85216e-06 2.23749e-05 3.46538 6.20515e-06 8.56618e-06 1.14584
945 8.87805e-06 2.15652e-05 3.30443 6.08291e-06 8.67989e-06 1.14962
946 8.48468e-06 2.34317e-05 3.64001 6.04494e-06 8.91094e-06 1.17934
947 8.81268e-06 2.15921e-05 3.30525 6.2256e-06 8.57268e-06 1.13268
948 8.64554e-06 2.22321e-05 3.41914 5.97235e-06 8.95615e-06 1.17503
949 8.88868e-06 2.27257e-05 3.51305 6.17198e-06 8.83158e-06 1.16708
950 8.5216e-06 2.22566e-05 3.43858 5.94396e-06 8.62805e-06 1.13505
951 8.90732e-06 2.22482e-05 3.39265 6.1807e-06 8.94928e-06 1.16891
952 8.38508e-06 2.2671e-05 3.47611 5.92128e-06 8.93845e-06 1.19236
953 8.50879e-06 2.27968e-05 3.5382 5.98139e-06 8.96707e-06 1.18954
954 8.51131e-06 2.34748e-05 3.668 6.13028e-06 8.82724e-06 1.18006
955 8.50394e-06 2.25174e-05 3.50277 5.93916e-06 8.7615e-06 1.17147
956 8.25956e-06 2.24677e-05 3.47111 5.75737e-06 9.01e-06 1.22294
957 8.15116e-06 2.31559e-05 3.59677 5.7238e-06 9.16258e-06 1.24865
958 8.49276e-06 2.18847e-05 3.35008 5.93019e-06 8.76064e-06 1.16469
959 8.93126e-06 2.28886e-05 3.53384 6.22517e-06 8.9165e-06 1.17063
960 8.80141e-06 2.23468e-05 3.46833 6.04799e-06 8.86541e-06 1.1719
961 8.71061e-06 2.2587e-05 3.48412 6.03125e-06 8.84154e-06 1.1588
962 8.53439e-06 2.26587e-05 3.52277 5.836e-06 8.86327e-06 1.18562
963 8.62581e-06 2.34577e-05 3.67016 6.0806e-06 8.97932e-06 1.20984
964 8.83777e-06 2.27127e-05 3.5139 6.27175e-06 8.79489e-06 1.1707
965 8.47406e-06 2.26276e-05 3.48682 5.97606e-06 8.80321e-06 1.17911
966 8.67484e-06 2.19198e-05 3.37035 6.03279e-06 8.84269e-06 1.18038
967 8.74873e-06 2.21537e-05 3.42364 6.00709e-06 8.76192e-06 1.15695
968 8.46241e-06 2.18453e-05 3.35678 5.67379e-06 8.9339e-06 1.21149
969 8.55763e-06 2.15266e-05 3.31377 5.89259e-06 8.71827e-06 1.17641
970 8.72674e-06 2.28264e-05 3.51582 6.12895e-06 8.74697e-06 1.14547
971 8.77241e-06 2.23598e-05 3.4244 6.0255e-06 8.77703e-06 1.14125
972 8.76774e-06 2.24151e-05 3.44536 6.28519e-06 8.81391e-06 1.17445
973 8.65722e-06 2.24493e-05 3.44749 6.13159e-06 8.84524e-06 1.16678
974 8.57012e-06 2.28483e-05 3.51538 6.10915e-06 8.70836e-06 1.12534
975 8.8136e-06 2.25745e-05 3.47235 6.01845e-06 8.99333e-06 1.17312
976 8.49636e-06 2.24987e-05 3.41445 5.8744e-06 8.86863e-06 1.16004
977 8.79694e-06 2.19447e-05 3.34891 5.98636e-06 8.92502e-06 1.16924
978 8.54578e-06 2.30994e-05 3.57919 6.02543e-06 8.64783e-06 1.13754
979 8.54569e-06 2.33032e-05 3.61576 5.7899e-06 9.01308e-06 1.19463
980 8.57533e-06 2.23738e-05 3.47432 6.06265e-06 8.59862e-06 1.12926
981 8.61759e-06 2.28856e-05 3.53497 6.05562e-06 8.89935e-06 1.17013
982 8.66566e-06 2.25401e-05 3.4663 6.23767e-06 8.98658e-06 1.17308
983 8.7353e-06 2.17927e-05 3.35959 5.91412e-06 8.72763e-06 1.15189
984 8.67637e-06 2.15706e-05 3.29482 6.04894e-06 8.63596e-06 1.13205
985 8.54593e-06 2.19161e-05 3.37602 6.00651e-06 8.74766e-06 1.16454
986 8.47681e-06 2.18187e-05 3.34624 5.79662e-06 8.89625e-06 1.17767
987 8.90593e-06 2.26874e-05 3.51689 6.10045e-06 8.94985e-06 1.17424
988 8.51459e-06 2.25667e-05 3.4848 5.85032e-06 8.82122e-06 1.17352
989 8.63383e-06 2.22471e-05 3.42684 5.99024e-06 8.71334e-06 1.15385
990 8.46299e-06 2.28767e-05 3.53673 5.95047e-06 8.85175e-06 1.18225
991 8.81593e-06 2.24172e-05 3.46542 6.0477e-06 8.80638e-06 1.16538
992 8.61272e-06 2.31927e-05 3.58465 5.87893e-06 8.98704e-06 1.19307
993 8.623e-06 2.10803e-05 3.21976 5.91344e-06 8.48255e-06 1.1141
994 8.70137e-06 2.23272e-05 3.41596 5.94398e-06 8.9298e-06 1.16487
995 8.67405e-06 2.22349e-05 3.39905 6.12636e-06 8.87153e-06 1.15642
996 8.78103e-06 2.25164e-05 3.44095 6.27178e-06 8.97598e-06 1.17894
997 8.67586e-06 2.19522e-05 3.3587 5.83723e-06 8.89884e-06 1.17585
998 8.58795e-06 2.24854e-05 3.4438 5.90655e-06 8.78257e-06 1.15426
999 8.92997e-06 2.25965e-05 3.48676 6.0804e-06 8.73416e-06 1.1352
1000 8.75754e-06 2.31022e-05 3.55479 6.20544e-06 9.02468e-06 1.19491
