# ../optics --mode=conv_modified_vs_classical --conv-start=10 --conv-end=1000 --values-start=0.5 --values-end=1 --repetitions=1000 --xsigma=9 --output-file=comparison_1000_32_1000_xsigma9.txt --multiplier=32 ldata.txt
10 8.59675e-05 7.43657e-05 14.4641 5.72309e-05 4.25834e-05 8.69724
11 7.87585e-05 7.12222e-05 13.2914 5.52964e-05 3.84372e-05 7.70242
12 7.64946e-05 7.35738e-05 12.7633 4.95366e-05 3.71206e-05 7.40575
13 6.2606e-05 6.10714e-05 11.5585 4.52164e-05 3.58831e-05 7.0745
14 6.29781e-05 6.08398e-05 11.38 4.35606e-05 3.41444e-05 6.73939
15 5.64542e-05 5.61748e-05 10.4141 4.21865e-05 3.1337e-05 6.26874
16 5.66644e-05 5.57553e-05 10.4671 4.36962e-05 2.99404e-05 6.13544
17 5.41621e-05 5.32291e-05 9.92612 4.01901e-05 2.84975e-05 5.68264
18 4.67491e-05 5.18734e-05 9.33531 3.64743e-05 2.89669e-05 5.44954
19 4.79756e-05 5.18634e-05 9.37215 3.70673e-05 2.78593e-05 5.38593
20 4.51879e-05 5.05236e-05 9.33125 3.66609e-05 2.72075e-05 5.34786
21 4.49833e-05 4.70966e-05 8.78065 3.51007e-05 2.57279e-05 5.12447
22 4.31127e-05 4.78939e-05 8.69084 3.38105e-05 2.52266e-05 4.97429
23 4.10022e-05 4.55793e-05 8.39289 3.31336e-05 2.41036e-05 4.81043
24 4.05831e-05 4.58576e-05 8.34879 3.37808e-05 2.40559e-05 4.73295
25 3.77148e-05 4.70704e-05 8.43445 3.04339e-05 2.40742e-05 4.62711
26 4.00152e-05 4.2148e-05 7.97091 3.26593e-05 2.34898e-05 4.75829
27 3.6565e-05 4.60159e-05 8.34029 2.9879e-05 2.3715e-05 4.59192
28 3.62051e-05 4.45516e-05 8.10301 3.00859e-05 2.36543e-05 4.55439
29 3.58498e-05 4.36351e-05 7.80144 2.92455e-05 2.27502e-05 4.26688
30 3.48553e-05 4.28913e-05 7.5617 2.79606e-05 2.24681e-05 4.21258
31 3.43273e-05 4.09205e-05 7.56637 2.7604e-05 2.15932e-05 4.26906
32 3.4146e-05 3.93255e-05 7.1051 2.84029e-05 2.05128e-05 4.01663
33 3.36958e-05 3.99235e-05 7.21668 2.781e-05 2.02155e-05 3.98512
34 3.46467e-05 4.23543e-05 7.7677 2.84365e-05 2.18952e-05 4.16887
35 3.27378e-05 3.9736e-05 7.15036 2.60548e-05 2.04704e-05 3.96346
36 3.25005e-05 3.86312e-05 7.00857 2.57978e-05 1.96869e-05 3.77475
37 3.08647e-05 4.007e-05 7.21971 2.48676e-05 2.04479e-05 3.87144
38 3.20384e-05 3.8542e-05 7.05345 2.51722e-05 1.99336e-05 3.83049
39 3.02234e-05 3.93355e-05 7.03474 2.48349e-05 1.92581e-05 3.6669
40 3.01464e-05 3.94867e-05 7.11807 2.47854e-05 1.97686e-05 3.81043
41 2.92035e-05 3.73728e-05 6.7583 2.43016e-05 1.82349e-05 3.55634
42 2.91653e-05 3.94802e-05 7.04096 2.3617e-05 1.90844e-05 3.61903
43 2.82164e-05 3.82286e-05 6.8317 2.30588e-05 1.88205e-05 3.52283
44 2.84316e-05 3.73009e-05 6.67778 2.3904e-05 1.8022e-05 3.44713
45 2.80276e-05 3.52652e-05 6.38878 2.30341e-05 1.74699e-05 3.32747
46 2.80846e-05 3.70909e-05 6.64066 2.30285e-05 1.83565e-05 3.47123
47 2.89364e-05 3.91301e-05 6.91337 2.32727e-05 1.85426e-05 3.48123
48 2.80676e-05 3.48227e-05 6.29709 2.29991e-05 1.79294e-05 3.3685
49 2.79203e-05 3.73953e-05 6.69995 2.20498e-05 1.80086e-05 3.4328
50 2.96366e-05 3.6179e-05 6.46422 2.42122e-05 1.80668e-05 3.4362
51 2.70969e-05 3.49231e-05 6.32469 2.24111e-05 1.75808e-05 3.42709
52 2.609e-05 3.35577e-05 6.00154 2.13158e-05 1.60858e-05 3.03821
53 2.56056e-05 3.36942e-05 6.04102 2.14321e-05 1.62339e-05 3.12545
54 2.6514e-05 3.39914e-05 6.14877 2.1659e-05 1.66442e-05 3.16351
55 2.62627e-05 3.42097e-05 6.06907 2.19557e-05 1.617e-05 3.06783
56 2.52181e-05 3.50578e-05 6.24956 2.09849e-05 1.64981e-05 3.16758
57 2.48852e-05 3.16455e-05 5.80301 2.06372e-05 1.50288e-05 2.86578
58 2.4794e-05 3.40933e-05 6.07546 1.98076e-05 1.70524e-05 3.11082
59 2.55872e-05 3.46683e-05 6.16187 2.01537e-05 1.62468e-05 3.0253
60 2.49458e-05 3.12932e-05 5.64886 2.06167e-05 1.51207e-05 2.85605
61 2.46632e-05 3.39418e-05 6.01924 1.97143e-05 1.54084e-05 2.88762
62 2.44308e-05 3.35861e-05 5.90199 2.02424e-05 1.56405e-05 2.88309
63 2.42061e-05 3.28722e-05 5.87504 1.93994e-05 1.50846e-05 2.8601
64 2.37623e-05 3.1786e-05 5.72173 1.9671e-05 1.51912e-05 2.89733
65 2.47514e-05 3.20697e-05 5.85888 2.00716e-05 1.59253e-05 2.96409
66 2.34501e-05 3.17197e-05 5.66415 1.96729e-05 1.4934e-05 2.8754
67 2.34722e-05 3.08979e-05 5.51378 1.95271e-05 1.47133e-05 2.78968
68 2.25003e-05 3.32701e-05 5.86348 1.82284e-05 1.52682e-05 2.84817
69 2.24822e-05 3.27268e-05 5.79468 1.8909e-05 1.52539e-05 2.84883
70 2.39557e-05 3.43176e-05 6.1601 1.90989e-05 1.56093e-05 2.91967
71 2.25797e-05 3.21823e-05 5.77684 1.83607e-05 1.49061e-05 2.80256
72 2.22952e-05 3.12496e-05 5.56765 1.81316e-05 1.46815e-05 2.73468
73 2.2572e-05 3.09509e-05 5.55171 1.84098e-05 1.43834e-05 2.65039
74 2.13793e-05 3.14944e-05 5.56123 1.7625e-05 1.49888e-05 2.71656
75 2.32834e-05 3.11343e-05 5.56438 1.86585e-05 1.47071e-05 2.73129
76 2.28189e-05 3.08376e-05 5.52919 1.85388e-05 1.43516e-05 2.68593
77 2.21312e-05 3.33958e-05 5.95969 1.81688e-05 1.48327e-05 2.75909
78 2.14988e-05 3.09971e-05 5.47888 1.76677e-05 1.48853e-05 2.74559
79 2.142e-05 3.09893e-05 5.49254 1.72646e-05 1.44429e-05 2.60946
80 2.26056e-05 3.16837e-05 5.5826 1.77219e-05 1.45067e-05 2.66589
81 2.26172e-05 3.05515e-05 5.46032 1.80261e-05 1.38142e-05 2.49535
82 2.23407e-05 3.10566e-05 5.43404 1.77826e-05 1.45607e-05 2.66062
83 2.12713e-05 3.01657e-05 5.41631 1.71052e-05 1.42165e-05 2.59737
84 2.04594e-05 2.88368e-05 5.13365 1.68448e-05 1.35574e-05 2.47763
85 2.13396e-05 3.09476e-05 5.4661 1.71103e-05 1.39161e-05 2.48142
86 2.07625e-05 3.0421e-05 5.30792 1.68976e-05 1.37278e-05 2.39722
87 2.02036e-05 2.88251e-05 5.07125 1.63254e-05 1.34265e-05 2.48258
88 2.03501e-05 3.02615e-05 5.39028 1.63603e-05 1.37837e-05 2.53219
89 1.98956e-05 2.9766e-05 5.19828 1.61205e-05 1.357e-05 2.50267
90 1.99846e-05 3.1839e-05 5.6022 1.60363e-05 1.41297e-05 2.5421
91 1.95177e-05 2.87186e-05 5.02732 1.59502e-05 1.35076e-05 2.4097
92 2.15653e-05 2.95909e-05 5.25921 1.70738e-05 1.32587e-05 2.4294
93 1.98351e-05 2.90593e-05 5.12401 1.6264e-05 1.3655e-05 2.49333
94 1.95939e-05 3.0369e-05 5.3987 1.62435e-05 1.32662e-05 2.41784
95 2.02024e-05 3.05287e-05 5.36767 1.60822e-05 1.35743e-05 2.3933
96 1.87814e-05 2.96743e-05 5.16814 1.54835e-05 1.34811e-05 2.38786
97 1.94937e-05 2.92115e-05 5.18138 1.54101e-05 1.31609e-05 2.36354
98 1.94782e-05 2.78485e-05 4.95628 1.59532e-05 1.29071e-05 2.33871
99 2.01063e-05 2.8968e-05 5.09315 1.64382e-05 1.2933e-05 2.37398
100 1.84425e-05 2.99806e-05 5.24088 1.50005e-05 1.36084e-05 2.42491
101 1.83819e-05 2.88898e-05 5.02432 1.47303e-05 1.34349e-05 2.36648
102 1.92687e-05 2.81298e-05 4.97288 1.53808e-05 1.25955e-05 2.32171
103 1.9124e-05 2.87015e-05 5.05491 1.53747e-05 1.2915e-05 2.33696
104 1.87058e-05 2.92038e-05 5.11629 1.53659e-05 1.30212e-05 2.31871
105 1.97018e-05 2.87919e-05 4.99821 1.59739e-05 1.28986e-05 2.26302
106 1.89114e-05 2.73003e-05 4.81929 1.49784e-05 1.27554e-05 2.28741
107 1.83582e-05 2.92728e-05 5.09972 1.49661e-05 1.30353e-05 2.32984
108 1.87794e-05 2.61222e-05 4.65855 1.49801e-05 1.21011e-05 2.24743
109 1.92832e-05 2.72634e-05 4.7563 1.56594e-05 1.24291e-05 2.22114
110 1.91151e-05 2.80751e-05 4.91469 1.52987e-05 1.25406e-05 2.23397
111 1.75266e-05 2.78568e-05 4.8989 1.42456e-05 1.27259e-05 2.2444
112 1.90846e-05 2.94722e-05 5.07242 1.52874e-05 1.23497e-05 2.20951
113 1.92594e-05 2.89318e-05 5.10013 1.50512e-05 1.24558e-05 2.20899
114 1.86505e-05 2.87827e-05 5.06378 1.46772e-05 1.32015e-05 2.34781
115 1.78802e-05 2.79014e-05 4.83451 1.47474e-05 1.23412e-05 2.18354
116 1.83145e-05 2.77436e-05 4.83987 1.49986e-05 1.21619e-05 2.18141
117 1.81632e-05 2.80277e-05 4.85825 1.43874e-05 1.29481e-05 2.23482
118 1.72867e-05 2.73393e-05 4.80126 1.4135e-05 1.19535e-05 2.14686
119 1.81137e-05 2.72278e-05 4.70274 1.47651e-05 1.24004e-05 2.1731
120 1.69648e-05 2.65323e-05 4.63284 1.3607e-05 1.21511e-05 2.10235
121 1.74751e-05 2.69438e-05 4.66074 1.44224e-05 1.18529e-05 2.12279
122 1.72946e-05 2.7121e-05 4.76617 1.43534e-05 1.26282e-05 2.2338
123 1.71309e-05 2.73239e-05 4.85072 1.37453e-05 1.22577e-05 2.21225
124 1.83871e-05 2.71643e-05 4.7798 1.45811e-05 1.21872e-05 2.15673
125 1.74758e-05 2.68986e-05 4.70228 1.40724e-05 1.23118e-05 2.18209
126 1.71794e-05 2.73065e-05 4.74413 1.41271e-05 1.21797e-05 2.13986
127 1.83807e-05 2.64894e-05 4.64379 1.41881e-05 1.16436e-05 2.05744
128 1.68897e-05 2.80768e-05 4.87844 1.39257e-05 1.17379e-05 2.08272
129 1.74259e-05 2.56005e-05 4.47261 1.3767e-05 1.16079e-05 2.02833
130 1.68977e-05 2.90179e-05 5.00188 1.39897e-05 1.2295e-05 2.17147
131 1.6588e-05 2.61306e-05 4.61005 1.34091e-05 1.13457e-05 2.04401
132 1.69758e-05 2.70026e-05 4.65391 1.36963e-05 1.15899e-05 2.0488
133 1.69441e-05 2.57341e-05 4.49434 1.32445e-05 1.19674e-05 2.12901
134 1.75263e-05 2.54861e-05 4.4357 1.39431e-05 1.1539e-05 2.04541
135 1.63808e-05 2.50882e-05 4.42573 1.32584e-05 1.1159e-05 1.96965
136 1.67079e-05 2.57375e-05 4.4718 1.32738e-05 1.16263e-05 2.01561
137 1.70913e-05 2.62743e-05 4.58621 1.34764e-05 1.13767e-05 1.95036
138 1.69458e-05 2.60717e-05 4.59616 1.32742e-05 1.1336e-05 2.00698
139 1.66556e-05 2.60234e-05 4.4972 1.32147e-05 1.16991e-05 2.03676
140 1.65387e-05 2.75484e-05 4.82693 1.3201e-05 1.17883e-05 2.05088
141 1.63044e-05 2.69213e-05 4.7026 1.27822e-05 1.20807e-05 2.06557
142 1.70191e-05 2.68302e-05 4.68126 1.36034e-05 1.15489e-05 2.00738
143 1.606e-05 2.56834e-05 4.47201 1.27342e-05 1.14707e-05 1.99753
144 1.69103e-05 2.78703e-05 4.92176 1.34603e-05 1.16726e-05 2.05436
145 1.67351e-05 2.51087e-05 4.42636 1.2874e-05 1.11745e-05 1.92233
146 1.55337e-05 2.53773e-05 4.2945 1.24536e-05 1.10844e-05 1.87428
147 1.661e-05 2.56229e-05 4.42893 1.35039e-05 1.1039e-05 1.93929
148 1.63329e-05 2.65075e-05 4.61031 1.24597e-05 1.19165e-05 2.0713
149 1.57144e-05 2.57816e-05 4.43001 1.24616e-05 1.13977e-05 1.93435
150 1.54759e-05 2.6987e-05 4.64447 1.23055e-05 1.18544e-05 2.00216
151 1.62681e-05 2.58524e-05 4.51623 1.29203e-05 1.14597e-05 2.00629
152 1.59744e-05 2.54362e-05 4.44258 1.24847e-05 1.12833e-05 1.96399
153 1.64665e-05 2.59509e-05 4.56744 1.28505e-05 1.11579e-05 1.95904
154 1.53824e-05 2.55909e-05 4.36934 1.2444e-05 1.15286e-05 1.99614
155 1.63233e-05 2.49665e-05 4.31484 1.28402e-05 1.11782e-05 1.89978
156 1.59279e-05 2.64534e-05 4.55692 1.24652e-05 1.15552e-05 1.96792
157 1.5676e-05 2.55742e-05 4.44156 1.22004e-05 1.14236e-05 1.95429
158 1.50445e-05 2.64279e-05 4.53076 1.21305e-05 1.1455e-05 1.95784
159 1.596e-05 2.53395e-05 4.36523 1.23729e-05 1.119e-05 1.91734
160 1.57747e-05 2.66728e-05 4.5907 1.24924e-05 1.11786e-05 1.916
161 1.55185e-05 2.6559e-05 4.58393 1.23387e-05 1.12079e-05 1.87194
162 1.58003e-05 2.46387e-05 4.21517 1.23109e-05 1.12184e-05 1.91826
163 1.49644e-05 2.58845e-05 4.48846 1.22889e-05 1.14021e-05 1.96825
164 1.57331e-05 2.54927e-05 4.34327 1.22803e-05 1.08752e-05 1.86545
165 1.60441e-05 2.47821e-05 4.25541 1.28296e-05 1.11135e-05 1.9054
166 1.58033e-05 2.46064e-05 4.20645 1.24916e-05 1.09913e-05 1.84188
167 1.55247e-05 2.52159e-05 4.35982 1.21563e-05 1.10192e-05 1.89938
168 1.60332e-05 2.49547e-05 4.33665 1.26567e-05 1.11296e-05 1.98158
169 1.55649e-05 2.45997e-05 4.24961 1.21881e-05 1.10691e-05 1.86106
170 1.57586e-05 2.45462e-05 4.24979 1.23921e-05 1.08706e-05 1.88164
171 1.46566e-05 2.59773e-05 4.39579 1.18926e-05 1.13453e-05 1.90851
172 1.55521e-05 2.51443e-05 4.29645 1.19938e-05 1.06653e-05 1.79611
173 1.52734e-05 2.62609e-05 4.53586 1.16955e-05 1.07043e-05 1.81705
174 1.57045e-05 2.4128e-05 4.15174 1.25035e-05 1.07337e-05 1.82187
175 1.52321e-05 2.48011e-05 4.26058 1.19495e-05 1.0697e-05 1.80608
176 1.48241e-05 2.49324e-05 4.31523 1.16899e-05 1.07748e-05 1.8628
177 1.47671e-05 2.6243e-05 4.48193 1.18484e-05 1.10301e-05 1.86646
178 1.50004e-05 2.60718e-05 4.43695 1.21865e-05 1.10851e-05 1.86434
179 1.47101e-05 2.56094e-05 4.36982 1.15804e-05 1.05298e-05 1.7898
180 1.49316e-05 2.48894e-05 4.31344 1.15736e-05 1.07118e-05 1.79722
181 1.44901e-05 2.46644e-05 4.21701 1.15205e-05 1.07698e-05 1.81189
182 1.47987e-05 2.49422e-05 4.30282 1.17299e-05 1.05161e-05 1.82351
183 1.46436e-05 2.59554e-05 4.39395 1.17241e-05 1.11602e-05 1.86138
184 1.49027e-05 2.5136e-05 4.29933 1.1709e-05 1.07285e-05 1.77409
185 1.54087e-05 2.43741e-05 4.16503 1.21213e-05 1.09158e-05 1.78803
186 1.45819e-05 2.43842e-05 4.17312 1.13856e-05 1.06599e-05 1.77831
187 1.45987e-05 2.4789e-05 4.28704 1.14523e-05 1.06338e-05 1.8022
188 1.46109e-05 2.62514e-05 4.51232 1.14838e-05 1.07727e-05 1.82086
189 1.43519e-05 2.4154e-05 4.20244 1.12481e-05 1.08525e-05 1.82268
190 1.51557e-05 2.57137e-05 4.40108 1.17478e-05 1.06104e-05 1.78472
191 1.50845e-05 2.53598e-05 4.33238 1.15403e-05 1.115e-05 1.83788
192 1.45715e-05 2.60715e-05 4.42032 1.14087e-05 1.12424e-05 1.8419
193 1.51238e-05 2.50026e-05 4.30214 1.1702e-05 1.05263e-05 1.79559
194 1.50426e-05 2.5509e-05 4.38289 1.16212e-05 1.07725e-05 1.79366
195 1.44868e-05 2.47612e-05 4.24941 1.13961e-05 1.04263e-05 1.74423
196 1.4064e-05 2.46885e-05 4.22797 1.11266e-05 1.10201e-05 1.83399
197 1.40185e-05 2.49241e-05 4.24241 1.06989e-05 1.05754e-05 1.75251
198 1.49778e-05 2.59815e-05 4.4322 1.18441e-05 1.04724e-05 1.74085
199 1.38159e-05 2.57889e-05 4.45865 1.11211e-05 1.05466e-05 1.80339
200 1.49005e-05 2.45672e-05 4.23451 1.15418e-05 1.02724e-05 1.71026
201 1.45587e-05 2.4462e-05 4.19198 1.13562e-05 1.03124e-05 1.74612
202 1.52741e-05 2.34796e-05 4.04057 1.17958e-05 9.97075e-06 1.68533
203 1.39551e-05 2.45204e-05 4.1919 1.11595e-05 1.02018e-05 1.68254
204 1.44885e-05 2.60216e-05 4.44253 1.12574e-05 1.09642e-05 1.83602
205 1.40708e-05 2.4617e-05 4.23177 1.07933e-05 1.07895e-05 1.83744
206 1.42983e-05 2.40423e-05 4.09589 1.10902e-05 1.06693e-05 1.79109
207 1.44812e-05 2.51557e-05 4.31965 1.12908e-05 1.01159e-05 1.6987
208 1.43824e-05 2.50049e-05 4.24851 1.15205e-05 1.0433e-05 1.72639
209 1.45745e-05 2.45184e-05 4.17372 1.13885e-05 1.02432e-05 1.68249
210 1.43142e-05 2.55082e-05 4.33888 1.12906e-05 1.0668e-05 1.75595
211 1.41223e-05 2.33201e-05 3.93191 1.09782e-05 1.02879e-05 1.70234
212 1.45635e-05 2.3103e-05 3.94767 1.11826e-05 1.00708e-05 1.6729
213 1.48863e-05 2.50437e-05 4.26833 1.14866e-05 1.05844e-05 1.74682
214 1.39863e-05 2.52079e-05 4.31696 1.09768e-05 1.06186e-05 1.80344
215 1.36007e-05 2.54987e-05 4.32309 1.08233e-05 1.0429e-05 1.73185
216 1.4101e-05 2.43373e-05 4.13386 1.10483e-05 1.00636e-05 1.66313
217 1.36373e-05 2.56797e-05 4.40894 1.05732e-05 1.06428e-05 1.77102
218 1.41936e-05 2.38855e-05 4.05033 1.09676e-05 1.05469e-05 1.733
219 1.37937e-05 2.51832e-05 4.21706 1.07279e-05 1.04445e-05 1.6629
220 1.37391e-05 2.40371e-05 4.12454 1.07917e-05 1.01124e-05 1.6512
221 1.30447e-05 2.52449e-05 4.2429 1.03047e-05 1.0258e-05 1.68429
222 1.42543e-05 2.46842e-05 4.18038 1.10404e-05 1.03042e-05 1.69344
223 1.35393e-05 2.4339e-05 4.12664 1.04199e-05 1.07915e-05 1.75687
224 1.33973e-05 2.40575e-05 4.01909 1.05728e-05 1.0377e-05 1.70195
225 1.37453e-05 2.44995e-05 4.09425 1.06705e-05 1.02845e-05 1.61658
226 1.44436e-05 2.37534e-05 4.03492 1.11251e-05 9.90387e-06 1.60908
227 1.34295e-05 2.45705e-05 4.13002 1.08265e-05 1.03254e-05 1.64827
228 1.38472e-05 2.41804e-05 4.12282 1.0828e-05 1.03655e-05 1.72269
229 1.38202e-05 2.38976e-05 4.06324 1.07956e-05 9.94164e-06 1.65672
230 1.34064e-05 2.44627e-05 4.09406 1.08279e-05 1.01873e-05 1.62349
231 1.35726e-05 2.53096e-05 4.31458 1.06976e-05 1.01275e-05 1.66359
232 1.3405e-05 2.43775e-05 4.11646 1.04274e-05 1.0178e-05 1.65072
233 1.36572e-05 2.3683e-05 3.9919 1.05233e-05 1.02292e-05 1.62491
234 1.34625e-05 2.44496e-05 4.17112 9.99409e-06 1.03987e-05 1.68091
235 1.34825e-05 2.45119e-05 4.13874 1.05638e-05 1.04714e-05 1.70248
236 1.35971e-05 2.44861e-05 4.09851 1.04555e-05 1.00681e-05 1.61478
237 1.44093e-05 2.3513e-05 3.98565 1.13431e-05 1.00797e-05 1.67255
238 1.35294e-05 2.26848e-05 3.81465 1.03583e-05 1.00736e-05 1.61718
239 1.3283e-05 2.48577e-05 4.1885 1.01281e-05 9.97282e-06 1.57009
240 1.35231e-05 2.44515e-05 4.1374 1.06514e-05 1.01648e-05 1.65829
241 1.3713e-05 2.32023e-05 3.87452 1.05774e-05 9.79079e-06 1.58752
242 1.33871e-05 2.4557e-05 4.16399 1.0315e-05 1.01664e-05 1.70867
243 1.38025e-05 2.23593e-05 3.80924 1.04082e-05 9.6243e-06 1.59496
244 1.32039e-05 2.5e-05 4.18886 1.01366e-05 1.01338e-05 1.62374
245 1.35255e-05 2.28271e-05 3.83763 1.04172e-05 9.59798e-06 1.54011
246 1.32205e-05 2.36637e-05 4.03218 1.04324e-05 9.56373e-06 1.56661
247 1.36574e-05 2.52566e-05 4.21708 1.05694e-05 1.0801e-05 1.70223
248 1.30436e-05 2.48469e-05 4.17781 1.01691e-05 1.03932e-05 1.66959
249 1.28183e-05 2.34106e-05 3.96977 1.01427e-05 9.98912e-06 1.63317
250 1.3466e-05 2.34366e-05 3.90222 1.0388e-05 9.92143e-06 1.57502
251 1.36016e-05 2.3471e-05 3.9695 1.0528e-05 9.897e-06 1.63273
252 1.31741e-05 2.36365e-05 3.92231 1.01071e-05 9.86398e-06 1.54765
253 1.30308e-05 2.32216e-05 3.89236 9.80167e-06 1.01446e-05 1.65593
254 1.28742e-05 2.4427e-05 4.11846 9.90886e-06 1.00377e-05 1.61934
255 1.29617e-05 2.38083e-05 3.96072 1.01772e-05 1.01552e-05 1.61215
256 1.27314e-05 2.27533e-05 3.83121 9.73556e-06 9.63338e-06 1.55527
257 1.30096e-05 2.54906e-05 4.2723 9.9094e-06 1.01467e-05 1.59044
258 1.36788e-05 2.44241e-05 4.13017 1.00935e-05 9.80463e-06 1.53709
259 1.33105e-05 2.45293e-05 4.1244 1.04122e-05 1.00063e-05 1.61163
260 1.28603e-05 2.38525e-05 3.9965 1.0052e-05 1.00126e-05 1.64841
261 1.2635e-05 2.34503e-05 3.95888 9.69133e-06 1.00905e-05 1.6237
262 1.34609e-05 2.33926e-05 3.89421 1.00334e-05 9.95457e-06 1.5888
263 1.2375e-05 2.42134e-05 4.101 9.66496e-06 9.7141e-06 1.59339
264 1.29687e-05 2.36633e-05 3.9742 1.0041e-05 9.81699e-06 1.58429
265 1.29426e-05 2.43028e-05 4.0824 9.97385e-06 9.88629e-06 1.59909
266 1.2949e-05 2.38333e-05 3.96799 1.00348e-05 9.65157e-06 1.54693
267 1.30237e-05 2.42881e-05 4.04859 9.93901e-06 9.78787e-06 1.52229
268 1.28536e-05 2.31379e-05 3.88032 9.83179e-06 9.596e-06 1.57334
269 1.28881e-05 2.29999e-05 3.84083 1.00484e-05 1.01495e-05 1.63594
270 1.32563e-05 2.33148e-05 3.9124 1.00249e-05 9.39525e-06 1.49433
271 1.29562e-05 2.39626e-05 4.00619 9.92891e-06 9.79779e-06 1.56378
272 1.30786e-05 2.41175e-05 3.99675 9.81377e-06 1.00829e-05 1.59552
273 1.29729e-05 2.50652e-05 4.18979 9.9211e-06 9.95632e-06 1.55811
274 1.28269e-05 2.33463e-05 3.92635 9.77113e-06 9.91274e-06 1.56636
275 1.30718e-05 2.4172e-05 4.06081 9.9222e-06 1.00791e-05 1.62472
276 1.30294e-05 2.43308e-05 4.10417 9.90374e-06 9.75963e-06 1.54889
277 1.22004e-05 2.45667e-05 4.07791 9.34703e-06 1.00232e-05 1.58362
278 1.28616e-05 2.3993e-05 4.0226 9.83989e-06 9.60782e-06 1.52723
279 1.22315e-05 2.43336e-05 4.07057 9.5187e-06 9.99938e-06 1.6021
280 1.33081e-05 2.44916e-05 4.10483 9.88224e-06 9.83806e-06 1.48441
281 1.27849e-05 2.39771e-05 3.9835 1.01026e-05 9.79587e-06 1.5342
282 1.23838e-05 2.4867e-05 4.14449 9.52532e-06 1.01332e-05 1.56813
283 1.27563e-05 2.45501e-05 4.08794 9.59529e-06 9.80111e-06 1.50423
284 1.30439e-05 2.27506e-05 3.83291 9.8271e-06 9.53644e-06 1.55011
285 1.2739e-05 2.46177e-05 4.14894 9.94076e-06 9.90309e-06 1.607
286 1.25289e-05 2.33227e-05 3.87306 9.27496e-06 9.93122e-06 1.58531
287 1.30486e-05 2.35807e-05 3.93213 9.95119e-06 9.83833e-06 1.56883
288 1.24463e-05 2.34471e-05 3.93821 9.34102e-06 9.47052e-06 1.48264
289 1.23906e-05 2.38089e-05 3.97551 9.50029e-06 9.97687e-06 1.58594
290 1.30087e-05 2.34886e-05 3.90985 1.00667e-05 9.70471e-06 1.54677
291 1.27543e-05 2.30936e-05 3.86674 9.84364e-06 9.42481e-06 1.5119
292 1.20933e-05 2.45964e-05 4.12027 9.53028e-06 9.77817e-06 1.55784
293 1.2536e-05 2.422e-05 3.98727 9.58075e-06 9.79704e-06 1.5002
294 1.25745e-05 2.42006e-05 4.09059 9.44231e-06 9.80961e-06 1.57132
295 1.2226e-05 2.48867e-05 4.1346 9.77851e-06 1.00367e-05 1.59139
296 1.20311e-05 2.50289e-05 4.17175 9.2409e-06 9.75367e-06 1.53075
297 1.29488e-05 2.30219e-05 3.82355 9.75394e-06 9.58493e-06 1.49713
298 1.23415e-05 2.36259e-05 3.90609 9.70611e-06 9.98808e-06 1.56908
299 1.25045e-05 2.46889e-05 4.09117 9.78264e-06 9.97634e-06 1.57587
300 1.26359e-05 2.28763e-05 3.82364 9.25215e-06 9.63041e-06 1.49662
301 1.25721e-05 2.38315e-05 3.922 9.75252e-06 9.77848e-06 1.5171
302 1.20647e-05 2.4453e-05 4.02953 9.19936e-06 9.94558e-06 1.52905
303 1.24833e-05 2.29305e-05 3.80521 9.4701e-06 9.51759e-06 1.48803
304 1.20438e-05 2.31603e-05 3.86121 9.27371e-06 9.28562e-06 1.47362
305 1.24779e-05 2.31139e-05 3.85185 9.29371e-06 9.46983e-06 1.49012
306 1.22243e-05 2.39229e-05 3.93449 9.40539e-06 9.50175e-06 1.45789
307 1.20892e-05 2.2362e-05 3.7369 9.04368e-06 9.2331e-06 1.45175
308 1.24394e-05 2.32209e-05 3.87839 9.47335e-06 9.70025e-06 1.51366
309 1.20211e-05 2.20385e-05 3.63794 9.08434e-06 9.5763e-06 1.51208
310 1.19323e-05 2.39436e-05 3.95573 9.22624e-06 1.01027e-05 1.5968
311 1.22196e-05 2.28448e-05 3.80563 9.24101e-06 9.36902e-06 1.4644
312 1.23052e-05 2.43608e-05 4.034 9.29458e-06 9.81851e-06 1.55071
313 1.22642e-05 2.29684e-05 3.82554 9.21205e-06 9.83491e-06 1.5164
314 1.23654e-05 2.27566e-05 3.78779 9.43146e-06 9.67578e-06 1.54158
315 1.18887e-05 2.14321e-05 3.55047 8.84963e-06 9.3032e-06 1.44602
316 1.21408e-05 2.36808e-05 3.88947 9.32072e-06 9.84534e-06 1.52358
317 1.26088e-05 2.31557e-05 3.86254 9.21386e-06 9.57653e-06 1.45645
318 1.18483e-05 2.35575e-05 3.8645 9.51909e-06 9.39363e-06 1.46977
319 1.19835e-05 2.3241e-05 3.83221 9.2297e-06 9.3248e-06 1.42385
320 1.17329e-05 2.29875e-05 3.76353 8.99915e-06 1.00517e-05 1.59125
321 1.22273e-05 2.40743e-05 3.92882 9.09937e-06 9.83136e-06 1.49375
322 1.23106e-05 2.24679e-05 3.7235 9.49995e-06 9.32598e-06 1.46267
323 1.2542e-05 2.3854e-05 3.96128 9.31123e-06 9.65695e-06 1.47193
324 1.18173e-05 2.34346e-05 3.85673 9.08887e-06 9.66021e-06 1.51719
325 1.19066e-05 2.35309e-05 3.90075 8.89122e-06 9.65935e-06 1.49152
326 1.18752e-05 2.26331e-05 3.75044 9.13585e-06 9.29519e-06 1.47707
327 1.1928e-05 2.29486e-05 3.81245 9.12944e-06 9.32557e-06 1.46848
328 1.18962e-05 2.24105e-05 3.69823 9.03358e-06 9.42274e-06 1.4503
329 1.17672e-05 2.30512e-05 3.75912 9.12465e-06 9.43408e-06 1.44588
330 1.23098e-05 2.31333e-05 3.82234 9.18555e-06 9.62179e-06 1.46778
331 1.20314e-05 2.34663e-05 3.87101 8.69603e-06 9.51658e-06 1.46075
332 1.13073e-05 2.22161e-05 3.62351 8.53703e-06 9.4726e-06 1.44723
333 1.16449e-05 2.24306e-05 3.689 8.91119e-06 9.19961e-06 1.42446
334 1.18021e-05 2.38059e-05 3.94032 9.12834e-06 9.88957e-06 1.54983
335 1.19031e-05 2.29637e-05 3.81372 9.04758e-06 9.49156e-06 1.48344
336 1.18699e-05 2.21708e-05 3.6708 8.88316e-06 9.14894e-06 1.42216
337 1.19567e-05 2.24134e-05 3.71533 8.99006e-06 9.1948e-06 1.39224
338 1.20014e-05 2.36258e-05 3.9131 9.18578e-06 9.33387e-06 1.43226
339 1.17431e-05 2.32038e-05 3.82462 8.86109e-06 9.2752e-06 1.44441
340 1.21367e-05 2.31359e-05 3.82454 9.13296e-06 9.44467e-06 1.42855
341 1.23009e-05 2.38005e-05 3.95493 8.92383e-06 9.50561e-06 1.4189
342 1.26323e-05 2.40045e-05 3.94679 9.58019e-06 9.3895e-06 1.40901
343 1.16784e-05 2.23997e-05 3.72501 8.58134e-06 9.33825e-06 1.46506
344 1.1668e-05 2.42078e-05 3.98634 8.84832e-06 9.65474e-06 1.47891
345 1.2326e-05 2.23111e-05 3.73263 9.17806e-06 9.03897e-06 1.38723
346 1.14904e-05 2.25796e-05 3.74719 8.6287e-06 9.35941e-06 1.46715
347 1.16427e-05 2.2227e-05 3.67426 8.80814e-06 9.11001e-06 1.4086
348 1.17343e-05 2.5221e-05 4.191 8.98114e-06 9.61577e-06 1.48774
349 1.15258e-05 2.29229e-05 3.81277 8.58437e-06 9.21916e-06 1.41989
350 1.21635e-05 2.32827e-05 3.7738 9.14002e-06 9.47651e-06 1.38635
351 1.19258e-05 2.35946e-05 3.83992 8.66884e-06 9.60535e-06 1.44149
352 1.15264e-05 2.41761e-05 3.94357 8.71294e-06 9.70361e-06 1.46244
353 1.18627e-05 2.24684e-05 3.68291 8.5704e-06 9.24161e-06 1.40773
354 1.18214e-05 2.29201e-05 3.77248 8.77936e-06 9.25091e-06 1.41183
355 1.19942e-05 2.31006e-05 3.82776 9.17546e-06 9.21174e-06 1.40611
356 1.1916e-05 2.2414e-05 3.67873 8.92067e-06 9.26107e-06 1.40273
357 1.14656e-05 2.32069e-05 3.83742 8.66196e-06 9.56281e-06 1.44908
358 1.16138e-05 2.3316e-05 3.82102 8.74654e-06 9.69415e-06 1.46236
359 1.14916e-05 2.17964e-05 3.61409 8.71154e-06 9.26718e-06 1.4514
360 1.14093e-05 2.29532e-05 3.76029 8.80162e-06 9.1615e-06 1.37004
361 1.18754e-05 2.40463e-05 3.95197 8.61663e-06 9.59793e-06 1.44776
362 1.18943e-05 2.33978e-05 3.85979 8.90873e-06 9.29946e-06 1.38939
363 1.1453e-05 2.32234e-05 3.84192 8.64548e-06 9.31083e-06 1.42616
364 1.1314e-05 2.25904e-05 3.66943 8.56469e-06 9.30702e-06 1.42328
365 1.14035e-05 2.23516e-05 3.67505 8.38938e-06 9.32593e-06 1.42797
366 1.16512e-05 2.20616e-05 3.60057 8.64491e-06 9.37474e-06 1.41946
367 1.16183e-05 2.22264e-05 3.63179 8.88594e-06 9.2677e-06 1.42659
368 1.1503e-05 2.36836e-05 3.86912 8.94931e-06 9.42155e-06 1.42817
369 1.14711e-05 2.32556e-05 3.80825 8.83455e-06 9.7166e-06 1.51544
370 1.14109e-05 2.21869e-05 3.61164 8.44905e-06 9.51137e-06 1.42675
371 1.16383e-05 2.4721e-05 4.04759 8.72386e-06 9.7869e-06 1.47289
372 1.13313e-05 2.22719e-05 3.64645 8.47339e-06 9.05352e-06 1.37662
373 1.09756e-05 2.29526e-05 3.7529 8.386e-06 9.26978e-06 1.40666
374 1.16136e-05 2.27623e-05 3.75286 8.74869e-06 9.31564e-06 1.43273
375 1.16979e-05 2.16826e-05 3.53957 8.74061e-06 9.29172e-06 1.40528
376 1.12056e-05 2.24893e-05 3.68785 8.46648e-06 9.22261e-06 1.40787
377 1.19442e-05 2.22975e-05 3.70126 8.80066e-06 9.13968e-06 1.3845
378 1.20031e-05 2.28196e-05 3.75222 8.92077e-06 9.43744e-06 1.4182
379 1.08932e-05 2.40983e-05 3.94101 8.3107e-06 9.75454e-06 1.47664
380 1.11711e-05 2.23071e-05 3.6642 8.34422e-06 9.23248e-06 1.41133
381 1.13515e-05 2.24134e-05 3.70391 8.71048e-06 8.95127e-06 1.37401
382 1.17211e-05 2.29494e-05 3.76717 8.84764e-06 9.33864e-06 1.43742
383 1.15149e-05 2.18914e-05 3.542 8.45419e-06 9.56849e-06 1.44132
384 1.08164e-05 2.29374e-05 3.73664 8.28684e-06 9.28501e-06 1.41957
385 1.13404e-05 2.30588e-05 3.82242 8.28922e-06 9.18894e-06 1.3799
386 1.12081e-05 2.17834e-05 3.51514 8.36902e-06 9.24694e-06 1.3818
387 1.10729e-05 2.2807e-05 3.71235 8.10858e-06 9.59789e-06 1.44641
388 1.15759e-05 2.18764e-05 3.65688 8.14558e-06 8.87338e-06 1.3391
389 1.11596e-05 2.35085e-05 3.81911 8.43154e-06 9.2323e-06 1.38307
390 1.10987e-05 2.31924e-05 3.78132 8.44476e-06 9.17227e-06 1.35523
391 1.13905e-05 2.21914e-05 3.6932 8.22911e-06 9.07846e-06 1.36144
392 1.11918e-05 2.30374e-05 3.72785 8.24326e-06 9.32862e-06 1.41108
393 1.1474e-05 2.31215e-05 3.75002 8.73791e-06 9.19791e-06 1.36588
394 1.13957e-05 2.30307e-05 3.73584 8.30949e-06 9.4578e-06 1.39975
395 1.13997e-05 2.22003e-05 3.65434 8.65858e-06 9.22655e-06 1.35337
396 1.11086e-05 2.21509e-05 3.6319 8.42507e-06 8.99412e-06 1.35022
397 1.09218e-05 2.23463e-05 3.6417 8.1213e-06 8.8953e-06 1.33012
398 1.13555e-05 2.28219e-05 3.68667 8.59668e-06 9.13374e-06 1.35877
399 1.08506e-05 2.26487e-05 3.68604 8.15283e-06 9.22424e-06 1.39751
400 1.13676e-05 2.27321e-05 3.69128 8.19774e-06 9.24752e-06 1.3802
401 1.13784e-05 2.28298e-05 3.70293 8.55455e-06 9.44349e-06 1.40257
402 1.12527e-05 2.31445e-05 3.78945 8.70633e-06 9.18526e-06 1.40929
403 1.1278e-05 2.29694e-05 3.73362 8.43826e-06 9.18598e-06 1.36777
404 1.12382e-05 2.31167e-05 3.76261 8.47888e-06 9.45991e-06 1.40693
405 1.13071e-05 2.22548e-05 3.6679 8.39631e-06 8.97315e-06 1.35498
406 1.15562e-05 2.21354e-05 3.54335 8.40541e-06 9.50651e-06 1.36939
407 1.1115e-05 2.32944e-05 3.81726 8.15942e-06 9.47974e-06 1.40106
408 1.11221e-05 2.38597e-05 3.87235 8.42912e-06 9.20853e-06 1.3676
409 1.11805e-05 2.28925e-05 3.74706 8.45173e-06 9.23515e-06 1.36559
410 1.13145e-05 2.24407e-05 3.59731 8.56783e-06 9.14284e-06 1.35889
411 1.10805e-05 2.25828e-05 3.73074 8.29586e-06 8.89457e-06 1.37915
412 1.07971e-05 2.21012e-05 3.59081 8.17561e-06 9.08413e-06 1.37369
413 1.1055e-05 2.27679e-05 3.69144 8.23529e-06 9.1518e-06 1.3466
414 1.1267e-05 2.39299e-05 3.88073 8.40726e-06 9.51071e-06 1.39934
415 1.0815e-05 2.30287e-05 3.79456 8.0806e-06 8.90298e-06 1.35516
416 1.10839e-05 2.29142e-05 3.71699 8.17672e-06 9.31565e-06 1.38095
417 1.11017e-05 2.29104e-05 3.7218 8.29965e-06 9.35837e-06 1.40593
418 1.08601e-05 2.31997e-05 3.7449 8.26415e-06 9.30058e-06 1.37664
419 1.10976e-05 2.24326e-05 3.63088 8.2478e-06 9.12022e-06 1.3509
420 1.10671e-05 2.22085e-05 3.603 8.3387e-06 8.98109e-06 1.35463
421 1.12542e-05 2.24701e-05 3.6429 8.28638e-06 9.17221e-06 1.35079
422 1.10585e-05 2.21008e-05 3.58587 8.33453e-06 9.21537e-06 1.38962
423 1.08551e-05 2.31366e-05 3.78965 8.18163e-06 9.01783e-06 1.34971
424 1.12415e-05 2.25839e-05 3.67489 8.07353e-06 9.43056e-06 1.3797
425 1.1015e-05 2.2598e-05 3.68474 8.2473e-06 8.92799e-06 1.30518
426 1.11962e-05 2.17897e-05 3.50633 8.15706e-06 9.14364e-06 1.34323
427 1.03947e-05 2.21992e-05 3.6029 7.88633e-06 9.17683e-06 1.376
428 1.11337e-05 2.28142e-05 3.6765 8.38209e-06 9.4215e-06 1.40153
429 1.13062e-05 2.21254e-05 3.54022 8.15479e-06 8.99099e-06 1.31676
430 1.11069e-05 2.29248e-05 3.75042 8.29729e-06 9.12542e-06 1.37081
431 1.08313e-05 2.17527e-05 3.47257 8.25381e-06 8.84725e-06 1.30814
432 1.0816e-05 2.20464e-05 3.57501 8.12763e-06 9.26996e-06 1.38983
433 1.08852e-05 2.23388e-05 3.6339 8.06159e-06 9.20398e-06 1.37895
434 1.08196e-05 2.2799e-05 3.75282 7.94887e-06 8.90623e-06 1.3583
435 1.08109e-05 2.15409e-05 3.44635 8.42149e-06 8.67011e-06 1.28175
436 1.07147e-05 2.29842e-05 3.73317 8.04075e-06 9.20608e-06 1.35754
437 1.09085e-05 2.15052e-05 3.49602 8.11895e-06 8.97259e-06 1.35015
438 1.07309e-05 2.16487e-05 3.47209 7.70982e-06 9.09268e-06 1.33505
439 1.09064e-05 2.28692e-05 3.72683 7.9219e-06 9.44773e-06 1.43867
440 1.07698e-05 2.26967e-05 3.6337 7.90167e-06 9.2868e-06 1.35536
441 1.11739e-05 2.22266e-05 3.5579 8.22998e-06 9.15924e-06 1.31794
442 1.10068e-05 2.29135e-05 3.66573 8.33129e-06 9.05676e-06 1.32166
443 1.07664e-05 2.30625e-05 3.73189 7.91579e-06 9.25935e-06 1.36935
444 1.1251e-05 2.2881e-05 3.68469 8.18004e-06 9.27067e-06 1.34124
445 1.12537e-05 2.36713e-05 3.86101 8.33026e-06 9.43456e-06 1.39976
446 1.08752e-05 2.32194e-05 3.81596 8.08184e-06 9.34935e-06 1.40276
447 1.11956e-05 2.23398e-05 3.62147 8.24654e-06 9.13502e-06 1.36903
448 1.06435e-05 2.2797e-05 3.66276 7.93006e-06 9.204e-06 1.34433
449 1.05962e-05 2.21728e-05 3.58378 7.80979e-06 8.79519e-06 1.29263
450 1.11138e-05 2.22785e-05 3.6094 8.05958e-06 8.6032e-06 1.27329
451 1.09006e-05 2.32197e-05 3.76202 7.9432e-06 9.34409e-06 1.36675
452 1.05287e-05 2.31979e-05 3.77225 7.68402e-06 8.90387e-06 1.30253
453 1.08094e-05 2.33497e-05 3.73001 8.01102e-06 9.34925e-06 1.37946
454 1.0872e-05 2.3162e-05 3.72493 8.01711e-06 9.50279e-06 1.40027
455 1.11714e-05 2.23334e-05 3.58444 8.0061e-06 9.11153e-06 1.3008
456 1.07419e-05 2.20242e-05 3.51276 7.88984e-06 8.91532e-06 1.29716
457 1.10928e-05 2.2344e-05 3.63078 8.17424e-06 9.40558e-06 1.37925
458 1.04229e-05 2.27283e-05 3.68257 7.96043e-06 9.02328e-06 1.3539
459 1.07229e-05 2.27512e-05 3.69517 7.8243e-06 9.12214e-06 1.31968
460 1.04661e-05 2.25783e-05 3.6709 7.63431e-06 9.23341e-06 1.35604
461 1.05729e-05 2.27955e-05 3.69664 7.86468e-06 9.05196e-06 1.31608
462 1.04589e-05 2.29501e-05 3.69444 7.76633e-06 9.28008e-06 1.35375
463 1.08078e-05 2.17952e-05 3.52151 7.71069e-06 9.0203e-06 1.31695
464 1.05378e-05 2.3052e-05 3.71315 7.74003e-06 9.16122e-06 1.33842
465 1.01868e-05 2.2595e-05 3.6659 7.45174e-06 9.12459e-06 1.36152
466 1.03844e-05 2.22026e-05 3.59523 7.78452e-06 9.11439e-06 1.37933
467 1.07528e-05 2.29062e-05 3.72842 7.80385e-06 9.30363e-06 1.37943
468 1.05084e-05 2.2698e-05 3.66243 7.78539e-06 8.96477e-06 1.32203
469 1.08857e-05 2.21856e-05 3.55428 7.95367e-06 8.97966e-06 1.30382
470 1.07568e-05 2.24248e-05 3.61829 7.92519e-06 8.92861e-06 1.2871
471 1.04718e-05 2.22703e-05 3.58703 7.76945e-06 8.87947e-06 1.30189
472 1.04081e-05 2.26351e-05 3.63921 7.6078e-06 9.29001e-06 1.33816
473 1.04977e-05 2.30473e-05 3.71742 7.71171e-06 9.25943e-06 1.33752
474 1.03348e-05 2.37236e-05 3.84677 7.6662e-06 9.12349e-06 1.32856
475 1.08652e-05 2.21077e-05 3.55658 7.87392e-06 8.95528e-06 1.30429
476 1.02688e-05 2.3412e-05 3.82145 7.63874e-06 9.22901e-06 1.37578
477 1.06595e-05 2.26018e-05 3.65099 7.83851e-06 9.0328e-06 1.31097
478 1.04292e-05 2.25758e-05 3.62258 7.73508e-06 8.95863e-06 1.28644
479 1.07139e-05 2.29706e-05 3.71772 7.78197e-06 9.03537e-06 1.29316
480 1.01687e-05 2.29544e-05 3.74864 7.27859e-06 8.94518e-06 1.32664
481 1.06742e-05 2.20691e-05 3.53988 7.84253e-06 9.15332e-06 1.32255
482 1.08365e-05 2.2719e-05 3.63984 7.90804e-06 8.82699e-06 1.26327
483 1.01982e-05 2.2753e-05 3.64711 7.50419e-06 9.29094e-06 1.38405
484 1.05313e-05 2.24873e-05 3.60741 7.64473e-06 9.12515e-06 1.33495
485 1.06305e-05 2.17624e-05 3.47947 7.95575e-06 9.03471e-06 1.30606
486 1.0843e-05 2.28084e-05 3.69658 7.89476e-06 8.9973e-06 1.28354
487 1.05602e-05 2.26666e-05 3.62504 7.7603e-06 9.03122e-06 1.30385
488 1.04952e-05 2.21767e-05 3.55191 7.6623e-06 9.02889e-06 1.30485
489 1.03526e-05 2.19446e-05 3.51526 7.65005e-06 8.78643e-06 1.2713
490 1.04575e-05 2.24019e-05 3.61488 7.70433e-06 9.38445e-06 1.38915
491 1.06348e-05 2.24971e-05 3.63618 7.83147e-06 8.94455e-06 1.30283
492 1.02535e-05 2.22408e-05 3.55989 7.58765e-06 9.05163e-06 1.29971
493 1.03836e-05 2.2332e-05 3.54334 7.76144e-06 9.12214e-06 1.32238
494 1.0769e-05 2.22294e-05 3.50193 7.94036e-06 9.271e-06 1.318
495 1.08801e-05 2.18538e-05 3.50433 8.01114e-06 8.99973e-06 1.30673
496 1.07574e-05 2.21521e-05 3.58836 7.64001e-06 9.02629e-06 1.31881
497 1.06929e-05 2.36179e-05 3.77712 7.54402e-06 9.34266e-06 1.33481
498 1.04348e-05 2.26501e-05 3.64747 7.60022e-06 8.93072e-06 1.29611
499 1.04492e-05 2.24063e-05 3.53811 7.78899e-06 9.1727e-06 1.31982
500 1.02492e-05 2.25339e-05 3.59398 7.34243e-06 9.13338e-06 1.28157
501 1.0458e-05 2.18993e-05 3.47608 7.91053e-06 8.91219e-06 1.28049
502 1.04661e-05 2.1664e-05 3.50523 7.54872e-06 8.79491e-06 1.25901
503 1.07493e-05 2.191e-05 3.52396 7.68746e-06 8.56834e-06 1.25431
504 1.05628e-05 2.16762e-05 3.44781 7.81907e-06 8.84803e-06 1.27595
505 1.0467e-05 2.20836e-05 3.54252 7.63132e-06 8.91836e-06 1.28442
506 1.03463e-05 2.24639e-05 3.62236 7.40567e-06 9.04471e-06 1.30815
507 1.01738e-05 2.15468e-05 3.43891 7.35219e-06 8.76542e-06 1.24892
508 1.03169e-05 2.22292e-05 3.57077 7.70147e-06 8.81681e-06 1.28906
509 1.05747e-05 2.25629e-05 3.60787 7.59254e-06 9.32796e-06 1.32669
510 1.03885e-05 2.27176e-05 3.6346 7.64704e-06 8.87004e-06 1.26235
511 1.05737e-05 2.24406e-05 3.66264 7.62536e-06 8.7803e-06 1.25497
512 1.01334e-05 2.30647e-05 3.69847 7.50567e-06 9.17238e-06 1.30419
513 1.0583e-05 2.30716e-05 3.69798 7.60806e-06 9.32132e-06 1.33408
514 1.06043e-05 2.21262e-05 3.57023 7.77628e-06 8.9104e-06 1.29127
515 1.0289e-05 2.35498e-05 3.78211 7.59167e-06 9.42444e-06 1.35636
516 1.0237e-05 2.33373e-05 3.68858 7.59269e-06 9.44738e-06 1.35182
517 1.02197e-05 2.22298e-05 3.54175 7.27502e-06 9.04072e-06 1.28999
518 1.01227e-05 2.26481e-05 3.64564 7.50309e-06 9.06316e-06 1.3146
519 1.04066e-05 2.21064e-05 3.52594 7.59971e-06 8.91921e-06 1.26235
520 1.00761e-05 2.22738e-05 3.61629 7.15987e-06 8.87698e-06 1.27606
521 1.01012e-05 2.16628e-05 3.48309 7.237e-06 8.82186e-06 1.25693
522 1.06771e-05 2.24702e-05 3.55935 7.90247e-06 9.16285e-06 1.29041
523 1.02606e-05 2.27394e-05 3.64819 7.33961e-06 9.05797e-06 1.3229
524 1.02682e-05 2.16625e-05 3.4602 7.24691e-06 8.85451e-06 1.27062
525 9.69418e-06 2.26222e-05 3.66744 7.15626e-06 9.24152e-06 1.34651
526 9.8792e-06 2.26684e-05 3.63803 7.26223e-06 9.08489e-06 1.3353
527 1.02868e-05 2.22734e-05 3.53604 7.56011e-06 8.71188e-06 1.2318
528 1.02387e-05 2.32976e-05 3.72101 7.41197e-06 9.31382e-06 1.32516
529 1.02731e-05 2.24004e-05 3.60028 7.50389e-06 9.07952e-06 1.2979
530 1.01619e-05 2.202e-05 3.53195 7.23262e-06 8.98239e-06 1.30798
531 1.03974e-05 2.25109e-05 3.58168 7.60662e-06 9.11652e-06 1.28999
532 1.02367e-05 2.28528e-05 3.70849 7.4718e-06 8.87605e-06 1.28288
533 1.03833e-05 2.23162e-05 3.58009 7.72336e-06 8.79003e-06 1.26496
534 9.79218e-06 2.16434e-05 3.47467 7.24804e-06 8.72995e-06 1.27958
535 1.01215e-05 2.18225e-05 3.45458 7.28092e-06 8.77371e-06 1.2389
536 9.96224e-06 2.29651e-05 3.6598 7.28501e-06 8.94327e-06 1.28031
537 1.00872e-05 2.24297e-05 3.61783 7.46407e-06 9.15761e-06 1.3162
538 1.02106e-05 2.29539e-05 3.66423 7.56357e-06 8.96323e-06 1.28463
539 1.04155e-05 2.11769e-05 3.39659 7.64202e-06 8.36435e-06 1.18807
540 1.02202e-05 2.17744e-05 3.47572 7.50709e-06 8.74671e-06 1.26877
541 1.02125e-05 2.23829e-05 3.57579 7.43403e-06 8.75215e-06 1.26339
542 9.72506e-06 2.26336e-05 3.62382 7.15916e-06 8.97972e-06 1.28052
543 1.07472e-05 2.17916e-05 3.45222 7.71514e-06 8.98069e-06 1.26475
544 9.95845e-06 2.21521e-05 3.4981 7.16777e-06 9.18081e-06 1.3048
545 1.04281e-05 2.28206e-05 3.64512 7.69302e-06 9.23851e-06 1.30021
546 1.01692e-05 2.07232e-05 3.30882 7.33072e-06 8.75707e-06 1.28004
547 1.02377e-05 2.30246e-05 3.67852 7.67526e-06 9.29068e-06 1.32808
548 1.00459e-05 2.18825e-05 3.4645 7.25793e-06 9.13308e-06 1.28299
549 1.04585e-05 2.27033e-05 3.6289 7.52517e-06 9.07016e-06 1.29634
550 1.01665e-05 2.28131e-05 3.64598 7.46779e-06 9.04824e-06 1.29168
551 1.05086e-05 2.17807e-05 3.46288 7.50342e-06 9.07827e-06 1.29396
552 1.01189e-05 2.19897e-05 3.48999 7.30356e-06 9.08514e-06 1.29165
553 1.00446e-05 2.26289e-05 3.62652 7.34714e-06 8.98892e-06 1.29082
554 1.02271e-05 2.26967e-05 3.63715 7.39993e-06 8.98137e-06 1.27976
555 9.62123e-06 2.28992e-05 3.62986 7.07857e-06 9.01485e-06 1.27559
556 9.93342e-06 2.24781e-05 3.57179 7.39785e-06 8.91642e-06 1.29067
557 1.03609e-05 2.28118e-05 3.6311 7.70222e-06 8.82697e-06 1.2685
558 1.00406e-05 2.29042e-05 3.59543 7.27823e-06 8.97467e-06 1.24389
559 1.01696e-05 2.29778e-05 3.62788 7.44072e-06 9.3092e-06 1.31738
560 9.93528e-06 2.20346e-05 3.50611 7.22558e-06 8.84182e-06 1.25863
561 9.92681e-06 2.21497e-05 3.54331 7.27199e-06 8.86759e-06 1.29166
562 1.03056e-05 2.27166e-05 3.61474 7.49972e-06 8.82926e-06 1.22626
563 9.68767e-06 2.22681e-05 3.58176 7.15978e-06 8.8441e-06 1.27943
564 1.01722e-05 2.26391e-05 3.59559 7.42279e-06 8.91426e-06 1.26642
565 1.01854e-05 2.2004e-05 3.51023 7.30407e-06 8.73983e-06 1.2242
566 1.01213e-05 2.26899e-05 3.56554 7.41664e-06 9.04157e-06 1.26384
567 1.02383e-05 2.28292e-05 3.6289 7.26225e-06 9.16214e-06 1.29088
568 1.03723e-05 2.17417e-05 3.36835 7.59747e-06 9.04028e-06 1.24211
569 1.02946e-05 2.22508e-05 3.51447 7.52917e-06 8.85036e-06 1.20959
570 9.71804e-06 2.13364e-05 3.387 6.98115e-06 8.73476e-06 1.26302
571 9.89316e-06 2.24265e-05 3.5797 7.14585e-06 9.12233e-06 1.30061
572 9.82203e-06 2.22063e-05 3.51532 7.05458e-06 8.98349e-06 1.28468
573 9.80907e-06 2.20186e-05 3.49433 7.19056e-06 8.88618e-06 1.28752
574 9.80288e-06 2.24673e-05 3.55907 7.06818e-06 9.16804e-06 1.30502
575 1.02532e-05 2.22109e-05 3.56183 7.47293e-06 8.92348e-06 1.26248
576 1.01281e-05 2.24091e-05 3.51553 7.31832e-06 9.21515e-06 1.2843
577 9.55896e-06 2.27564e-05 3.59446 6.93611e-06 9.33853e-06 1.32402
578 1.01428e-05 2.22897e-05 3.56651 7.36455e-06 8.67589e-06 1.23451
579 9.62048e-06 2.25009e-05 3.54614 7.09149e-06 9.01337e-06 1.26278
580 1.00732e-05 2.18327e-05 3.414 7.21373e-06 8.94252e-06 1.22895
581 1.02475e-05 2.16522e-05 3.42915 7.15234e-06 8.8554e-06 1.23758
582 9.81531e-06 2.2999e-05 3.65319 6.93321e-06 9.03263e-06 1.26073
583 1.03127e-05 2.21695e-05 3.53182 7.34082e-06 8.75662e-06 1.24793
584 9.64839e-06 2.1782e-05 3.41582 7.03702e-06 8.77296e-06 1.23982
585 1.00157e-05 2.19728e-05 3.4545 7.30346e-06 8.92495e-06 1.24057
586 9.89532e-06 2.27655e-05 3.63034 7.28907e-06 8.98151e-06 1.27789
587 9.64052e-06 2.31956e-05 3.71106 6.97315e-06 9.06701e-06 1.29191
588 9.83966e-06 2.14254e-05 3.40547 7.07307e-06 8.63808e-06 1.23421
589 1.00322e-05 2.23071e-05 3.54353 7.36694e-06 8.96618e-06 1.25305
590 9.98828e-06 2.22719e-05 3.53789 7.18695e-06 8.97856e-06 1.27057
591 9.91856e-06 2.24674e-05 3.54126 7.2533e-06 9.07357e-06 1.27374
592 9.86518e-06 2.20804e-05 3.48358 7.23275e-06 8.95849e-06 1.24751
593 1.02631e-05 2.24635e-05 3.59547 7.20356e-06 8.86788e-06 1.2276
594 1.0271e-05 2.25137e-05 3.59573 7.31242e-06 9.16029e-06 1.29329
595 1.00265e-05 2.15391e-05 3.43963 7.146e-06 8.71823e-06 1.23946
596 1.01555e-05 2.10448e-05 3.33209 7.13317e-06 8.76746e-06 1.24669
597 1.00932e-05 2.22177e-05 3.50786 7.37853e-06 8.92426e-06 1.26059
598 1.00468e-05 2.23446e-05 3.55223 7.34698e-06 8.76345e-06 1.2495
599 1.04066e-05 2.17546e-05 3.43535 7.43218e-06 9.1518e-06 1.28256
600 9.80144e-06 2.31044e-05 3.64951 7.20758e-06 9.14944e-06 1.2583
601 9.81273e-06 2.13577e-05 3.3521 7.15621e-06 9.00935e-06 1.26844
602 9.61787e-06 2.18889e-05 3.46253 6.93157e-06 9.00865e-06 1.24369
603 9.6156e-06 2.22123e-05 3.53744 6.87879e-06 8.82305e-06 1.255
604 9.58131e-06 2.22178e-05 3.52668 6.8575e-06 8.90295e-06 1.22009
605 1.02808e-05 2.20264e-05 3.46507 7.50165e-06 8.79933e-06 1.23094
606 9.78013e-06 2.20027e-05 3.53726 6.86686e-06 9.08245e-06 1.30242
607 9.42182e-06 2.25755e-05 3.57382 6.88807e-06 8.89664e-06 1.26223
608 1.00028e-05 2.25372e-05 3.58273 7.15921e-06 8.96679e-06 1.26049
609 9.5217e-06 2.23805e-05 3.53307 6.93632e-06 8.96824e-06 1.26127
610 9.78752e-06 2.13831e-05 3.38986 7.08202e-06 8.80002e-06 1.24045
611 1.0074e-05 2.20557e-05 3.5132 7.22715e-06 8.83467e-06 1.23196
612 9.48335e-06 2.2355e-05 3.53326 6.87883e-06 9.04807e-06 1.25193
613 1.00512e-05 2.18934e-05 3.48083 7.10286e-06 8.89118e-06 1.23195
614 9.49434e-06 2.35499e-05 3.75481 6.91104e-06 9.07117e-06 1.29144
615 1.03055e-05 2.21694e-05 3.53071 7.25895e-06 8.95978e-06 1.26149
616 1.00404e-05 2.2474e-05 3.52131 6.99745e-06 9.05358e-06 1.24228
617 9.83271e-06 2.31863e-05 3.65481 7.15743e-06 9.0262e-06 1.25458
618 9.88181e-06 2.24659e-05 3.5757 6.97507e-06 9.01702e-06 1.26805
619 9.67679e-06 2.25085e-05 3.58706 6.90634e-06 8.99211e-06 1.27926
620 9.3755e-06 2.17201e-05 3.42409 6.83054e-06 8.89618e-06 1.24666
621 9.80943e-06 2.21333e-05 3.47855 7.06555e-06 8.82398e-06 1.20951
622 9.38277e-06 2.22247e-05 3.50848 6.82257e-06 8.82287e-06 1.25119
623 9.89176e-06 2.21976e-05 3.50867 7.01024e-06 8.80515e-06 1.22565
624 9.65913e-06 2.18653e-05 3.4628 6.98017e-06 8.5663e-06 1.17296
625 1.00568e-05 2.18648e-05 3.41276 7.15672e-06 9.02952e-06 1.24708
626 9.65591e-06 2.23219e-05 3.54112 6.91631e-06 8.92917e-06 1.22953
627 9.80783e-06 2.24021e-05 3.54219 6.89786e-06 9.02139e-06 1.24239
628 9.92701e-06 2.23015e-05 3.54222 6.95072e-06 8.93528e-06 1.24824
629 9.87145e-06 2.20084e-05 3.43519 7.05706e-06 8.92099e-06 1.25022
630 9.72565e-06 2.24104e-05 3.52552 6.97341e-06 9.07957e-06 1.24942
631 9.82427e-06 2.21813e-05 3.51836 6.90717e-06 9.05176e-06 1.27722
632 9.88323e-06 2.20936e-05 3.46318 7.06117e-06 8.8454e-06 1.24259
633 9.68865e-06 2.14486e-05 3.40879 6.79192e-06 8.7741e-06 1.24475
634 9.77867e-06 2.25183e-05 3.54258 7.14981e-06 8.72975e-06 1.19978
635 9.71905e-06 2.25836e-05 3.53555 7.03124e-06 9.00305e-06 1.25412
636 9.76154e-06 2.29231e-05 3.63231 6.92015e-06 8.97401e-06 1.24046
637 9.57504e-06 2.24226e-05 3.57977 6.79117e-06 8.96253e-06 1.2636
638 9.61531e-06 2.18022e-05 3.42705 6.80676e-06 9.03062e-06 1.25477
639 9.7649e-06 2.31869e-05 3.65101 7.15063e-06 8.97109e-06 1.24747
640 9.82389e-06 2.33395e-05 3.70483 7.10269e-06 9.06581e-06 1.28037
641 1.0025e-05 2.35086e-05 3.721 7.28373e-06 8.99935e-06 1.20404
642 9.81601e-06 2.26416e-05 3.57621 7.10889e-06 8.78838e-06 1.23277
643 9.68165e-06 2.23517e-05 3.53851 7.02417e-06 8.78728e-06 1.20971
644 9.42136e-06 2.24708e-05 3.56506 6.67844e-06 8.93863e-06 1.2495
645 9.34682e-06 2.2034e-05 3.48892 6.80325e-06 8.82418e-06 1.22363
646 9.88119e-06 2.26724e-05 3.59 7.08489e-06 9.05712e-06 1.27299
647 9.65439e-06 2.24026e-05 3.54477 7.0327e-06 8.81654e-06 1.23511
648 9.56622e-06 2.2184e-05 3.48926 6.98743e-06 8.90939e-06 1.22256
649 9.92044e-06 2.26189e-05 3.57601 7.09132e-06 9.00066e-06 1.24597
650 9.4013e-06 2.27539e-05 3.59021 6.8406e-06 8.86238e-06 1.2363
651 9.5774e-06 2.24584e-05 3.58031 6.82449e-06 9.18059e-06 1.29068
652 9.86244e-06 2.26668e-05 3.63045 7.04341e-06 8.94573e-06 1.25788
653 9.39926e-06 2.18487e-05 3.42332 6.69207e-06 9.21955e-06 1.2924
654 9.32699e-06 2.31864e-05 3.69599 6.55448e-06 9.14802e-06 1.30255
655 9.48904e-06 2.2387e-05 3.49514 6.97493e-06 9.01275e-06 1.25062
656 9.28998e-06 2.22366e-05 3.50013 6.75762e-06 8.8674e-06 1.24374
657 9.57002e-06 2.31873e-05 3.69552 6.8614e-06 9.02346e-06 1.24485
658 9.35613e-06 2.30936e-05 3.63122 6.81417e-06 9.1123e-06 1.27584
659 9.74404e-06 2.12669e-05 3.26952 6.90067e-06 8.75914e-06 1.20869
660 9.8821e-06 2.22211e-05 3.50567 7.11422e-06 8.71752e-06 1.19464
661 9.1965e-06 2.30761e-05 3.61796 6.71814e-06 8.92716e-06 1.22104
662 9.46402e-06 2.29747e-05 3.63752 6.91005e-06 8.99233e-06 1.25907
663 9.46915e-06 2.19314e-05 3.47424 6.64689e-06 8.96974e-06 1.24899
664 9.62447e-06 2.24002e-05 3.49919 6.75037e-06 8.9781e-06 1.22801
665 9.63567e-06 2.24231e-05 3.53337 7.04357e-06 9.16658e-06 1.27925
666 1.01022e-05 2.21696e-05 3.51538 7.19862e-06 8.76092e-06 1.22206
667 9.60095e-06 2.21426e-05 3.47321 6.87326e-06 8.82055e-06 1.21437
668 9.37773e-06 2.37221e-05 3.71805 6.92357e-06 9.24572e-06 1.27236
669 9.6351e-06 2.26348e-05 3.57724 6.86553e-06 9.05446e-06 1.26095
670 9.72515e-06 2.18348e-05 3.39716 6.90322e-06 8.8146e-06 1.21083
671 9.45139e-06 2.29394e-05 3.62242 6.7341e-06 8.98492e-06 1.25272
672 9.39485e-06 2.27411e-05 3.57669 6.88419e-06 9.0447e-06 1.27016
673 9.69535e-06 2.29267e-05 3.6146 7.10383e-06 8.90572e-06 1.20903
674 9.44874e-06 2.19685e-05 3.49591 6.55968e-06 8.84604e-06 1.20802
675 9.05455e-06 2.20401e-05 3.46602 6.83392e-06 8.78999e-06 1.21301
676 9.45978e-06 2.26128e-05 3.54566 6.91095e-06 8.95822e-06 1.26227
677 9.54976e-06 2.18732e-05 3.4386 6.79922e-06 9.08072e-06 1.27118
678 9.78082e-06 2.25517e-05 3.54043 7.05063e-06 8.80589e-06 1.19352
679 9.49419e-06 2.18713e-05 3.43608 6.78611e-06 8.74542e-06 1.205
680 9.35463e-06 2.18039e-05 3.47977 6.76695e-06 8.88876e-06 1.26799
681 9.526e-06 2.08352e-05 3.26979 6.79572e-06 8.49626e-06 1.1764
682 9.58367e-06 2.24055e-05 3.50234 6.88991e-06 8.90853e-06 1.19515
683 9.50757e-06 2.1972e-05 3.41578 6.70007e-06 8.74317e-06 1.18308
684 9.69023e-06 2.22088e-05 3.45184 7.0987e-06 8.80799e-06 1.20691
685 9.54697e-06 2.25832e-05 3.52789 6.86951e-06 9.35483e-06 1.30279
686 9.76619e-06 2.15913e-05 3.3812 6.75511e-06 9.01601e-06 1.24613
687 9.8332e-06 2.21868e-05 3.4447 6.68115e-06 8.94329e-06 1.2073
688 9.87706e-06 2.25782e-05 3.51496 7.11893e-06 8.99876e-06 1.23173
689 9.23966e-06 2.35083e-05 3.70041 6.76489e-06 9.25213e-06 1.27522
690 9.10236e-06 2.2152e-05 3.46822 6.62144e-06 8.84822e-06 1.24935
691 9.52804e-06 2.15796e-05 3.36109 6.64288e-06 8.67237e-06 1.17752
692 9.70597e-06 2.15742e-05 3.37866 6.78589e-06 8.5254e-06 1.14437
693 9.38551e-06 2.23315e-05 3.53152 6.73308e-06 8.75987e-06 1.22197
694 9.82899e-06 2.24656e-05 3.49582 7.14685e-06 8.83003e-06 1.18503
695 9.73897e-06 2.24485e-05 3.52243 7.02236e-06 8.88074e-06 1.18958
696 9.52838e-06 2.2049e-05 3.48267 6.82808e-06 8.76785e-06 1.20702
697 9.4571e-06 2.15046e-05 3.33257 6.91537e-06 8.61117e-06 1.19247
698 9.29291e-06 2.16939e-05 3.40456 6.62779e-06 8.79509e-06 1.22971
699 9.60585e-06 2.17801e-05 3.42068 6.57054e-06 8.61563e-06 1.1632
700 9.49861e-06 2.31383e-05 3.62494 6.87534e-06 8.96565e-06 1.22018
701 9.49327e-06 2.20737e-05 3.44381 6.84056e-06 8.82359e-06 1.20672
702 9.28913e-06 2.21017e-05 3.46443 6.52224e-06 8.75206e-06 1.19939
703 9.44475e-06 2.22399e-05 3.46177 6.75011e-06 8.91798e-06 1.20478
704 9.03155e-06 2.23186e-05 3.47372 6.49739e-06 9.03326e-06 1.25756
705 9.72777e-06 2.228e-05 3.51664 6.88171e-06 8.67281e-06 1.17866
706 9.56976e-06 2.20373e-05 3.46542 6.67532e-06 8.80887e-06 1.21506
707 9.30934e-06 2.29268e-05 3.58892 6.67403e-06 8.91519e-06 1.22456
708 9.53947e-06 2.26177e-05 3.57454 6.87875e-06 8.74613e-06 1.19191
709 9.54232e-06 2.21411e-05 3.47034 6.77698e-06 9.01999e-06 1.22968
710 9.31401e-06 2.16235e-05 3.38072 6.64479e-06 8.92496e-06 1.24719
711 9.2084e-06 2.31506e-05 3.63072 6.53296e-06 9.02367e-06 1.24717
712 9.28269e-06 2.20362e-05 3.4459 6.49171e-06 9.01959e-06 1.24026
713 9.11951e-06 2.24863e-05 3.5668 6.5098e-06 9.04921e-06 1.27655
714 9.54366e-06 2.16636e-05 3.38756 6.87374e-06 8.94236e-06 1.24028
715 9.58418e-06 2.24203e-05 3.51169 6.8202e-06 8.91919e-06 1.21031
716 9.52619e-06 2.21405e-05 3.45265 6.70145e-06 8.92813e-06 1.22299
717 9.68053e-06 2.12976e-05 3.31627 6.76329e-06 8.77324e-06 1.21574
718 9.37386e-06 2.13325e-05 3.33361 6.63964e-06 8.63904e-06 1.20775
719 9.34829e-06 2.18161e-05 3.44708 6.69379e-06 8.72745e-06 1.19748
720 9.51557e-06 2.19027e-05 3.40756 6.71329e-06 8.92071e-06 1.22024
721 9.63269e-06 2.08159e-05 3.24684 6.60645e-06 8.51783e-06 1.18371
722 9.18492e-06 2.13359e-05 3.33552 6.48637e-06 8.50743e-06 1.1558
723 9.27512e-06 2.32598e-05 3.61384 6.63942e-06 9.27118e-06 1.26041
724 9.25723e-06 2.22087e-05 3.47915 6.74875e-06 8.92627e-06 1.22684
725 9.31881e-06 2.16209e-05 3.39392 6.58331e-06 8.81071e-06 1.21441
726 9.32083e-06 2.25823e-05 3.52392 6.41774e-06 8.94988e-06 1.21615
727 8.82407e-06 2.2882e-05 3.62312 6.44886e-06 8.8882e-06 1.22539
728 9.3673e-06 2.22046e-05 3.46468 6.60305e-06 8.86115e-06 1.19444
729 9.62106e-06 2.14096e-05 3.3409 6.74072e-06 8.73292e-06 1.20722
730 9.15545e-06 2.12726e-05 3.31102 6.31397e-06 8.95248e-06 1.2383
731 9.30833e-06 2.25968e-05 3.53707 6.52421e-06 8.83354e-06 1.19206
732 9.27662e-06 2.30413e-05 3.62865 6.66804e-06 9.01024e-06 1.24134
733 9.2188e-06 2.32244e-05 3.66473 6.84023e-06 8.87643e-06 1.2158
734 9.09801e-06 2.21899e-05 3.46697 6.50816e-06 9.06709e-06 1.26741
735 9.50316e-06 2.21714e-05 3.45014 6.71714e-06 8.79682e-06 1.19723
736 9.40212e-06 2.13689e-05 3.32849 6.61318e-06 8.53676e-06 1.17498
737 9.422e-06 2.21671e-05 3.48116 6.66555e-06 8.78753e-06 1.18265
738 9.30916e-06 2.11259e-05 3.30947 6.42773e-06 8.72321e-06 1.20773
739 9.54277e-06 2.20193e-05 3.4466 6.94341e-06 8.63353e-06 1.17706
740 9.43398e-06 2.21796e-05 3.44711 6.66927e-06 8.83138e-06 1.20207
741 8.97454e-06 2.19819e-05 3.44725 6.4854e-06 8.77989e-06 1.21277
742 9.35645e-06 2.193e-05 3.435 6.61893e-06 8.80566e-06 1.20506
743 9.39564e-06 2.21297e-05 3.44432 6.57573e-06 8.73081e-06 1.16859
744 9.31558e-06 2.13419e-05 3.35307 6.51582e-06 8.68626e-06 1.19123
745 8.97393e-06 2.19924e-05 3.47382 6.42566e-06 8.70351e-06 1.21022
746 9.17116e-06 2.18997e-05 3.40296 6.40194e-06 8.7385e-06 1.18401
747 8.9455e-06 2.35792e-05 3.74718 6.32868e-06 8.96584e-06 1.24861
748 9.01929e-06 2.22191e-05 3.47064 6.48216e-06 8.89689e-06 1.22584
749 9.24789e-06 2.16703e-05 3.3555 6.47533e-06 8.76691e-06 1.19181
750 8.92691e-06 2.22871e-05 3.46696 6.25662e-06 8.75721e-06 1.18954
751 9.30379e-06 2.24982e-05 3.52603 6.58351e-06 8.98336e-06 1.22434
752 9.19254e-06 2.23917e-05 3.49557 6.4034e-06 8.82925e-06 1.19719
753 9.13956e-06 2.30554e-05 3.60165 6.53007e-06 9.05429e-06 1.23718
754 9.04953e-06 2.23729e-05 3.49626 6.50617e-06 8.82655e-06 1.20354
755 9.25623e-06 2.19792e-05 3.40031 6.56438e-06 8.68338e-06 1.17327
756 9.22082e-06 2.27228e-05 3.55582 6.45941e-06 9.01545e-06 1.22434
757 8.84919e-06 2.31493e-05 3.59222 6.44636e-06 9.07171e-06 1.21504
758 9.4377e-06 2.19837e-05 3.41987 6.65791e-06 8.74916e-06 1.17431
759 9.12756e-06 2.17572e-05 3.38334 6.43785e-06 9.0536e-06 1.2691
760 9.43747e-06 2.25669e-05 3.53251 6.66015e-06 8.66765e-06 1.16442
761 9.16548e-06 2.19464e-05 3.43599 6.20679e-06 8.8496e-06 1.21276
762 9.17204e-06 2.1499e-05 3.31092 6.47857e-06 8.68137e-06 1.17734
763 9.03783e-06 2.2908e-05 3.57776 6.43616e-06 9.16527e-06 1.25776
764 9.1058e-06 2.22403e-05 3.486 6.32312e-06 8.74992e-06 1.19071
765 9.12983e-06 2.21181e-05 3.44897 6.60248e-06 8.82789e-06 1.20272
766 9.35351e-06 2.20052e-05 3.45451 6.49e-06 8.85234e-06 1.20498
767 9.11097e-06 2.34566e-05 3.66484 6.62947e-06 9.1003e-06 1.22661
768 9.21879e-06 2.20717e-05 3.43085 6.48988e-06 8.64835e-06 1.15528
769 8.99158e-06 2.1944e-05 3.43398 6.34565e-06 8.8719e-06 1.22059
770 8.93121e-06 2.22875e-05 3.49894 6.4383e-06 8.68999e-06 1.19644
771 9.37557e-06 2.19025e-05 3.41991 6.57719e-06 8.83629e-06 1.19111
772 9.1229e-06 2.29542e-05 3.60135 6.5727e-06 9.06143e-06 1.22622
773 9.34001e-06 2.18136e-05 3.4124 6.57567e-06 8.68315e-06 1.1642
774 9.37954e-06 2.17287e-05 3.41287 6.50283e-06 8.79458e-06 1.18269
775 8.99579e-06 2.44825e-05 3.84532 6.61961e-06 8.92671e-06 1.19605
776 9.27042e-06 2.19785e-05 3.42961 6.33514e-06 8.86891e-06 1.20113
777 9.0031e-06 2.25507e-05 3.49535 6.47731e-06 8.8282e-06 1.17382
778 9.36815e-06 2.18177e-05 3.3859 6.52532e-06 8.88571e-06 1.19789
779 9.4131e-06 2.25543e-05 3.50983 6.72547e-06 8.73309e-06 1.18354
780 9.2658e-06 2.2208e-05 3.50171 6.48601e-06 8.85517e-06 1.21585
781 9.17023e-06 2.28921e-05 3.5639 6.5719e-06 8.76249e-06 1.19597
782 9.65964e-06 2.16454e-05 3.3581 6.75538e-06 8.68236e-06 1.16899
783 9.16043e-06 2.25534e-05 3.50396 6.44421e-06 8.78021e-06 1.19899
784 9.18161e-06 2.28334e-05 3.51966 6.28804e-06 9.2028e-06 1.23035
785 9.04808e-06 2.17729e-05 3.36185 6.33171e-06 8.88887e-06 1.19627
786 9.23448e-06 2.14273e-05 3.32047 6.35938e-06 8.89691e-06 1.20557
787 9.09656e-06 2.11358e-05 3.2775 6.34808e-06 8.70977e-06 1.16357
788 9.02208e-06 2.18965e-05 3.41293 6.32685e-06 8.85666e-06 1.20799
789 9.11382e-06 2.26393e-05 3.54617 6.38852e-06 9.00208e-06 1.21897
790 9.32453e-06 2.15335e-05 3.32358 6.51674e-06 8.72297e-06 1.1664
791 8.96091e-06 2.21195e-05 3.4605 6.48997e-06 8.85619e-06 1.21817
792 9.5501e-06 2.16136e-05 3.35352 6.86618e-06 8.55274e-06 1.14982
793 9.12994e-06 2.15418e-05 3.34391 6.33099e-06 8.90042e-06 1.21591
794 9.3823e-06 2.147e-05 3.32172 6.5616e-06 8.82857e-06 1.16907
795 9.24525e-06 2.13942e-05 3.33563 6.44639e-06 8.63415e-06 1.16898
796 8.90221e-06 2.15485e-05 3.37388 6.20426e-06 8.60472e-06 1.17368
797 8.95992e-06 2.12853e-05 3.3158 6.44293e-06 8.3676e-06 1.13453
798 9.1593e-06 2.2598e-05 3.56157 6.51936e-06 8.74901e-06 1.18925
799 9.32352e-06 2.1251e-05 3.26703 6.31759e-06 8.82653e-06 1.19598
800 9.24915e-06 2.28574e-05 3.55883 6.57249e-06 8.83635e-06 1.19399
801 9.35342e-06 2.25141e-05 3.47478 6.75154e-06 8.8208e-06 1.18122
802 9.33324e-06 2.11381e-05 3.27247 6.42203e-06 8.85708e-06 1.19364
803 9.15116e-06 2.21431e-05 3.43267 6.5475e-06 8.76893e-06 1.18418
804 9.04356e-06 2.13381e-05 3.3188 6.31398e-06 8.46714e-06 1.14683
805 9.47629e-06 2.15865e-05 3.3127 6.81264e-06 8.89552e-06 1.20807
806 9.2647e-06 2.04281e-05 3.20024 6.2605e-06 8.40033e-06 1.12884
807 9.15576e-06 2.23914e-05 3.48415 6.43518e-06 8.89467e-06 1.21332
808 8.75482e-06 2.24721e-05 3.52069 6.04411e-06 8.90172e-06 1.19849
809 8.92673e-06 2.35411e-05 3.68201 6.27953e-06 9.44915e-06 1.26204
810 9.29519e-06 2.21489e-05 3.42818 6.51287e-06 8.68477e-06 1.14994
811 9.38411e-06 2.17995e-05 3.35857 6.56224e-06 8.88323e-06 1.19295
812 9.03253e-06 2.20542e-05 3.41824 6.42844e-06 8.84437e-06 1.18174
813 8.97225e-06 2.18842e-05 3.43968 6.18682e-06 8.71376e-06 1.17898
814 9.11143e-06 2.1405e-05 3.30334 6.39693e-06 8.61065e-06 1.16817
815 9.1744e-06 2.20391e-05 3.39347 6.34953e-06 8.61272e-06 1.13114
816 9.07761e-06 2.28952e-05 3.56774 6.41523e-06 8.96164e-06 1.1949
817 9.01553e-06 2.1564e-05 3.3587 6.31336e-06 8.6919e-06 1.17828
818 8.90628e-06 2.26495e-05 3.53812 6.26909e-06 8.69661e-06 1.18406
819 9.04524e-06 2.08185e-05 3.18365 6.41766e-06 8.53509e-06 1.13914
820 9.13153e-06 2.24485e-05 3.51091 6.39031e-06 9.00088e-06 1.2345
821 8.94965e-06 2.21428e-05 3.44033 6.31699e-06 8.93777e-06 1.21228
822 9.14315e-06 2.33517e-05 3.63252 6.5479e-06 8.99254e-06 1.21588
823 9.09929e-06 2.18361e-05 3.37902 6.39434e-06 8.69308e-06 1.17458
824 8.97179e-06 2.22371e-05 3.49751 6.16517e-06 8.84542e-06 1.21718
825 8.72783e-06 2.19826e-05 3.41256 6.16445e-06 8.76414e-06 1.19686
826 9.26286e-06 2.25154e-05 3.48037 6.5129e-06 9.03563e-06 1.20503
827 9.43166e-06 2.25428e-05 3.49261 6.56705e-06 8.79093e-06 1.17421
828 9.20481e-06 2.19999e-05 3.3866 6.43305e-06 8.71205e-06 1.14812
829 8.93023e-06 2.23766e-05 3.44916 6.26432e-06 8.9367e-06 1.18734
830 9.01328e-06 2.26869e-05 3.54089 6.46773e-06 8.72336e-06 1.18135
831 8.71971e-06 2.24807e-05 3.51264 6.1577e-06 9.04721e-06 1.23269
832 9.17905e-06 2.24523e-05 3.49222 6.3946e-06 8.76654e-06 1.16443
833 9.44187e-06 2.17174e-05 3.38975 6.57816e-06 8.62496e-06 1.14098
834 9.13339e-06 2.24494e-05 3.52543 6.45324e-06 8.69534e-06 1.16072
835 9.06382e-06 2.15748e-05 3.35112 6.35238e-06 8.7125e-06 1.17586
836 8.78386e-06 2.23154e-05 3.44645 6.09297e-06 8.85399e-06 1.18543
837 9.14695e-06 2.1889e-05 3.35358 6.30893e-06 8.78645e-06 1.1679
838 9.20955e-06 2.18864e-05 3.36388 6.3451e-06 8.93511e-06 1.19114
839 8.92945e-06 2.21076e-05 3.46268 6.19766e-06 8.99701e-06 1.23567
840 9.12633e-06 2.20019e-05 3.41425 6.27944e-06 8.76637e-06 1.17373
841 9.26932e-06 2.1994e-05 3.42069 6.33629e-06 8.68788e-06 1.15596
842 8.94202e-06 2.26766e-05 3.51579 6.1508e-06 8.9456e-06 1.20368
843 9.36933e-06 2.21723e-05 3.4456 6.47839e-06 8.84883e-06 1.18599
844 8.71995e-06 2.221e-05 3.41572 6.27349e-06 8.87891e-06 1.19421
845 9.23684e-06 2.19569e-05 3.40152 6.39017e-06 8.82949e-06 1.17961
846 8.87504e-06 2.25526e-05 3.50919 6.25731e-06 8.76731e-06 1.18429
847 8.99646e-06 2.17518e-05 3.33877 6.46751e-06 8.67504e-06 1.15411
848 8.89083e-06 2.24002e-05 3.4946 6.28062e-06 8.63964e-06 1.1727
849 8.79653e-06 2.22682e-05 3.43866 6.20946e-06 8.94496e-06 1.21703
850 9.13471e-06 2.18077e-05 3.36157 6.3528e-06 8.70643e-06 1.1682
851 9.08976e-06 2.16962e-05 3.33595 6.31486e-06 8.72002e-06 1.16031
852 9.09445e-06 2.15233e-05 3.34317 6.38813e-06 8.81312e-06 1.19678
853 8.8586e-06 2.30014e-05 3.54812 6.31304e-06 9.02689e-06 1.19552
854 9.17168e-06 2.27931e-05 3.49936 6.42455e-06 8.89517e-06 1.18058
855 8.88275e-06 2.19477e-05 3.38946 6.16225e-06 8.78975e-06 1.17913
856 8.90527e-06 2.29271e-05 3.55385 6.29169e-06 9.06605e-06 1.21095
857 9.023e-06 2.19541e-05 3.38932 6.25408e-06 8.98337e-06 1.20448
858 9.0139e-06 2.1876e-05 3.41237 6.24284e-06 8.77377e-06 1.19148
859 8.75796e-06 2.37475e-05 3.70346 6.21609e-06 9.007e-06 1.21492
860 9.02411e-06 2.18657e-05 3.3802 6.27269e-06 8.83983e-06 1.18106
861 9.2353e-06 2.18032e-05 3.36081 6.33847e-06 8.69415e-06 1.1516
862 9.12002e-06 2.15608e-05 3.31604 6.41493e-06 8.69065e-06 1.17013
863 8.68913e-06 2.26879e-05 3.52457 6.11721e-06 8.77218e-06 1.17301
864 9.20878e-06 2.19611e-05 3.40158 6.29706e-06 8.72335e-06 1.15912
865 9.22877e-06 2.21323e-05 3.41545 6.45791e-06 8.52042e-06 1.12157
866 8.8233e-06 2.25325e-05 3.47481 6.31972e-06 8.86544e-06 1.18806
867 8.85935e-06 2.27224e-05 3.52153 6.2256e-06 8.90022e-06 1.18446
868 8.75237e-06 2.26123e-05 3.51012 6.1902e-06 8.70195e-06 1.16577
869 8.91937e-06 2.2542e-05 3.48564 6.24901e-06 8.66485e-06 1.15827
870 9.00459e-06 2.23421e-05 3.45497 6.16722e-06 9.003e-06 1.19847
871 9.30517e-06 2.2103e-05 3.44647 6.28715e-06 8.75725e-06 1.16582
872 8.97864e-06 2.23588e-05 3.44304 6.37684e-06 8.97979e-06 1.21365
873 9.1561e-06 2.20938e-05 3.38292 6.49478e-06 8.7339e-06 1.14313
874 8.89908e-06 2.11362e-05 3.2486 6.21514e-06 8.56519e-06 1.14143
875 8.71736e-06 2.21451e-05 3.4448 6.09516e-06 8.87178e-06 1.19536
876 9.0113e-06 2.28189e-05 3.5645 6.27261e-06 8.89208e-06 1.18152
877 9.15115e-06 2.23601e-05 3.45321 6.2401e-06 8.74131e-06 1.1332
878 8.68448e-06 2.20857e-05 3.41329 6.08042e-06 8.68448e-06 1.15562
879 8.86792e-06 2.3423e-05 3.64128 6.34616e-06 9.10892e-06 1.21894
880 8.75887e-06 2.32061e-05 3.60883 6.245e-06 8.86428e-06 1.17374
881 8.48779e-06 2.25205e-05 3.48793 6.04006e-06 9.06868e-06 1.23657
882 9.2458e-06 2.21498e-05 3.42261 6.51389e-06 8.82875e-06 1.16584
883 9.04056e-06 2.32156e-05 3.58503 6.45009e-06 8.81058e-06 1.15958
884 9.02411e-06 2.21446e-05 3.41256 6.22568e-06 8.64817e-06 1.13773
885 9.03179e-06 2.1821e-05 3.35681 6.21801e-06 8.76831e-06 1.17638
886 8.58667e-06 2.29023e-05 3.56585 6.01129e-06 8.72884e-06 1.18151
887 8.86501e-06 2.13895e-05 3.2866 6.24027e-06 8.66228e-06 1.15659
888 8.98303e-06 2.17761e-05 3.34715 6.28817e-06 8.69089e-06 1.17131
889 8.97241e-06 2.19747e-05 3.36597 6.31723e-06 8.74265e-06 1.16892
890 9.03905e-06 2.20338e-05 3.39917 6.35699e-06 8.71128e-06 1.15444
891 8.58213e-06 2.23655e-05 3.46118 5.91047e-06 9.01108e-06 1.19953
892 8.89873e-06 2.31316e-05 3.59461 6.29819e-06 8.91896e-06 1.19039
893 9.30758e-06 2.15489e-05 3.31974 6.38461e-06 8.55229e-06 1.1192
894 9.03542e-06 2.18599e-05 3.33593 6.29977e-06 8.63126e-06 1.13096
895 8.71692e-06 2.21378e-05 3.40929 6.00013e-06 9.00248e-06 1.20118
896 9.20794e-06 2.11541e-05 3.22326 6.36756e-06 8.73536e-06 1.15749
897 8.87425e-06 2.16045e-05 3.30605 6.22007e-06 8.80753e-06 1.1572
898 8.82166e-06 2.18541e-05 3.36383 6.07609e-06 8.89043e-06 1.18584
899 8.59041e-06 2.29869e-05 3.58114 6.07355e-06 8.92386e-06 1.2133
900 8.289e-06 2.30463e-05 3.60092 5.75257e-06 9.1036e-06 1.23291
901 8.52593e-06 2.28414e-05 3.53812 6.08221e-06 8.8559e-06 1.18973
902 8.45636e-06 2.36853e-05 3.68827 6.09992e-06 9.02315e-06 1.20129
903 8.72645e-06 2.16696e-05 3.37066 6.04441e-06 8.73498e-06 1.18652
904 9.05932e-06 2.19395e-05 3.40109 6.41362e-06 8.49558e-06 1.13041
905 8.90535e-06 2.22899e-05 3.439 6.18998e-06 9.06019e-06 1.20916
906 9.22524e-06 2.2002e-05 3.38772 6.36156e-06 8.83495e-06 1.16085
907 8.80245e-06 2.22221e-05 3.44068 6.11331e-06 8.783e-06 1.16861
908 8.81724e-06 2.20017e-05 3.38786 6.13729e-06 8.78238e-06 1.19665
909 9.03314e-06 2.10816e-05 3.23018 6.10045e-06 8.71677e-06 1.15174
910 8.78024e-06 2.18404e-05 3.3677 6.0573e-06 8.7122e-06 1.15933
911 8.8957e-06 2.20874e-05 3.41859 6.06509e-06 8.64895e-06 1.14613
912 8.89636e-06 2.28237e-05 3.5605 6.31088e-06 9.0035e-06 1.20799
913 8.63541e-06 2.27984e-05 3.49098 6.12058e-06 8.93835e-06 1.19448
914 8.51619e-06 2.31277e-05 3.57393 6.10257e-06 8.79522e-06 1.15352
915 8.7254e-06 2.19561e-05 3.38393 6.05542e-06 8.74493e-06 1.16341
916 8.58898e-06 2.21758e-05 3.43396 6.03767e-06 8.88866e-06 1.2012
917 8.59131e-06 2.28159e-05 3.51643 6.10987e-06 8.9981e-06 1.20994
918 8.90522e-06 2.15764e-05 3.33369 6.09768e-06 8.69827e-06 1.16311
919 8.74533e-06 2.29982e-05 3.55637 6.0119e-06 8.85425e-06 1.18484
920 8.40849e-06 2.28117e-05 3.58476 5.90381e-06 8.76715e-06 1.18154
921 8.85092e-06 2.21853e-05 3.40541 6.14053e-06 8.64542e-06 1.14221
922 8.84931e-06 2.24271e-05 3.47224 6.07175e-06 8.81127e-06 1.15986
923 8.76895e-06 2.1771e-05 3.35021 6.02284e-06 8.73774e-06 1.14037
924 8.9761e-06 2.1936e-05 3.36406 6.14587e-06 8.75346e-06 1.14545
925 8.53213e-06 2.23888e-05 3.43569 5.91245e-06 9.08741e-06 1.21571
926 8.82295e-06 2.13325e-05 3.28748 6.01644e-06 8.46788e-06 1.11234
927 8.69001e-06 2.21799e-05 3.42288 6.01593e-06 8.82685e-06 1.17846
928 8.93583e-06 2.13966e-05 3.27263 6.17717e-06 8.6704e-06 1.14533
929 8.45553e-06 2.22071e-05 3.43485 5.94043e-06 8.78748e-06 1.19955
930 8.69433e-06 2.29267e-05 3.55648 6.12467e-06 8.81994e-06 1.1836
931 8.97438e-06 2.22997e-05 3.41734 6.31861e-06 8.88223e-06 1.17357
932 8.56684e-06 2.27557e-05 3.53971 6.0123e-06 8.81301e-06 1.19523
933 8.44884e-06 2.2811e-05 3.53767 5.92124e-06 8.97756e-06 1.19869
934 8.70815e-06 2.28571e-05 3.52151 6.24742e-06 9.02479e-06 1.18058
935 8.6071e-06 2.2973e-05 3.57914 6.05493e-06 8.78117e-06 1.1766
936 8.75208e-06 2.28595e-05 3.53175 6.03499e-06 8.81788e-06 1.17
937 8.82082e-06 2.26175e-05 3.4779 6.09269e-06 8.98076e-06 1.18747
938 8.80228e-06 2.15054e-05 3.28066 5.96565e-06 8.84379e-06 1.15524
939 9.17138e-06 2.167e-05 3.35188 6.13439e-06 8.68716e-06 1.1588
940 8.96584e-06 2.21687e-05 3.39951 6.1945e-06 8.83196e-06 1.17349
941 8.58667e-06 2.23893e-05 3.44547 5.92976e-06 8.73688e-06 1.16272
942 8.55912e-06 2.15749e-05 3.27056 5.96207e-06 8.81662e-06 1.17697
943 9.04995e-06 2.28347e-05 3.56426 6.2791e-06 8.87171e-06 1.17478
944 8.70414e-06 2.21463e-05 3.3952 6.07987e-06 8.84531e-06 1.17678
945 8.39265e-06 2.27104e-05 3.50255 5.96486e-06 8.9547e-06 1.19459
946 8.72335e-06 2.28125e-05 3.50394 6.00205e-06 8.88905e-06 1.15609
947 8.98029e-06 2.15838e-05 3.28142 6.18808e-06 8.74971e-06 1.15443
948 9.00869e-06 2.20898e-05 3.38281 6.25857e-06 8.797e-06 1.1551
949 8.6527e-06 2.25979e-05 3.50677 6.19382e-06 8.88243e-06 1.19472
950 8.82602e-06 2.25271e-05 3.47295 6.20182e-06 9.01565e-06 1.19923
951 8.57036e-06 2.25706e-05 3.51673 6.07119e-06 8.86584e-06 1.19586
952 8.7321e-06 2.19429e-05 3.37477 6.0128e-06 8.68872e-06 1.15118
953 8.54132e-06 2.13695e-05 3.28281 5.87672e-06 8.82561e-06 1.18422
954 8.85149e-06 2.21234e-05 3.40761 6.08168e-06 8.74165e-06 1.14379
955 8.74147e-06 2.29429e-05 3.58117 6.04922e-06 8.94641e-06 1.19041
956 8.67974e-06 2.25206e-05 3.45666 5.94344e-06 8.85013e-06 1.15355
957 8.439e-06 2.26918e-05 3.52406 5.82851e-06 8.75427e-06 1.17175
958 8.95634e-06 2.13017e-05 3.25239 6.16547e-06 8.74131e-06 1.14229
959 8.70847e-06 2.20975e-05 3.39189 5.87656e-06 8.78565e-06 1.16837
960 8.59643e-06 2.23893e-05 3.45065 6.04706e-06 8.6611e-06 1.14311
961 8.98786e-06 2.15609e-05 3.30736 6.13911e-06 8.76167e-06 1.16628
962 8.44529e-06 2.2688e-05 3.49003 5.92088e-06 9.10019e-06 1.22338
963 9.02539e-06 2.17562e-05 3.37728 6.24141e-06 8.48435e-06 1.11917
964 9.05721e-06 2.1282e-05 3.26882 6.21298e-06 8.38207e-06 1.09317
965 8.51142e-06 2.23134e-05 3.43498 5.94018e-06 8.93592e-06 1.18383
966 8.1503e-06 2.2868e-05 3.56111 5.82889e-06 8.71374e-06 1.17667
967 8.43655e-06 2.2349e-05 3.45789 5.90406e-06 8.86595e-06 1.17943
968 8.53421e-06 2.21577e-05 3.41917 5.88972e-06 8.89839e-06 1.17948
969 8.4789e-06 2.26283e-05 3.50868 5.9591e-06 8.8918e-06 1.18434
970 8.87346e-06 2.15104e-05 3.30493 6.38992e-06 8.5232e-06 1.13106
971 8.72862e-06 2.19664e-05 3.3613 5.9614e-06 8.77349e-06 1.16644
972 8.87655e-06 2.26255e-05 3.48291 6.26081e-06 8.89222e-06 1.16918
973 8.34109e-06 2.15875e-05 3.30106 5.75393e-06 8.92984e-06 1.21497
974 8.50586e-06 2.28342e-05 3.50556 6.04914e-06 8.91187e-06 1.17494
975 8.71707e-06 2.17381e-05 3.31849 5.93616e-06 8.8539e-06 1.17058
976 8.84432e-06 2.18347e-05 3.3752 5.98354e-06 8.75822e-06 1.1621
977 8.66398e-06 2.27483e-05 3.50205 6.08205e-06 8.92784e-06 1.18246
978 8.92391e-06 2.13318e-05 3.24775 6.01069e-06 8.7244e-06 1.14632
979 8.5328e-06 2.21109e-05 3.40936 5.87082e-06 8.9309e-06 1.19507
980 8.53772e-06 2.18928e-05 3.34263 6.02067e-06 8.84065e-06 1.16203
981 8.52399e-06 2.3064e-05 3.56413 5.97873e-06 8.80382e-06 1.16694
982 8.60295e-06 2.21202e-05 3.39686 5.93019e-06 8.85904e-06 1.18499
983 8.96675e-06 2.13168e-05 3.255 6.08074e-06 8.69404e-06 1.1289
984 8.31247e-06 2.22296e-05 3.46117 5.71089e-06 8.70973e-06 1.16925
985 8.70106e-06 2.15032e-05 3.30615 5.84367e-06 8.77823e-06 1.15514
986 8.83269e-06 2.18857e-05 3.34894 6.04993e-06 8.78852e-06 1.14647
987 8.63501e-06 2.24915e-05 3.44951 5.90271e-06 9.03793e-06 1.18538
988 8.35144e-06 2.21555e-05 3.38768 5.65279e-06 8.96362e-06 1.18295
989 8.50896e-06 2.25109e-05 3.48967 5.96827e-06 8.90837e-06 1.18462
990 8.20707e-06 2.29733e-05 3.57949 5.81908e-06 8.78632e-06 1.19916
991 8.72778e-06 2.20615e-05 3.36414 5.98744e-06 8.80328e-06 1.15703
992 8.55373e-06 2.19079e-05 3.35324 5.8537e-06 8.79177e-06 1.15969
993 8.40693e-06 2.29719e-05 3.54998 5.78443e-06 9.15895e-06 1.22742
994 8.62255e-06 2.27979e-05 3.50707 6.03505e-06 8.93467e-06 1.18848
995 8.76932e-06 2.21148e-05 3.40302 6.04749e-06 8.75772e-06 1.13773
996 8.32123e-06 2.25077e-05 3.49494 5.78314e-06 8.99581e-06 1.2171
997 8.63118e-06 2.17124e-05 3.35514 5.85394e-06 8.72278e-06 1.17131
998 8.44739e-06 2.1961e-05 3.37986 5.84032e-06 8.66616e-06 1.15285
999 8.52224e-06 2.2593e-05 3.48838 5.92085e-06 8.91688e-06 1.17604
1000 8.51905e-06 2.21379e-05 3.38992 5.7204e-06 8.97775e-06 1.19994
