# ../optics --mode=conv_modified_vs_classical --conv-start=10 --conv-end=1000 --values-start=0.5 --values-end=1 --repetitions=1000 --xsigma=0.5 --output-file=comparison_1000_32_1000_xsigma0.5.txt --multiplier=32 ldata.txt
10 0.252648 0.252608 69117.5 0.000101617 7.14402e-05 14.7073
11 0.000221178 0.000180813 32.3497 9.59529e-05 6.88182e-05 13.6953
12 0.000181431 0.000163271 27.913 9.14059e-05 6.78687e-05 13.3124
13 0.000163593 0.000144052 25.1285 8.34369e-05 6.06565e-05 12.0893
14 0.000171553 0.000162292 27.2862 7.91742e-05 5.89353e-05 11.4162
15 0.00015616 0.000162019 27.7501 7.55961e-05 5.92379e-05 11.4675
16 0.000151868 0.000140038 23.5561 7.33861e-05 5.36942e-05 10.5507
17 0.000161002 0.000153475 26.573 6.70749e-05 5.30582e-05 10.1341
18 21.007 0.000147796 26.0817 6.87221e-05 5.24967e-05 10.1617
19 0.000142629 0.000127956 22.2344 6.8715e-05 4.89641e-05 9.57066
20 0.000142391 0.000146799 24.4647 6.3286e-05 4.9988e-05 9.43498
21 0.000133382 0.000133806 22.1377 6.32284e-05 4.72665e-05 8.89606
22 0.000126861 0.000133235 22.3214 6.25771e-05 4.73364e-05 9.09251
23 0.000126964 0.000132539 22.369 6.04274e-05 4.92067e-05 9.28212
24 0.000118913 0.000125508 21.2886 5.53921e-05 4.36529e-05 8.37615
25 0.000117644 0.000121697 20.1852 5.7404e-05 4.55802e-05 8.49202
26 0.000114285 0.000116521 18.9069 5.51553e-05 4.19876e-05 7.72072
27 0.000120366 0.000133262 21.6442 5.5003e-05 4.45517e-05 8.28122
28 0.000111256 0.000121554 19.9841 5.42104e-05 4.27751e-05 8.11134
29 0.000109598 0.000125121 20.4593 4.89016e-05 4.25518e-05 7.80062
30 0.000110186 0.000132305 21.7245 5.18681e-05 4.33265e-05 8.35559
31 0.000112583 0.000125185 20.7028 4.88522e-05 3.83511e-05 7.16353
32 0.000107371 0.000121496 20.2065 5.0486e-05 4.15531e-05 7.84715
33 0.000106818 0.000115268 19.0604 4.8768e-05 4.07341e-05 7.51035
34 0.000102832 0.000125175 20.1925 4.99429e-05 4.08834e-05 7.64266
35 9.77248e-05 0.000114359 18.7166 4.73213e-05 4.13288e-05 7.4949
36 0.000102299 0.000121562 19.5603 4.5995e-05 3.92929e-05 7.11481
37 9.53565e-05 0.000114626 18.6656 4.687e-05 3.86778e-05 7.14971
38 9.52299e-05 0.000111238 18.4859 4.44916e-05 3.84863e-05 7.26126
39 9.15417e-05 0.000110801 18.4243 4.49696e-05 3.78274e-05 6.99989
40 8.90685e-05 0.000104496 17.0479 4.28406e-05 3.61295e-05 6.54695
41 9.62963e-05 0.000116827 18.9644 4.15543e-05 3.86192e-05 6.92433
42 9.68118e-05 0.000118949 19.0752 4.33865e-05 3.8246e-05 6.97978
43 8.89799e-05 0.000111531 18.0211 4.23226e-05 3.77058e-05 6.87575
44 9.22786e-05 0.000115103 18.6287 4.1557e-05 3.61773e-05 6.50774
45 9.45018e-05 0.000119054 19.0392 4.04573e-05 3.63086e-05 6.53914
46 9.0961e-05 0.000118914 19.1735 4.18475e-05 3.70146e-05 6.76203
47 8.45138e-05 0.000109165 17.9193 4.01593e-05 3.65662e-05 6.64114
48 9.01852e-05 0.000115412 18.4552 3.84257e-05 3.61346e-05 6.45582
49 9.18514e-05 0.000121552 19.3467 3.8359e-05 3.57941e-05 6.41043
50 8.63807e-05 0.000113562 18.1987 3.81595e-05 3.50838e-05 6.37928
51 8.66508e-05 0.000115419 18.5709 3.86765e-05 3.52448e-05 6.2717
52 8.86536e-05 0.000114107 18.4452 3.87121e-05 3.39495e-05 6.12559
53 9.07424e-05 0.000110096 17.6659 3.74512e-05 3.43255e-05 5.9886
54 8.50808e-05 0.00011306 17.7647 3.75676e-05 3.50895e-05 6.20748
55 8.94858e-05 0.000120442 19.1217 3.74476e-05 3.50825e-05 6.10501
56 8.75217e-05 0.000114227 18.2866 3.76482e-05 3.33896e-05 5.91843
57 8.50319e-05 0.000113124 17.9689 3.55046e-05 3.33381e-05 5.86881
58 8.22511e-05 0.000120164 19.1333 3.61224e-05 3.5683e-05 6.39771
59 8.1277e-05 0.000113933 17.6755 3.43681e-05 3.40169e-05 5.90231
60 8.34985e-05 0.000116486 18.4391 3.38218e-05 3.50121e-05 6.07801
61 8.4841e-05 0.000118765 18.8742 3.56617e-05 3.47373e-05 6.16126
62 8.3102e-05 0.000108391 17.3597 3.7023e-05 3.24899e-05 5.77366
63 8.17316e-05 0.000109606 17.5784 3.52395e-05 3.25361e-05 5.6288
64 7.7423e-05 0.000107906 17.1559 3.43326e-05 3.20247e-05 5.64753
65 7.97526e-05 0.000114962 18.5222 3.49472e-05 3.28357e-05 5.84798
66 8.39977e-05 0.000116686 18.266 3.38538e-05 3.41588e-05 5.92504
67 7.63601e-05 0.000110916 17.5275 3.20774e-05 3.26353e-05 5.63574
68 8.55863e-05 0.000122199 18.9545 3.32712e-05 3.26591e-05 5.56629
69 8.09249e-05 0.000115204 18.0298 3.3226e-05 3.30658e-05 5.78997
70 8.3463e-05 0.000115544 18.3013 3.25834e-05 3.17594e-05 5.45333
71 7.36801e-05 0.000106393 16.7417 3.33559e-05 3.23162e-05 5.51132
72 8.11143e-05 0.000115038 18.0407 3.19941e-05 3.21587e-05 5.51193
73 7.97394e-05 0.000117696 18.3195 3.10964e-05 3.29871e-05 5.60156
74 7.75925e-05 0.000110464 17.5306 3.18545e-05 3.18402e-05 5.57368
75 7.75109e-05 0.000108896 17.2152 3.2602e-05 3.17515e-05 5.42028
76 7.56535e-05 0.000109342 17.1271 3.28216e-05 3.15855e-05 5.42846
77 7.75405e-05 0.000104358 16.2663 3.10788e-05 3.07404e-05 5.1452
78 7.62024e-05 0.00010925 17.1607 3.14847e-05 3.1115e-05 5.30734
79 7.3682e-05 0.000109185 17.0825 3.17844e-05 3.16227e-05 5.44135
80 7.75108e-05 0.000112901 17.4981 2.96804e-05 3.15851e-05 5.29685
81 8.11331e-05 0.000114916 18.0202 3.16515e-05 3.03114e-05 5.26135
82 7.7749e-05 0.000118707 18.4661 3.0832e-05 3.16285e-05 5.4093
83 7.74818e-05 0.000116893 18.4741 2.93807e-05 3.21753e-05 5.44827
84 7.71043e-05 0.000113701 17.866 3.01397e-05 3.15709e-05 5.36545
85 7.33949e-05 0.000114047 17.701 3.00056e-05 3.1608e-05 5.45867
86 7.47097e-05 0.000117735 18.1111 2.88051e-05 3.2298e-05 5.39223
87 7.75807e-05 0.000118597 18.4081 2.85713e-05 3.14785e-05 5.30137
88 7.64267e-05 0.000112962 17.6408 2.9417e-05 3.18459e-05 5.30442
89 7.84987e-05 0.000119789 18.5394 2.89102e-05 3.08683e-05 5.14075
90 7.37978e-05 0.000109157 17.0684 2.92572e-05 3.02872e-05 5.03722
91 7.59255e-05 0.000116076 18.0117 2.91075e-05 3.15859e-05 5.24925
92 7.34364e-05 0.000109465 17.0175 2.83518e-05 2.99749e-05 5.04074
93 7.11329e-05 0.000105752 16.7536 2.94899e-05 3.08136e-05 5.09521
94 7.80842e-05 0.000117488 18.1703 2.74378e-05 3.12516e-05 5.14567
95 7.05639e-05 0.000110449 17.139 2.74701e-05 3.1008e-05 5.21422
96 7.2811e-05 0.00011291 17.5999 2.81651e-05 3.09825e-05 5.17118
97 8.00226e-05 0.000126743 19.2962 2.9251e-05 3.16066e-05 5.18342
98 7.18387e-05 0.000113886 17.5401 2.76885e-05 3.07413e-05 5.19354
99 7.63199e-05 0.000114821 17.6035 2.74262e-05 3.06041e-05 4.95412
100 7.33514e-05 0.000114442 17.7145 2.70005e-05 2.99896e-05 4.95801
101 7.09603e-05 0.000110216 17.0433 2.68851e-05 2.99715e-05 4.962
102 7.36077e-05 0.000115171 17.79 2.77593e-05 3.01475e-05 5.03982
103 7.50156e-05 0.000116439 17.8633 2.69095e-05 2.93748e-05 4.81997
104 7.50671e-05 0.00012229 18.8445 2.71925e-05 3.06497e-05 5.10755
105 6.90363e-05 0.000112028 17.1893 2.64429e-05 3.0515e-05 5.08891
106 7.01464e-05 0.000117234 18.0109 2.56042e-05 3.06526e-05 5.05859
107 7.0763e-05 0.000117823 18.1371 2.71026e-05 3.02643e-05 5.00187
108 7.28147e-05 0.000115642 17.6436 2.58331e-05 3.02872e-05 4.86922
109 7.10665e-05 0.000113548 17.4347 2.61994e-05 3.04478e-05 4.96398
110 7.21036e-05 0.000114831 17.5951 2.55847e-05 3.06628e-05 5.02896
111 7.12239e-05 0.000116486 17.9696 2.64199e-05 3.1001e-05 5.05803
112 7.03102e-05 0.000111005 16.9683 2.54362e-05 3.04151e-05 4.98008
113 7.14064e-05 0.000115867 17.8831 2.51113e-05 2.94956e-05 4.86257
114 7.09398e-05 0.000116667 17.8332 2.71183e-05 3.01438e-05 4.89932
115 6.72816e-05 0.000112588 17.3204 2.5916e-05 3.05144e-05 5.04725
116 6.89847e-05 0.000110102 17.016 2.61105e-05 2.84192e-05 4.70092
117 7.40531e-05 0.00012012 18.2433 2.61338e-05 3.03916e-05 4.91201
118 7.3525e-05 0.000117431 17.8647 2.5477e-05 2.96206e-05 4.76282
119 6.92443e-05 0.000113171 17.4625 2.59007e-05 2.97373e-05 4.9081
120 7.23591e-05 0.000119747 18.2558 2.48498e-05 3.0406e-05 4.94653
121 6.77673e-05 0.000109178 16.6441 2.52265e-05 2.93326e-05 4.71178
122 6.98472e-05 0.00011472 17.2555 2.52977e-05 2.99359e-05 4.758
123 7.01809e-05 0.000117875 18.1841 2.35239e-05 2.95099e-05 4.84944
124 7.21763e-05 0.0001205 18.2724 2.54411e-05 3.01774e-05 4.8599
125 6.89923e-05 0.000117431 18.0205 2.40807e-05 2.96275e-05 4.83663
126 7.00708e-05 0.000116079 17.8022 2.37176e-05 2.89901e-05 4.64884
127 7.06786e-05 0.000115229 17.6165 2.4656e-05 3.01935e-05 4.84777
128 6.6796e-05 0.000113668 17.6197 2.41766e-05 2.91663e-05 4.82123
129 6.94108e-05 0.000118738 17.9716 2.38874e-05 3.07068e-05 4.90864
130 6.90949e-05 0.00011985 18.229 2.37262e-05 3.03554e-05 4.921
131 6.87932e-05 0.000115993 17.6888 2.44298e-05 2.91078e-05 4.71615
132 7.00995e-05 0.000112796 17.24 2.43299e-05 2.8048e-05 4.53036
133 6.7602e-05 0.000115001 17.345 2.39275e-05 2.9745e-05 4.78373
134 6.69679e-05 0.000116043 17.6008 2.41522e-05 2.98822e-05 4.75351
135 6.59718e-05 0.000116618 17.9612 2.4001e-05 3.01354e-05 4.94115
136 6.63838e-05 0.000117748 17.8458 2.23503e-05 3.01932e-05 4.84406
137 6.75227e-05 0.000116502 17.6756 2.40765e-05 2.87671e-05 4.64562
138 6.71898e-05 0.000116035 17.5077 2.34419e-05 2.90124e-05 4.60969
139 6.65578e-05 0.000113784 17.4636 2.47277e-05 2.94376e-05 4.74031
140 7.12439e-05 0.00011744 17.7168 2.26254e-05 3.03656e-05 4.77551
141 7.14989e-05 0.000126116 19.2223 2.38177e-05 3.00172e-05 4.84765
142 6.74882e-05 0.000119706 18.1162 2.36437e-05 2.90453e-05 4.65579
143 6.69843e-05 0.000117559 17.9734 2.27854e-05 2.90986e-05 4.76578
144 6.69717e-05 0.000111606 16.8922 2.25468e-05 2.92612e-05 4.65237
145 6.81287e-05 0.000115569 17.4821 2.28708e-05 2.92394e-05 4.68344
146 6.62104e-05 0.000117724 18.029 2.22382e-05 2.99789e-05 4.8131
147 6.68728e-05 0.000120538 18.4054 2.27735e-05 2.9426e-05 4.69493
148 6.79608e-05 0.000119794 18.2306 2.32004e-05 2.93199e-05 4.6741
149 6.64757e-05 0.000118728 18.0405 2.23701e-05 2.90202e-05 4.64096
150 6.84408e-05 0.000117157 17.871 2.25295e-05 2.81836e-05 4.49867
151 6.56382e-05 0.0001193 17.9238 2.2112e-05 2.91273e-05 4.57073
152 6.45111e-05 0.0001169 17.71 2.15539e-05 2.80742e-05 4.50014
153 6.62911e-05 0.000117776 17.9021 2.31993e-05 2.91761e-05 4.69814
154 6.88191e-05 0.000121666 18.4569 2.25739e-05 2.99461e-05 4.70168
155 6.60832e-05 0.000113553 17.3259 2.3171e-05 2.85072e-05 4.5689
156 6.86689e-05 0.000119998 18.1676 2.24507e-05 2.86047e-05 4.52153
157 6.78748e-05 0.00012263 18.5703 2.25959e-05 2.87437e-05 4.62812
158 6.68667e-05 0.000122311 18.2823 2.10201e-05 3.00895e-05 4.83241
159 6.94511e-05 0.000121727 18.2944 2.29153e-05 2.8478e-05 4.47834
160 6.59799e-05 0.000114498 17.2461 2.21717e-05 2.81602e-05 4.48582
161 6.88779e-05 0.000121561 18.3281 2.27034e-05 2.8474e-05 4.58998
162 6.88944e-05 0.0001229 18.7917 2.16828e-05 2.94405e-05 4.65485
163 6.71258e-05 0.000116063 17.5575 2.23463e-05 2.8735e-05 4.50206
164 6.66378e-05 0.000119319 18.127 2.23146e-05 2.83676e-05 4.56568
165 6.3982e-05 0.00011326 17.0707 2.1999e-05 2.88268e-05 4.52723
166 6.83085e-05 0.000118122 17.6927 2.23716e-05 2.78821e-05 4.30044
167 6.59085e-05 0.000116748 17.575 2.17614e-05 2.80199e-05 4.38407
168 6.63581e-05 0.000119639 18.0309 2.05445e-05 2.87659e-05 4.45516
169 6.81289e-05 0.000118103 17.8273 2.1166e-05 2.88423e-05 4.44018
170 6.33191e-05 0.00011672 17.6019 2.11875e-05 2.90275e-05 4.53897
171 6.53383e-05 0.000119587 17.9968 2.12667e-05 2.78985e-05 4.47264
172 6.90969e-05 0.000120415 18.0899 2.12486e-05 2.91219e-05 4.43486
173 6.63223e-05 0.00012501 18.6537 2.11645e-05 3.01531e-05 4.64781
174 6.53272e-05 0.000119134 17.7738 2.17445e-05 2.9427e-05 4.57463
175 6.56329e-05 0.000118982 17.7835 2.13953e-05 2.92784e-05 4.53883
176 6.17353e-05 0.000118935 17.7906 2.09129e-05 2.88158e-05 4.52488
177 6.53676e-05 0.000117436 17.9095 2.06028e-05 2.79953e-05 4.43374
178 6.48893e-05 0.000121255 18.2364 2.07568e-05 2.9367e-05 4.6226
179 6.6308e-05 0.000121494 18.406 2.08029e-05 2.87963e-05 4.4733
180 6.55737e-05 0.000115067 17.3155 2.05126e-05 2.81756e-05 4.37275
181 6.46279e-05 0.000121334 18.3155 2.02073e-05 2.97726e-05 4.64678
182 6.22723e-05 0.000114936 17.2969 1.96532e-05 2.81868e-05 4.35229
183 6.50914e-05 0.000117572 17.7169 2.02048e-05 2.83446e-05 4.40158
184 6.48972e-05 0.000119444 17.9208 2.08267e-05 2.88298e-05 4.35609
185 6.35638e-05 0.000116135 17.4484 2.12337e-05 2.8723e-05 4.46969
186 6.77564e-05 0.000123291 18.3387 2.03198e-05 2.83468e-05 4.35903
187 6.66762e-05 0.000120044 17.9839 2.02042e-05 2.91543e-05 4.45789
188 6.58567e-05 0.000121263 18.1019 2.03753e-05 2.93139e-05 4.48456
189 6.27373e-05 0.000113215 16.947 2.08366e-05 2.7692e-05 4.2676
190 6.51953e-05 0.000118874 17.9252 2.05311e-05 2.77361e-05 4.35598
191 6.26302e-05 0.000118514 17.7497 2.00255e-05 2.79108e-05 4.33697
192 6.20966e-05 0.00011525 17.2697 2.01156e-05 2.87499e-05 4.43844
193 6.65654e-05 0.000122868 18.4104 1.99635e-05 2.83991e-05 4.33749
194 6.16969e-05 0.000117399 17.7216 2.04547e-05 2.8396e-05 4.35644
195 6.41266e-05 0.000118772 17.7119 1.96734e-05 2.85644e-05 4.36739
196 6.24978e-05 0.000116864 17.4937 2.02742e-05 2.74951e-05 4.24759
197 6.44284e-05 0.000118298 17.7574 2.06258e-05 2.79412e-05 4.30354
198 6.19594e-05 0.000113737 17.101 1.95638e-05 2.88338e-05 4.4997
199 6.21756e-05 0.000117625 17.6258 1.9297e-05 2.84211e-05 4.36464
200 6.41885e-05 0.000121827 18.0925 1.97835e-05 2.82938e-05 4.36169
201 6.06181e-05 0.000119091 17.9833 1.99434e-05 2.8141e-05 4.43664
202 6.46448e-05 0.00012397 18.4943 1.89166e-05 2.86461e-05 4.38624
203 6.61484e-05 0.000122777 18.3273 1.95613e-05 2.81777e-05 4.40457
204 6.39028e-05 0.000116714 17.5788 1.97677e-05 2.78156e-05 4.26218
205 6.21441e-05 0.000122171 18.5469 1.96277e-05 2.84615e-05 4.41566
206 6.3938e-05 0.000124292 18.6392 2.00182e-05 2.84464e-05 4.39931
207 6.1425e-05 0.000120522 18.0281 1.89481e-05 2.80675e-05 4.37068
208 6.28008e-05 0.000120555 18.1658 1.92211e-05 2.8538e-05 4.35496
209 6.34044e-05 0.000127264 19.159 1.86163e-05 2.91636e-05 4.5546
210 6.16231e-05 0.000120771 18.217 1.89735e-05 2.83838e-05 4.46336
211 6.48077e-05 0.000124023 18.6852 1.97672e-05 2.83317e-05 4.37774
212 6.40065e-05 0.000127503 19.0884 1.88786e-05 2.89841e-05 4.46707
213 6.40037e-05 0.000122235 18.2594 1.97623e-05 2.89213e-05 4.44349
214 6.62111e-05 0.000125761 18.8443 1.94411e-05 2.83331e-05 4.3911
215 6.24811e-05 0.000118945 17.8176 1.96017e-05 2.81377e-05 4.31029
216 6.55989e-05 0.000122275 18.2103 1.92138e-05 2.88002e-05 4.41223
217 6.27694e-05 0.00011918 17.7137 1.88149e-05 2.8535e-05 4.31587
218 6.28765e-05 0.000120197 17.9049 1.93335e-05 2.85633e-05 4.37222
219 6.65483e-05 0.000125317 18.663 1.96606e-05 2.79984e-05 4.27355
220 6.06965e-05 0.000118303 17.6607 1.88124e-05 2.80603e-05 4.25794
221 6.46144e-05 0.000125376 18.6166 1.90898e-05 2.85525e-05 4.38258
222 6.66974e-05 0.000126295 18.8768 1.93527e-05 2.83831e-05 4.37067
223 6.74997e-05 0.00012986 19.3911 1.91705e-05 2.88368e-05 4.41484
224 6.20347e-05 0.000115773 17.3509 1.84736e-05 2.79199e-05 4.25324
225 6.23455e-05 0.000123221 18.4133 1.8891e-05 2.80762e-05 4.32501
226 6.24568e-05 0.000122835 18.4367 1.92875e-05 2.81221e-05 4.41317
227 6.48841e-05 0.000128334 19.2416 1.87937e-05 2.86448e-05 4.42917
228 6.30284e-05 0.000123463 18.4238 1.82793e-05 2.82588e-05 4.32307
229 6.21753e-05 0.000122578 18.2582 1.9387e-05 2.79629e-05 4.34261
230 6.24805e-05 0.000122954 18.3888 1.82428e-05 2.8091e-05 4.33886
231 6.28053e-05 0.000119047 17.8733 1.88364e-05 2.7537e-05 4.30174
232 6.42437e-05 0.000123402 18.2644 1.80268e-05 2.89446e-05 4.39536
233 6.41134e-05 0.000128733 19.2759 1.84761e-05 2.8534e-05 4.33934
234 6.30315e-05 0.000123155 18.3695 1.87129e-05 2.83763e-05 4.29216
235 6.34876e-05 0.000123195 18.4008 1.87984e-05 2.72649e-05 4.10314
236 6.41097e-05 0.000120806 17.9835 1.85979e-05 2.80437e-05 4.32596
237 6.1888e-05 0.000124792 18.6104 1.87868e-05 2.86598e-05 4.35346
238 6.29826e-05 0.000114117 17.0544 1.88438e-05 2.75266e-05 4.14118
239 6.1651e-05 0.000121223 18.0987 1.7975e-05 2.8096e-05 4.26387
240 6.05748e-05 0.000120835 18.0175 1.73317e-05 2.82069e-05 4.31472
241 6.2269e-05 0.000124673 18.6032 1.68333e-05 2.77846e-05 4.21699
242 6.17081e-05 0.000130207 19.4819 1.80373e-05 2.84344e-05 4.4012
243 6.26084e-05 0.000128939 19.2628 1.7716e-05 2.85253e-05 4.36717
244 6.42658e-05 0.000127447 18.9667 1.87713e-05 2.81964e-05 4.24174
245 6.05137e-05 0.000122334 18.2224 1.7525e-05 2.80668e-05 4.33103
246 6.14335e-05 0.000120342 17.7338 1.82958e-05 2.7506e-05 4.13476
247 6.54233e-05 0.000121672 18.1888 1.72581e-05 2.8226e-05 4.30765
248 6.04622e-05 0.000121553 18.0979 1.77522e-05 2.83981e-05 4.28205
249 6.33695e-05 0.000123769 18.5107 1.74378e-05 2.76482e-05 4.16631
250 6.09406e-05 0.000124873 18.5607 1.82421e-05 2.81932e-05 4.29528
251 6.24877e-05 0.000128391 19.1222 1.72985e-05 2.90909e-05 4.44143
252 6.04175e-05 0.000120834 17.9977 1.8366e-05 2.80317e-05 4.26766
253 6.31417e-05 0.000128863 19.3023 1.72461e-05 2.80338e-05 4.32215
254 6.31597e-05 0.000124543 18.3622 1.78355e-05 2.82567e-05 4.18572
255 6.23635e-05 0.000123228 18.3707 1.71581e-05 2.74809e-05 4.10611
256 6.24201e-05 0.000126085 18.7865 1.84458e-05 2.74907e-05 4.1779
257 6.02244e-05 0.00012627 18.8861 1.77319e-05 2.86974e-05 4.38829
258 6.11678e-05 0.000129224 19.2794 1.75486e-05 2.88493e-05 4.3967
259 6.22652e-05 0.000122333 17.9776 1.79023e-05 2.84281e-05 4.29837
260 6.01748e-05 0.000123774 18.327 1.79852e-05 2.86161e-05 4.36604
261 6.16822e-05 0.000122153 18.1265 1.73929e-05 2.83786e-05 4.33778
262 6.22113e-05 0.000119551 17.6858 1.79938e-05 2.73937e-05 4.085
263 6.1972e-05 0.00012516 18.6434 1.74815e-05 2.83307e-05 4.31045
264 6.29038e-05 0.000125255 18.6118 1.67684e-05 2.79955e-05 4.20249
265 6.03917e-05 0.00012344 18.3971 1.78116e-05 2.8598e-05 4.35253
266 6.38658e-05 0.000126182 18.8641 1.8122e-05 2.81087e-05 4.28517
267 6.12971e-05 0.000126487 18.7705 1.75187e-05 2.80197e-05 4.2432
268 6.09782e-05 0.000121639 18.0224 1.60003e-05 2.75033e-05 4.13582
269 6.36667e-05 0.000131156 19.4255 1.66276e-05 2.85856e-05 4.31634
270 5.86955e-05 0.000123697 18.3529 1.73369e-05 2.7435e-05 4.20784
271 6.22718e-05 0.000126152 18.6532 1.78802e-05 2.74026e-05 4.14121
272 6.08193e-05 0.000127758 19.0385 1.74027e-05 2.78058e-05 4.2397
273 6.41044e-05 0.000129481 19.2796 1.68617e-05 2.83302e-05 4.28546
274 6.19583e-05 0.000129767 19.5597 1.7484e-05 2.80979e-05 4.25229
275 6.4944e-05 0.000125089 18.4182 1.81286e-05 2.82029e-05 4.23139
276 6.16269e-05 0.00012356 18.3675 1.77629e-05 2.72615e-05 4.08137
277 6.07653e-05 0.000122872 18.215 1.76318e-05 2.75345e-05 4.12941
278 6.20282e-05 0.000128099 18.9246 1.67537e-05 2.83861e-05 4.25376
279 6.1974e-05 0.000129358 19.2625 1.675e-05 2.75426e-05 4.15299
280 6.11409e-05 0.000124446 18.4427 1.69475e-05 2.78976e-05 4.23241
281 6.05149e-05 0.000124287 18.5156 1.78458e-05 2.70561e-05 4.12566
282 6.10023e-05 0.0001267 18.8326 1.69919e-05 2.8735e-05 4.31659
283 6.31568e-05 0.000126616 18.8848 1.72128e-05 2.78087e-05 4.22082
284 6.02102e-05 0.000124413 18.4125 1.68138e-05 2.74137e-05 4.1241
285 6.1902e-05 0.000128555 19.0692 1.74467e-05 2.83441e-05 4.33582
286 6.09061e-05 0.000122188 18.1269 1.72567e-05 2.77338e-05 4.19823
287 6.03489e-05 0.00012421 18.4596 1.62968e-05 2.78844e-05 4.17028
288 6.27712e-05 0.000130351 19.3438 1.68781e-05 2.74916e-05 4.15842
289 6.05838e-05 0.000122639 18.0456 1.68386e-05 2.74262e-05 4.10366
290 6.05127e-05 0.000126462 18.7846 1.61226e-05 2.85154e-05 4.26402
291 5.86821e-05 0.000126478 18.8057 1.62672e-05 2.78839e-05 4.22711
292 6.25891e-05 0.000127244 18.9149 1.63847e-05 2.7964e-05 4.1789
293 6.06396e-05 0.000124267 18.3408 1.66631e-05 2.72984e-05 4.08394
294 6.23989e-05 0.000129826 19.3197 1.63211e-05 2.78634e-05 4.19407
295 6.16317e-05 0.000125663 18.5606 1.63769e-05 2.87152e-05 4.2974
296 6.34248e-05 0.000127766 18.8304 1.77087e-05 2.70073e-05 3.9872
297 6.56627e-05 0.000123467 18.2501 1.71234e-05 2.76256e-05 4.11601
298 6.4454e-05 0.000124334 18.4455 1.70685e-05 2.77469e-05 4.13013
299 6.33668e-05 0.000122567 18.3175 1.64987e-05 2.73318e-05 4.17532
300 6.12643e-05 0.000132716 19.6528 1.66385e-05 2.81376e-05 4.21971
301 6.15679e-05 0.000127554 18.9437 1.67355e-05 2.83051e-05 4.30108
302 6.19717e-05 0.000125278 18.7085 1.66606e-05 2.72732e-05 4.09663
303 5.92554e-05 0.000126273 18.7689 1.62403e-05 2.80389e-05 4.26456
304 6.09133e-05 0.000128209 18.9558 1.69168e-05 2.79156e-05 4.13839
305 6.07221e-05 0.000126996 18.832 1.63452e-05 2.75072e-05 4.12385
306 6.14119e-05 0.000126488 18.7898 1.66942e-05 2.76567e-05 4.15893
307 6.29721e-05 0.000127232 18.7423 1.57623e-05 2.79364e-05 4.17142
308 6.17838e-05 0.000129401 19.0894 1.7173e-05 2.81233e-05 4.19648
309 6.25211e-05 0.00012534 18.4671 1.67361e-05 2.73144e-05 4.10921
310 6.16037e-05 0.000128888 19.1815 1.64753e-05 2.73261e-05 4.12656
311 5.91626e-05 0.000126612 18.7527 1.60046e-05 2.7961e-05 4.19113
312 5.75909e-05 0.000122748 18.1743 1.59443e-05 2.77992e-05 4.21854
313 5.92569e-05 0.00012359 18.195 1.62258e-05 2.73085e-05 4.05889
314 6.02142e-05 0.000129958 19.2721 1.61531e-05 2.8559e-05 4.29216
315 5.87615e-05 0.000124282 18.294 1.59785e-05 2.76055e-05 4.08436
316 5.88213e-05 0.000124173 18.4648 1.61013e-05 2.79316e-05 4.24079
317 6.05901e-05 0.000130525 19.4167 1.60285e-05 2.77468e-05 4.19712
318 6.18168e-05 0.000127464 18.8625 1.6206e-05 2.72222e-05 4.05104
319 6.04658e-05 0.000127729 18.7631 1.54484e-05 2.7983e-05 4.17768
320 6.02822e-05 0.000127619 19.0074 1.56086e-05 2.78551e-05 4.1641
321 6.10059e-05 0.000127212 18.7071 1.62522e-05 2.73851e-05 4.06845
322 5.83602e-05 0.000124004 18.2891 1.59667e-05 2.72845e-05 4.07709
323 6.14752e-05 0.000127386 18.8605 1.58981e-05 2.7777e-05 4.12185
324 6.16007e-05 0.000123601 18.2393 1.57602e-05 2.65948e-05 3.97993
325 5.98361e-05 0.000130651 19.3039 1.55961e-05 2.82378e-05 4.2628
326 6.04017e-05 0.000126951 18.8415 1.56339e-05 2.735e-05 4.07787
327 6.18238e-05 0.000125575 18.5957 1.56943e-05 2.77695e-05 4.11207
328 6.24186e-05 0.000131842 19.5134 1.63292e-05 2.76598e-05 4.14148
329 6.21664e-05 0.000133247 19.8397 1.59151e-05 2.78021e-05 4.21781
330 5.93703e-05 0.000130986 19.5368 1.56708e-05 2.79686e-05 4.2059
331 6.07454e-05 0.000129769 19.2049 1.58566e-05 2.73515e-05 4.04026
332 5.93282e-05 0.000125647 18.5166 1.57232e-05 2.77807e-05 4.1045
333 6.05547e-05 0.000131223 19.5248 1.56298e-05 2.73871e-05 4.0814
334 6.00617e-05 0.000125887 18.6012 1.61841e-05 2.77584e-05 4.09371
335 5.93325e-05 0.000127586 18.9996 1.58953e-05 2.67418e-05 4.02177
336 5.85572e-05 0.000125808 18.7517 1.54831e-05 2.78176e-05 4.19939
337 5.98505e-05 0.000129796 19.3228 1.56485e-05 2.75826e-05 4.13785
338 6.20737e-05 0.00012841 18.9955 1.52876e-05 2.74919e-05 4.129
339 5.97485e-05 0.00013382 19.8796 1.55007e-05 2.80222e-05 4.2241
340 6.22882e-05 0.000131757 19.5733 1.63814e-05 2.79064e-05 4.17235
341 5.87865e-05 0.000130071 19.3131 1.61901e-05 2.81611e-05 4.23283
342 5.70795e-05 0.000125894 18.5891 1.4838e-05 2.74709e-05 4.10169
343 6.31275e-05 0.000135021 19.844 1.518e-05 2.84485e-05 4.21581
344 5.9486e-05 0.00012937 19.3751 1.54038e-05 2.74616e-05 4.11399
345 5.9713e-05 0.000125315 18.4662 1.56165e-05 2.73753e-05 4.0853
346 6.25899e-05 0.000134304 19.8151 1.55196e-05 2.84728e-05 4.21332
347 5.88338e-05 0.000126941 18.8392 1.52093e-05 2.77686e-05 4.18908
348 5.99312e-05 0.000127176 18.8633 1.59079e-05 2.74703e-05 4.11741
349 5.92798e-05 0.000133122 19.7762 1.52892e-05 2.73062e-05 4.09527
350 5.97387e-05 0.000129092 19.2201 1.58601e-05 2.71562e-05 4.05334
351 6.30646e-05 0.000130231 19.2464 1.52963e-05 2.79364e-05 4.1051
352 6.24348e-05 0.000135749 20.0973 1.52478e-05 2.69015e-05 3.98798
353 6.04241e-05 0.000132112 19.5344 1.48477e-05 2.7149e-05 4.03008
354 6.36022e-05 0.000127695 18.8549 1.57442e-05 2.64547e-05 3.83457
355 6.12164e-05 0.000130785 19.3688 1.54555e-05 2.77268e-05 4.07279
356 5.93638e-05 0.000129077 19.1053 1.46398e-05 2.84753e-05 4.25413
357 6.27108e-05 0.000131257 19.4962 1.50654e-05 2.8074e-05 4.2299
358 5.84788e-05 0.000129688 19.1919 1.46078e-05 2.82507e-05 4.22179
359 6.44253e-05 0.000133378 19.7547 1.52264e-05 2.77754e-05 4.20357
360 5.98909e-05 0.000129216 19.1188 1.4726e-05 2.75687e-05 4.09019
361 5.99418e-05 0.000130133 19.2454 1.48421e-05 2.73205e-05 4.08804
362 6.25521e-05 0.000132971 19.8487 1.52466e-05 2.71636e-05 4.0808
363 6.20342e-05 0.000128044 19.1206 1.50146e-05 2.75376e-05 4.10764
364 5.97325e-05 0.000130432 19.1883 1.44806e-05 2.8597e-05 4.23132
365 5.73932e-05 0.000126785 18.8119 1.54932e-05 2.75531e-05 4.06578
366 6.33695e-05 0.000134124 19.9817 1.53862e-05 2.6767e-05 3.98004
367 5.90391e-05 0.000129602 19.1961 1.45384e-05 2.71954e-05 4.01562
368 5.70947e-05 0.000125183 18.5427 1.50356e-05 2.75811e-05 4.13775
369 6.25653e-05 0.000131745 19.4717 1.45101e-05 2.76447e-05 4.11318
370 5.96015e-05 0.000129391 19.1125 1.50617e-05 2.82169e-05 4.15412
371 5.98607e-05 0.000130399 19.3167 1.52798e-05 2.76683e-05 4.09977
372 6.02524e-05 0.000129529 19.1832 1.50163e-05 2.7801e-05 4.09071
373 6.31124e-05 0.000129025 19.1377 1.51652e-05 2.75062e-05 4.00521
374 5.92704e-05 0.000129492 19.29 1.41283e-05 2.79894e-05 4.18348
375 6.2002e-05 0.000132872 19.6721 1.55656e-05 2.74097e-05 4.07244
376 5.93619e-05 0.000130825 19.3951 1.4897e-05 2.69325e-05 4.06938
377 5.92775e-05 0.000127776 18.8908 1.48476e-05 2.61571e-05 3.87368
378 6.1801e-05 0.000133388 19.7442 1.48018e-05 2.7682e-05 4.14868
379 6.34925e-05 0.000130515 19.3853 1.50172e-05 2.76705e-05 4.15279
380 5.87875e-05 0.000131989 19.6056 1.44748e-05 2.75657e-05 4.08441
381 5.81353e-05 0.000131886 19.5922 1.48047e-05 2.73171e-05 4.04937
382 6.15885e-05 0.000127884 18.8638 1.5154e-05 2.69499e-05 3.99632
383 6.1932e-05 0.000129279 19.0933 1.4831e-05 2.7332e-05 3.96884
384 6.03408e-05 0.000128958 19.1832 1.50005e-05 2.68906e-05 3.99862
385 5.97195e-05 0.000131644 19.4526 1.52806e-05 2.76991e-05 4.0917
386 5.83457e-05 0.000129687 19.2036 1.45892e-05 2.77095e-05 4.14132
387 5.90087e-05 0.000131299 19.4792 1.45786e-05 2.72736e-05 4.02451
388 6.01205e-05 0.000132571 19.6504 1.41725e-05 2.74698e-05 4.10776
389 5.80541e-05 0.000127466 18.8583 1.47268e-05 2.755e-05 4.09589
390 5.77109e-05 0.000127308 18.7461 1.47095e-05 2.76144e-05 4.10791
391 5.81065e-05 0.000131578 19.5963 1.48053e-05 2.73334e-05 4.071
392 6.22119e-05 0.00013191 19.4874 1.5123e-05 2.69317e-05 3.98945
393 5.92998e-05 0.000131209 19.4149 1.4794e-05 2.75782e-05 4.07425
394 5.99558e-05 0.000132369 19.5617 1.52661e-05 2.76965e-05 4.09699
395 5.82593e-05 0.00012682 18.7453 1.44973e-05 2.76241e-05 4.05873
396 5.94652e-05 0.000131499 19.452 1.5345e-05 2.77574e-05 4.12653
397 5.94685e-05 0.000132821 19.6388 1.49488e-05 2.73966e-05 4.05892
398 5.95582e-05 0.000131194 19.4655 1.48221e-05 2.74141e-05 4.03216
399 5.80855e-05 0.0001268 18.7855 1.38172e-05 2.77261e-05 4.07447
400 6.11183e-05 0.000133202 19.7832 1.39257e-05 2.69686e-05 4.03512
401 6.18661e-05 0.00013576 20.1811 1.44154e-05 2.74373e-05 4.08624
402 5.98046e-05 0.000130022 19.221 1.46923e-05 2.70221e-05 3.95788
403 5.87172e-05 0.000132108 19.6329 1.39703e-05 2.78327e-05 4.15557
404 6.17072e-05 0.000130951 19.3813 1.45469e-05 2.74415e-05 4.03805
405 6.02746e-05 0.000132431 19.5942 1.44762e-05 2.72255e-05 4.03373
406 5.89061e-05 0.000129749 19.3356 1.43334e-05 2.7389e-05 4.07951
407 5.8695e-05 0.000131227 19.461 1.44479e-05 2.728e-05 4.06286
408 5.85702e-05 0.000128868 18.9297 1.43958e-05 2.66223e-05 3.8706
409 5.92905e-05 0.000126856 18.8609 1.44234e-05 2.70635e-05 4.01116
410 5.98716e-05 0.000130054 19.1662 1.41942e-05 2.77328e-05 4.1154
411 5.97158e-05 0.000129617 19.2441 1.44299e-05 2.64803e-05 3.87677
412 6.099e-05 0.000135911 20.2392 1.45606e-05 2.80558e-05 4.17462
413 5.88526e-05 0.000130268 19.2166 1.4461e-05 2.71352e-05 4.04743
414 5.95378e-05 0.000132579 19.6305 1.43516e-05 2.73173e-05 4.0431
415 5.94661e-05 0.000129792 19.239 1.42331e-05 2.82581e-05 4.2093
416 6.05827e-05 0.000129729 19.055 1.49642e-05 2.74335e-05 4.01536
417 5.92808e-05 0.000132553 19.4961 1.3808e-05 2.79879e-05 4.1101
418 5.92941e-05 0.000129101 19.0291 1.44042e-05 2.74246e-05 4.04923
419 5.82712e-05 0.000129159 19.1762 1.38487e-05 2.71129e-05 4.03534
420 5.8172e-05 0.000132121 19.6486 1.38937e-05 2.75892e-05 4.08351
421 6.02415e-05 0.000133006 19.6007 1.46756e-05 2.74705e-05 4.06795
422 5.86149e-05 0.000130716 19.335 1.4542e-05 2.72822e-05 4.00445
423 5.81282e-05 0.000129819 19.1919 1.3498e-05 2.69441e-05 3.97282
424 6.16944e-05 0.000130818 19.4641 1.37922e-05 2.75235e-05 4.07203
425 6.01167e-05 0.000133115 19.6301 1.38415e-05 2.75226e-05 4.05629
426 5.99822e-05 0.000130051 19.1133 1.39231e-05 2.69082e-05 3.95956
427 5.70688e-05 0.000130608 19.3604 1.40081e-05 2.77091e-05 4.11006
428 5.92789e-05 0.000132795 19.6138 1.42893e-05 2.73536e-05 4.04618
429 5.98737e-05 0.000129385 19.1005 1.37471e-05 2.72905e-05 4.03753
430 6.07081e-05 0.000135636 20.0524 1.38931e-05 2.75799e-05 4.06173
431 5.97883e-05 0.000129468 19.1054 1.40224e-05 2.676e-05 3.93691
432 6.15667e-05 0.000135453 20.0436 1.45459e-05 2.70633e-05 3.92954
433 6.07572e-05 0.000135469 19.9979 1.45703e-05 2.76447e-05 4.08959
434 5.65986e-05 0.000127918 18.9214 1.36535e-05 2.70983e-05 3.98823
435 5.97643e-05 0.000132165 19.4895 1.38794e-05 2.70799e-05 3.96077
436 5.85625e-05 0.000131094 19.4041 1.38511e-05 2.68524e-05 3.92313
437 5.86486e-05 0.000129476 19.0887 1.40719e-05 2.73077e-05 4.02872
438 6.02672e-05 0.000130177 19.2663 1.40991e-05 2.68865e-05 3.92876
439 6.03536e-05 0.000134611 19.8979 1.41231e-05 2.7081e-05 3.98871
440 5.93189e-05 0.000130499 19.2554 1.39818e-05 2.74083e-05 3.99218
441 6.00641e-05 0.000135933 20.1586 1.33815e-05 2.77903e-05 4.13801
442 5.80034e-05 0.000131897 19.5165 1.40432e-05 2.7702e-05 4.07971
443 5.87217e-05 0.000133402 19.7346 1.39763e-05 2.71838e-05 3.97726
444 5.99209e-05 0.000133427 19.7611 1.38035e-05 2.76851e-05 4.08718
445 5.90826e-05 0.000135613 20.1448 1.43046e-05 2.74416e-05 4.09267
446 5.94359e-05 0.000132243 19.4674 1.46499e-05 2.731e-05 3.97127
447 6.04637e-05 0.000134539 19.847 1.40439e-05 2.72498e-05 4.01091
448 5.76547e-05 0.000131047 19.4319 1.38232e-05 2.67258e-05 3.97794
449 5.7834e-05 0.000129704 19.0841 1.38369e-05 2.77711e-05 4.06082
450 5.7428e-05 0.000132314 19.5376 1.32816e-05 2.70297e-05 4.0173
451 5.76469e-05 0.00013058 19.2972 1.35289e-05 2.81204e-05 4.16049
452 5.86541e-05 0.000131046 19.4281 1.44621e-05 2.67951e-05 3.95292
453 5.84956e-05 0.000133026 19.6269 1.36379e-05 2.71704e-05 3.9926
454 5.94585e-05 0.00013595 20.2885 1.35746e-05 2.68445e-05 4.00451
455 5.88429e-05 0.000130445 19.2577 1.40018e-05 2.7218e-05 3.99661
456 5.71243e-05 0.000133181 19.7245 1.3651e-05 2.73627e-05 4.06896
457 5.9245e-05 0.000133181 19.7137 1.44719e-05 2.689e-05 3.95219
458 5.88085e-05 0.000131421 19.4409 1.39429e-05 2.66566e-05 3.95578
459 6.10374e-05 0.000129117 19.1551 1.36134e-05 2.69317e-05 3.96642
460 5.78602e-05 0.000132653 19.7162 1.37929e-05 2.75681e-05 4.08341
461 5.79406e-05 0.000131645 19.5384 1.40706e-05 2.72943e-05 4.06536
462 5.93057e-05 0.000135743 20.1249 1.39581e-05 2.7483e-05 4.07515
463 6.03589e-05 0.000130642 19.2553 1.35117e-05 2.71775e-05 4.02217
464 5.84418e-05 0.000133642 19.6894 1.39787e-05 2.69456e-05 3.91643
465 6.09777e-05 0.000136207 20.1259 1.3802e-05 2.6878e-05 3.96214
466 5.88078e-05 0.000136732 20.2667 1.36442e-05 2.79652e-05 4.08965
467 5.63653e-05 0.00013248 19.5963 1.32618e-05 2.74496e-05 4.09102
468 5.67885e-05 0.000133658 19.9108 1.3462e-05 2.70444e-05 4.04744
469 5.97483e-05 0.000134668 19.8865 1.37864e-05 2.71465e-05 4.00443
470 5.99881e-05 0.000135186 19.9387 1.33117e-05 2.79092e-05 4.09069
471 5.8682e-05 0.000134772 19.9446 1.32677e-05 2.6792e-05 3.922
472 5.80398e-05 0.000132535 19.6372 1.35719e-05 2.67188e-05 3.92352
473 6.24804e-05 0.000132047 19.4878 1.35319e-05 2.70078e-05 3.97681
474 5.87884e-05 0.000137568 20.437 1.37805e-05 2.68239e-05 3.96168
475 5.84928e-05 0.000129121 19.0694 1.4009e-05 2.6482e-05 3.90892
476 6.09726e-05 0.000136671 20.3836 1.3889e-05 2.74115e-05 4.09541
477 6.0732e-05 0.000136684 20.1808 1.39298e-05 2.61595e-05 3.82907
478 5.79545e-05 0.000134139 19.9786 1.33611e-05 2.69624e-05 3.98597
479 6.00254e-05 0.000133794 19.9103 1.35744e-05 2.74208e-05 4.03071
480 5.90098e-05 0.000131941 19.5578 1.33199e-05 2.70184e-05 4.00365
481 5.87054e-05 0.000134229 19.8936 1.32765e-05 2.80384e-05 4.15558
482 6.0651e-05 0.000130368 19.3595 1.35386e-05 2.72341e-05 3.9985
483 6.24136e-05 0.000132156 19.5303 1.38052e-05 2.72211e-05 4.00622
484 5.81957e-05 0.000133495 19.7545 1.31422e-05 2.71736e-05 4.00468
485 5.92019e-05 0.000133037 19.765 1.35664e-05 2.66323e-05 3.93794
486 6.09857e-05 0.000131827 19.5412 1.32808e-05 2.67512e-05 3.93836
487 5.84837e-05 0.000135946 20.1868 1.31206e-05 2.79513e-05 4.10289
488 5.87283e-05 0.000134495 19.8389 1.34001e-05 2.72646e-05 3.9467
489 6.25625e-05 0.000135436 20.1828 1.3516e-05 2.71775e-05 3.98275
490 5.83135e-05 0.000131974 19.5311 1.33031e-05 2.68843e-05 3.94009
491 5.56864e-05 0.000133666 19.9424 1.34232e-05 2.69707e-05 4.02069
492 5.88286e-05 0.000132309 19.5211 1.27713e-05 2.73628e-05 4.02321
493 5.66914e-05 0.00013288 19.6804 1.30227e-05 2.7073e-05 3.98349
494 5.83747e-05 0.000134278 19.949 1.31878e-05 2.69046e-05 3.94695
495 5.90416e-05 0.000137115 20.306 1.35903e-05 2.73882e-05 4.05993
496 5.7005e-05 0.00013082 19.361 1.30976e-05 2.66591e-05 3.9208
497 5.74209e-05 0.000135645 20.1373 1.33496e-05 2.72326e-05 4.00164
498 5.86532e-05 0.000136593 20.2917 1.30101e-05 2.78009e-05 4.1077
499 5.73021e-05 0.000133254 19.8286 1.32176e-05 2.6294e-05 3.88782
500 5.61263e-05 0.00013707 20.4522 1.30904e-05 2.80268e-05 4.18353
501 5.81976e-05 0.000131854 19.5293 1.27063e-05 2.67496e-05 3.98893
502 5.68932e-05 0.000134331 19.9771 1.32049e-05 2.7266e-05 3.96974
503 5.82054e-05 0.000132501 19.5323 1.37792e-05 2.71339e-05 4.00678
504 5.71494e-05 0.000131784 19.4569 1.32906e-05 2.67992e-05 3.90954
505 5.6994e-05 0.00013095 19.291 1.32585e-05 2.69451e-05 3.94218
506 5.89338e-05 0.00013109 19.3259 1.35462e-05 2.7035e-05 3.95854
507 5.75204e-05 0.000132059 19.5415 1.3019e-05 2.74159e-05 4.01068
508 5.7709e-05 0.000131825 19.3861 1.30573e-05 2.66382e-05 3.87039
509 5.72729e-05 0.00013442 19.8646 1.32784e-05 2.73062e-05 4.01339
510 6.0084e-05 0.000130869 19.3907 1.28252e-05 2.7017e-05 4.02451
511 6.21719e-05 0.000136824 20.2788 1.30415e-05 2.70272e-05 3.97066
512 5.81606e-05 0.000136391 20.2459 1.30726e-05 2.74665e-05 4.03391
513 5.8349e-05 0.000134223 19.799 1.27519e-05 2.69129e-05 3.94935
514 5.79707e-05 0.0001294 19.0289 1.30577e-05 2.66041e-05 3.86284
515 5.73674e-05 0.000129568 19.1673 1.32523e-05 2.64793e-05 3.85518
516 5.8161e-05 0.000135723 20.0015 1.30926e-05 2.69541e-05 3.93009
517 5.83792e-05 0.00013335 19.6675 1.29718e-05 2.73735e-05 4.02339
518 5.86426e-05 0.000135663 20.0135 1.30199e-05 2.70154e-05 3.97526
519 5.93841e-05 0.000133997 19.8031 1.35903e-05 2.66706e-05 3.87835
520 5.87523e-05 0.000135814 20.0571 1.24895e-05 2.76643e-05 4.09161
521 5.94501e-05 0.000137944 20.4215 1.31176e-05 2.69287e-05 3.9483
522 5.86555e-05 0.000132654 19.6443 1.3753e-05 2.60604e-05 3.83177
523 5.9521e-05 0.000132456 19.4924 1.31895e-05 2.66127e-05 3.88833
524 6.50661e-05 0.000136053 20.3374 1.29173e-05 2.67281e-05 3.9303
525 6.03377e-05 0.000134052 19.8014 1.29013e-05 2.73455e-05 4.04803
526 5.87627e-05 0.000135374 20.0301 1.26308e-05 2.72504e-05 4.01359
527 6.04928e-05 0.000134556 19.8388 1.28737e-05 2.66418e-05 3.9153
528 5.77361e-05 0.000137469 20.3924 1.31196e-05 2.6698e-05 3.94228
529 5.91888e-05 0.0001362 20.1668 1.35563e-05 2.67141e-05 3.93642
530 5.96986e-05 0.000134575 19.9802 1.27983e-05 2.68322e-05 3.92042
531 6.47196e-05 0.000136065 20.1945 1.36422e-05 2.67241e-05 3.90999
532 5.93931e-05 0.000137793 20.4703 1.27666e-05 2.68905e-05 4.00018
533 5.81453e-05 0.000136866 20.2797 1.25588e-05 2.70608e-05 4.04047
534 5.983e-05 0.000139182 20.7546 1.30928e-05 2.75382e-05 4.10727
535 5.98643e-05 0.000132174 19.4811 1.27503e-05 2.63497e-05 3.86781
536 5.7983e-05 0.000134318 19.8864 1.28167e-05 2.78597e-05 4.0547
537 5.97431e-05 0.00014051 20.9703 1.32685e-05 2.67385e-05 3.96243
538 5.75311e-05 0.000134301 19.9425 1.26143e-05 2.67293e-05 3.98687
539 5.77943e-05 0.000132631 19.5508 1.27072e-05 2.65383e-05 3.84362
540 6.00966e-05 0.000138419 20.5641 1.30293e-05 2.7344e-05 4.02935
541 5.66696e-05 0.000133446 19.7622 1.31177e-05 2.66297e-05 3.91473
542 5.89758e-05 0.000133824 19.751 1.3179e-05 2.72345e-05 4.00326
543 6.5364e-05 0.000137689 20.4896 1.25644e-05 2.69828e-05 3.95371
544 5.86944e-05 0.000137087 20.322 1.33014e-05 2.7195e-05 4.02563
545 5.98907e-05 0.000135212 20.06 1.33979e-05 2.67902e-05 3.96176
546 5.72376e-05 0.000134475 19.8813 1.3066e-05 2.69461e-05 4.03553
547 5.5842e-05 0.000132242 19.6022 1.23878e-05 2.65336e-05 3.89154
548 5.94818e-05 0.000135294 20.0511 1.24724e-05 2.74196e-05 4.07351
549 5.93373e-05 0.000136659 20.265 1.30137e-05 2.68909e-05 3.9712
550 5.75222e-05 0.0001366 20.2382 1.23733e-05 2.74073e-05 3.97985
551 6.02352e-05 0.000137287 20.3865 1.30873e-05 2.68798e-05 3.97624
552 5.69389e-05 0.000136314 20.2147 1.27722e-05 2.70564e-05 3.97728
553 5.94039e-05 0.000139926 20.835 1.29547e-05 2.66e-05 3.92635
554 5.92055e-05 0.000135313 19.9808 1.29426e-05 2.69766e-05 3.96719
555 5.91547e-05 0.000137174 20.2565 1.24933e-05 2.72743e-05 3.99725
556 5.60773e-05 0.000127897 18.8832 1.27307e-05 2.6857e-05 3.93538
557 5.97902e-05 0.000132526 19.6036 1.29938e-05 2.66081e-05 3.91859
558 5.71634e-05 0.000131633 19.407 1.24416e-05 2.70796e-05 3.9327
559 5.75739e-05 0.000133615 19.7744 1.29132e-05 2.70305e-05 3.97603
560 5.74807e-05 0.000133548 19.7962 1.26059e-05 2.65896e-05 3.94283
561 5.77513e-05 0.000135979 20.2483 1.24328e-05 2.6738e-05 3.96119
562 5.79619e-05 0.000135202 19.9987 1.26896e-05 2.6899e-05 3.9469
563 6.11158e-05 0.000140292 20.7741 1.30512e-05 2.64314e-05 3.87441
564 5.67979e-05 0.000132705 19.7042 1.3254e-05 2.69046e-05 3.97644
565 5.76074e-05 0.000136154 20.1243 1.28123e-05 2.68055e-05 3.90078
566 5.8345e-05 0.000135693 20.1069 1.24967e-05 2.68714e-05 3.95248
567 5.9236e-05 0.00014028 20.809 1.23005e-05 2.73579e-05 4.00901
568 5.79917e-05 0.000137421 20.4206 1.27329e-05 2.65285e-05 3.87364
569 5.72813e-05 0.00013601 20.2285 1.2325e-05 2.73785e-05 4.00579
570 5.87097e-05 0.000133474 19.7435 1.28688e-05 2.62903e-05 3.83477
571 5.85891e-05 0.000138612 20.6284 1.2289e-05 2.67626e-05 3.95264
572 6.10857e-05 0.000135285 20.1049 1.2689e-05 2.73785e-05 4.01445
573 5.79474e-05 0.000134113 19.8799 1.24566e-05 2.69025e-05 3.95855
574 5.57147e-05 0.000134866 19.9914 1.31027e-05 2.74151e-05 4.04704
575 5.87298e-05 0.000134257 19.8363 1.30388e-05 2.66919e-05 3.92849
576 5.73881e-05 0.00013537 20.0207 1.27626e-05 2.63826e-05 3.81408
577 5.86487e-05 0.000134589 19.9451 1.23695e-05 2.68078e-05 3.90726
578 5.87495e-05 0.00013828 20.569 1.21683e-05 2.6645e-05 3.91507
579 6.13149e-05 0.000140404 20.8364 1.30376e-05 2.69964e-05 3.99771
580 5.80847e-05 0.000135855 20.1154 1.26071e-05 2.69815e-05 3.93554
581 5.70237e-05 0.00013626 20.1255 1.19429e-05 2.7167e-05 3.96491
582 6.50689e-05 0.000133606 19.7429 1.22078e-05 2.70792e-05 3.89936
583 6.31434e-05 0.00013641 20.213 1.30549e-05 2.63167e-05 3.83562
584 5.88526e-05 0.000136963 20.3174 1.2567e-05 2.68383e-05 3.9063
585 5.8826e-05 0.000136326 20.1499 1.25085e-05 2.64915e-05 3.86291
586 6.20081e-05 0.000133709 19.8629 1.26524e-05 2.63655e-05 3.86254
587 5.7638e-05 0.000136824 20.263 1.29341e-05 2.70352e-05 4.00809
588 5.83664e-05 0.000136556 20.3365 1.23379e-05 2.66017e-05 3.96437
589 5.82961e-05 0.000133926 19.8843 1.26606e-05 2.63853e-05 3.85167
590 5.91543e-05 0.000134693 19.8747 1.25599e-05 2.64814e-05 3.85091
591 5.74958e-05 0.000132754 19.6736 1.28526e-05 2.6049e-05 3.80884
592 5.81188e-05 0.000138935 20.5779 1.24445e-05 2.69438e-05 3.90747
593 5.74622e-05 0.000138894 20.6717 1.27166e-05 2.68334e-05 3.94707
594 5.69429e-05 0.000134107 19.897 1.25706e-05 2.60822e-05 3.80262
595 5.72058e-05 0.000138555 20.5979 1.27242e-05 2.63803e-05 3.93402
596 6.20371e-05 0.000139611 20.8922 1.265e-05 2.72066e-05 4.01833
597 5.72237e-05 0.000136286 20.1984 1.3151e-05 2.67712e-05 3.96668
598 5.83322e-05 0.000136657 20.2826 1.26327e-05 2.71654e-05 3.98875
599 5.83407e-05 0.000137937 20.5644 1.28981e-05 2.73469e-05 4.04351
600 5.69476e-05 0.00013561 20.2217 1.25377e-05 2.74492e-05 4.02305
601 5.70136e-05 0.000135582 20.0245 1.26129e-05 2.70755e-05 3.93825
602 5.8668e-05 0.000137089 20.3311 1.30273e-05 2.68449e-05 3.93552
603 5.72765e-05 0.00013555 20.0539 1.25734e-05 2.70604e-05 3.94537
604 5.97894e-05 0.000134459 19.8267 1.23383e-05 2.65916e-05 3.8823
605 5.77483e-05 0.00013725 20.3036 1.2533e-05 2.67077e-05 3.93488
606 5.75574e-05 0.000130123 19.2258 1.26475e-05 2.6711e-05 3.94855
607 5.87498e-05 0.000139145 20.6283 1.26275e-05 2.6519e-05 3.87674
608 5.92578e-05 0.000138298 20.5581 1.28222e-05 2.63515e-05 3.88373
609 5.81519e-05 0.000137955 20.3969 1.21469e-05 2.66849e-05 3.89394
610 5.76845e-05 0.000136411 20.3095 1.25775e-05 2.7058e-05 4.02463
611 6.04557e-05 0.000140295 20.852 1.2669e-05 2.64063e-05 3.92831
612 5.78632e-05 0.000134569 19.9882 1.18797e-05 2.63308e-05 3.85943
613 5.75951e-05 0.000135359 20.1434 1.27578e-05 2.6525e-05 3.91881
614 5.81912e-05 0.000139066 20.6501 1.21458e-05 2.71927e-05 4.00359
615 5.81883e-05 0.000135996 20.1596 1.1877e-05 2.70131e-05 3.96157
616 5.89353e-05 0.000136885 20.2401 1.21844e-05 2.69595e-05 3.95857
617 5.96061e-05 0.000137679 20.3788 1.22698e-05 2.67475e-05 3.91227
618 6.07593e-05 0.000141416 20.8506 1.28503e-05 2.67752e-05 3.89318
619 5.86662e-05 0.000135734 20.179 1.23018e-05 2.64069e-05 3.87094
620 5.80972e-05 0.000138149 20.588 1.23422e-05 2.64931e-05 3.87428
621 6.0104e-05 0.000142079 21.1776 1.20056e-05 2.67669e-05 3.96225
622 5.89173e-05 0.000140741 20.8745 1.22169e-05 2.63171e-05 3.86071
623 5.70983e-05 0.000136985 20.3366 1.25309e-05 2.61705e-05 3.82262
624 5.98535e-05 0.00013725 20.2842 1.25839e-05 2.69763e-05 3.94966
625 6.07228e-05 0.000139627 20.6854 1.19477e-05 2.67065e-05 3.92712
626 5.85628e-05 0.000140867 20.9728 1.27754e-05 2.70901e-05 3.98718
627 6.38577e-05 0.000138765 20.8534 1.20268e-05 2.67207e-05 3.94178
628 6.02962e-05 0.000140383 20.975 1.2687e-05 2.61513e-05 3.83286
629 6.14776e-05 0.00013657 20.61 1.18092e-05 2.69501e-05 3.97867
630 5.62391e-05 0.000135967 20.1528 1.16903e-05 2.6453e-05 3.87938
631 5.99173e-05 0.000139423 20.6678 1.23002e-05 2.62983e-05 3.84167
632 5.60936e-05 0.000135602 20.0824 1.23022e-05 2.6361e-05 3.86574
633 5.9717e-05 0.000139907 20.7184 1.23018e-05 2.59595e-05 3.79723
634 6.02199e-05 0.00013844 20.484 1.20526e-05 2.63663e-05 3.84235
635 5.73098e-05 0.000138886 20.6309 1.17336e-05 2.67731e-05 3.94172
636 5.9134e-05 0.000137279 20.4636 1.1862e-05 2.64846e-05 3.9671
637 5.73376e-05 0.000136264 20.2053 1.20287e-05 2.64014e-05 3.84754
638 5.91048e-05 0.000138278 20.5752 1.20281e-05 2.60471e-05 3.81556
639 5.81091e-05 0.000139978 20.7826 1.24368e-05 2.67801e-05 3.91245
640 5.77101e-05 0.000138036 20.5194 1.17815e-05 2.69409e-05 3.92466
641 5.93405e-05 0.000134942 20.0711 1.24581e-05 2.57882e-05 3.80378
642 5.82322e-05 0.0001374 20.5206 1.19763e-05 2.63862e-05 3.90248
643 5.67199e-05 0.000136805 20.2888 1.18041e-05 2.67147e-05 3.90623
644 6.06353e-05 0.000138339 20.5028 1.24982e-05 2.73598e-05 4.07056
645 5.74716e-05 0.000134247 19.778 1.22493e-05 2.68216e-05 3.89378
646 6.01977e-05 0.000138689 20.5397 1.22783e-05 2.66795e-05 3.91615
647 5.66472e-05 0.000136502 20.2065 1.20229e-05 2.6781e-05 3.89341
648 5.85322e-05 0.000138744 20.5268 1.27277e-05 2.64835e-05 3.91134
649 5.91616e-05 0.000137826 20.5123 1.17257e-05 2.71086e-05 4.00349
650 5.79338e-05 0.000137522 20.4518 1.22412e-05 2.70266e-05 3.98011
651 5.89345e-05 0.000135801 20.1112 1.19282e-05 2.68643e-05 3.87663
652 5.88324e-05 0.000139763 20.7395 1.2401e-05 2.64116e-05 3.87681
653 6.04322e-05 0.000136724 20.2631 1.16958e-05 2.64694e-05 3.86227
654 5.88752e-05 0.000138822 20.5875 1.162e-05 2.64334e-05 3.82268
655 5.75681e-05 0.000138498 20.5512 1.23317e-05 2.72509e-05 4.01454
656 5.78772e-05 0.000140127 20.7904 1.21088e-05 2.64805e-05 3.89908
657 5.72516e-05 0.000136497 20.2361 1.1672e-05 2.67186e-05 3.88902
658 5.83496e-05 0.000137976 20.4174 1.2586e-05 2.68849e-05 3.90235
659 6.03632e-05 0.000140409 20.8685 1.21556e-05 2.64093e-05 3.84955
660 6.09693e-05 0.000135044 19.9995 1.17816e-05 2.62144e-05 3.83448
661 5.64765e-05 0.000134852 19.9565 1.13782e-05 2.67648e-05 3.88262
662 5.87823e-05 0.000137609 20.4313 1.24417e-05 2.61221e-05 3.812
663 5.74378e-05 0.000139107 20.7179 1.20003e-05 2.71806e-05 3.97882
664 5.95618e-05 0.000137814 20.3438 1.20429e-05 2.69054e-05 3.93589
665 5.94781e-05 0.000142045 21.0839 1.2148e-05 2.63745e-05 3.88249
666 5.74053e-05 0.000134025 19.7526 1.19252e-05 2.66605e-05 3.8324
667 5.64446e-05 0.000135855 20.1453 1.20916e-05 2.69785e-05 3.92711
668 6.07284e-05 0.000138032 20.5212 1.17896e-05 2.61732e-05 3.80927
669 5.75255e-05 0.000137661 20.4394 1.18078e-05 2.68344e-05 3.89954
670 5.63285e-05 0.00013532 20.0395 1.14803e-05 2.71353e-05 3.98165
671 6.02172e-05 0.00013878 20.6804 1.22847e-05 2.60651e-05 3.83776
672 5.79867e-05 0.000136412 20.1311 1.22037e-05 2.65475e-05 3.82652
673 6.25327e-05 0.000140861 21.0554 1.18656e-05 2.68673e-05 4.00694
674 5.88524e-05 0.000137531 20.3444 1.17864e-05 2.69935e-05 3.95048
675 6.04756e-05 0.000138127 20.554 1.19481e-05 2.65715e-05 3.89087
676 5.80942e-05 0.000139288 20.6755 1.22371e-05 2.61589e-05 3.83913
677 5.89354e-05 0.000136531 20.1256 1.2238e-05 2.71035e-05 4.00608
678 5.92391e-05 0.00014164 21.1289 1.19454e-05 2.70013e-05 3.99152
679 5.60599e-05 0.0001342 19.9 1.14286e-05 2.61155e-05 3.78426
680 5.62497e-05 0.0001391 20.753 1.1791e-05 2.63242e-05 3.86091
681 5.82437e-05 0.000138469 20.4713 1.17289e-05 2.64184e-05 3.85801
682 5.90315e-05 0.000138232 20.5595 1.15908e-05 2.71385e-05 3.97674
683 5.7436e-05 0.000137529 20.3551 1.17961e-05 2.63267e-05 3.81656
684 5.7894e-05 0.000138231 20.4625 1.14096e-05 2.66502e-05 3.92242
685 6.39258e-05 0.000141568 21.1853 1.15212e-05 2.65173e-05 3.9354
686 5.79451e-05 0.00014033 20.9019 1.16572e-05 2.65825e-05 3.90717
687 5.87909e-05 0.000136564 20.2617 1.2114e-05 2.62408e-05 3.86789
688 5.76537e-05 0.00013755 20.423 1.1642e-05 2.63786e-05 3.89256
689 6.04143e-05 0.000139274 20.778 1.19009e-05 2.65336e-05 3.88128
690 5.80876e-05 0.000141053 21.0491 1.14038e-05 2.63209e-05 3.87053
691 5.8869e-05 0.00014122 20.98 1.18451e-05 2.69288e-05 3.94942
692 5.7077e-05 0.00013384 19.8707 1.17348e-05 2.67002e-05 3.90497
693 5.94488e-05 0.000137523 20.4878 1.22088e-05 2.6467e-05 3.94267
694 6.0047e-05 0.000138091 20.6357 1.16778e-05 2.58696e-05 3.81227
695 5.85595e-05 0.000139719 20.7649 1.17625e-05 2.65849e-05 3.93659
696 5.80085e-05 0.000138068 20.4754 1.15462e-05 2.63126e-05 3.86091
697 5.8857e-05 0.000141424 20.9695 1.19726e-05 2.63727e-05 3.87349
698 6.27838e-05 0.000141263 20.9386 1.23801e-05 2.65757e-05 3.87559
699 6.00303e-05 0.000139527 20.8198 1.2132e-05 2.66389e-05 3.91236
700 5.8446e-05 0.000137424 20.4602 1.15793e-05 2.62423e-05 3.86676
701 5.76255e-05 0.00013853 20.4439 1.17965e-05 2.71375e-05 3.97385
702 5.99241e-05 0.000139894 20.8426 1.14368e-05 2.68326e-05 3.94216
703 5.98318e-05 0.000139966 20.8056 1.21266e-05 2.59116e-05 3.83636
704 5.62573e-05 0.000136952 20.335 1.22026e-05 2.65758e-05 3.88782
705 5.7655e-05 0.000139747 20.7777 1.16253e-05 2.60388e-05 3.80686
706 5.83747e-05 0.000135343 19.9565 1.23924e-05 2.593e-05 3.75264
707 6.06132e-05 0.000138732 20.5335 1.1972e-05 2.63024e-05 3.85106
708 5.97724e-05 0.000137129 20.3422 1.12974e-05 2.67492e-05 3.91745
709 6.04017e-05 0.000140427 20.8864 1.18753e-05 2.64268e-05 3.90111
710 5.73378e-05 0.000137598 20.4344 1.21169e-05 2.67582e-05 3.89214
711 5.80439e-05 0.000135364 19.9932 1.19084e-05 2.63467e-05 3.86858
712 5.85932e-05 0.000137433 20.4217 1.16816e-05 2.61188e-05 3.81416
713 5.72473e-05 0.000137888 20.4637 1.17109e-05 2.59799e-05 3.82186
714 5.73152e-05 0.000136413 20.1388 1.21944e-05 2.70909e-05 3.93368
715 5.79929e-05 0.000142676 21.2191 1.13431e-05 2.71838e-05 3.96853
716 5.97678e-05 0.000139331 20.6863 1.17415e-05 2.59308e-05 3.78778
717 5.8146e-05 0.000140451 20.8322 1.2196e-05 2.62651e-05 3.82514
718 5.81897e-05 0.000139044 20.5767 1.19903e-05 2.6395e-05 3.88915
719 5.9262e-05 0.000141271 21.1384 1.19064e-05 2.57863e-05 3.7975
720 6.01749e-05 0.000134817 20.0045 1.14402e-05 2.64841e-05 3.85212
721 5.77918e-05 0.0001368 20.3355 1.1996e-05 2.63271e-05 3.84976
722 5.78003e-05 0.000136116 20.1789 1.16806e-05 2.64753e-05 3.86955
723 5.90813e-05 0.000137645 20.3787 1.2291e-05 2.65e-05 3.86701
724 5.78064e-05 0.00013858 20.6639 1.19007e-05 2.62502e-05 3.80129
725 5.77047e-05 0.000138948 20.7754 1.2071e-05 2.59556e-05 3.80691
726 5.84605e-05 0.000140227 20.8745 1.19516e-05 2.65123e-05 3.92701
727 5.7031e-05 0.000139099 20.6775 1.13663e-05 2.68429e-05 3.92644
728 5.91322e-05 0.00013927 20.684 1.20224e-05 2.62276e-05 3.86431
729 6.09572e-05 0.000143497 21.4264 1.20818e-05 2.63542e-05 3.87611
730 5.78013e-05 0.000141852 21.1039 1.1214e-05 2.66011e-05 3.87388
731 5.70464e-05 0.000135034 20.0065 1.18994e-05 2.57854e-05 3.74788
732 5.8258e-05 0.000142468 21.2197 1.16482e-05 2.6783e-05 3.95205
733 5.91225e-05 0.000142029 21.1644 1.17842e-05 2.67645e-05 3.93463
734 5.67982e-05 0.000137221 20.4782 1.1457e-05 2.62514e-05 3.88533
735 5.88603e-05 0.000144946 21.6701 1.16263e-05 2.69045e-05 4.02475
736 5.78571e-05 0.000138898 20.5613 1.16873e-05 2.63417e-05 3.836
737 5.74594e-05 0.000138894 20.6576 1.12047e-05 2.65993e-05 3.91605
738 5.84453e-05 0.00013913 20.7501 1.15179e-05 2.6502e-05 3.88084
739 5.76521e-05 0.000138932 20.6104 1.13749e-05 2.62861e-05 3.82804
740 5.69745e-05 0.000139421 20.6883 1.13204e-05 2.61343e-05 3.80531
741 5.66228e-05 0.000137038 20.3966 1.11886e-05 2.70438e-05 3.97149
742 5.6847e-05 0.000139778 20.8062 1.14452e-05 2.63079e-05 3.86459
743 5.84281e-05 0.000136435 20.2932 1.0898e-05 2.65462e-05 3.93258
744 5.76984e-05 0.000137246 20.3941 1.15539e-05 2.68218e-05 3.95309
745 5.83111e-05 0.000137952 20.4684 1.14905e-05 2.62293e-05 3.8664
746 5.80207e-05 0.000139507 20.7196 1.17295e-05 2.63273e-05 3.82531
747 5.64362e-05 0.00013746 20.4341 1.18395e-05 2.61783e-05 3.84628
748 5.88961e-05 0.000141435 21.0464 1.10659e-05 2.68793e-05 3.9917
749 5.64071e-05 0.000139394 20.7621 1.12467e-05 2.6426e-05 3.87612
750 5.77568e-05 0.000140445 21.0048 1.19235e-05 2.61797e-05 3.85111
751 5.74554e-05 0.000139434 20.6952 1.17228e-05 2.67123e-05 3.90689
752 5.68049e-05 0.000141945 21.171 1.1136e-05 2.67412e-05 3.97307
753 5.76309e-05 0.000140633 20.918 1.15735e-05 2.60984e-05 3.82598
754 5.84087e-05 0.000138882 20.5483 1.15223e-05 2.62315e-05 3.8003
755 5.81996e-05 0.000137208 20.3334 1.14873e-05 2.59781e-05 3.75494
756 5.79658e-05 0.000136668 20.3646 1.17296e-05 2.6175e-05 3.80206
757 5.66067e-05 0.000138265 20.6826 1.14284e-05 2.60638e-05 3.80178
758 5.79083e-05 0.000136431 20.1875 1.1493e-05 2.62069e-05 3.79514
759 5.62361e-05 0.000137216 20.3435 1.14822e-05 2.61499e-05 3.77421
760 6.05767e-05 0.000140941 21.12 1.13792e-05 2.64775e-05 3.87217
761 5.69737e-05 0.000137612 20.4287 1.15379e-05 2.63802e-05 3.8788
762 5.87253e-05 0.000139855 20.7346 1.17286e-05 2.63417e-05 3.85938
763 5.95879e-05 0.000136685 20.3239 1.20038e-05 2.61092e-05 3.81495
764 5.88195e-05 0.000140638 20.9351 1.1874e-05 2.58157e-05 3.83448
765 5.76003e-05 0.000138565 20.5932 1.15589e-05 2.66791e-05 3.93462
766 5.77438e-05 0.00014093 21.0194 1.10826e-05 2.58518e-05 3.81666
767 5.68544e-05 0.00014058 20.9658 1.10322e-05 2.65727e-05 3.90417
768 5.69991e-05 0.000140058 20.866 1.13787e-05 2.68574e-05 3.95807
769 5.99241e-05 0.000138839 20.7 1.15378e-05 2.64493e-05 3.858
770 6.00947e-05 0.000139831 20.7499 1.17787e-05 2.60983e-05 3.8255
771 5.77852e-05 0.000140136 20.8792 1.1041e-05 2.61261e-05 3.83882
772 5.94767e-05 0.000139193 20.7905 1.15458e-05 2.59824e-05 3.79597
773 5.99663e-05 0.000138919 20.6057 1.19134e-05 2.63287e-05 3.8523
774 5.93485e-05 0.000140263 20.916 1.11358e-05 2.61996e-05 3.84369
775 5.9868e-05 0.000143389 21.4631 1.14774e-05 2.63099e-05 3.88548
776 5.79469e-05 0.000139574 20.8367 1.14509e-05 2.59456e-05 3.87029
777 5.79793e-05 0.000139044 20.6077 1.13368e-05 2.64964e-05 3.86874
778 5.84443e-05 0.000141932 21.0896 1.18453e-05 2.68831e-05 3.92004
779 6.10697e-05 0.000143136 21.3198 1.15688e-05 2.64822e-05 3.92351
780 5.76365e-05 0.000137813 20.4869 1.14259e-05 2.64895e-05 3.83327
781 6.03486e-05 0.000140626 20.9766 1.13559e-05 2.61564e-05 3.81377
782 5.81933e-05 0.000139737 20.6905 1.12854e-05 2.67366e-05 3.87326
783 5.90513e-05 0.00013881 20.5717 1.16295e-05 2.68419e-05 3.91887
784 6.47418e-05 0.000142489 21.1808 1.12321e-05 2.6714e-05 3.89989
785 5.86338e-05 0.000142398 21.2076 1.13532e-05 2.67174e-05 3.95977
786 6.09673e-05 0.000143247 21.437 1.16227e-05 2.64032e-05 3.84799
787 5.60937e-05 0.00013699 20.3439 1.10214e-05 2.6253e-05 3.85613
788 5.69246e-05 0.000138745 20.6906 1.15004e-05 2.661e-05 3.93049
789 5.79931e-05 0.000138087 20.7105 1.13609e-05 2.61356e-05 3.8567
790 5.6876e-05 0.000139297 20.6924 1.13644e-05 2.68022e-05 3.96337
791 6.48794e-05 0.000144155 21.5987 1.17525e-05 2.64095e-05 3.96004
792 5.89333e-05 0.000142564 21.2783 1.15822e-05 2.65163e-05 3.86119
793 5.95475e-05 0.000145035 21.6067 1.20403e-05 2.65577e-05 3.90309
794 6.07009e-05 0.00013824 20.7063 1.15203e-05 2.68048e-05 3.94943
795 6.04787e-05 0.000143131 21.3867 1.18269e-05 2.60948e-05 3.8708
796 5.82894e-05 0.000139322 20.6961 1.1282e-05 2.64774e-05 3.84222
797 5.66715e-05 0.00014222 21.2691 1.1202e-05 2.59792e-05 3.80967
798 5.65152e-05 0.000140053 20.8192 1.13664e-05 2.6368e-05 3.85807
799 5.94707e-05 0.000139416 20.6969 1.12736e-05 2.65246e-05 3.8441
800 6.03299e-05 0.000146755 21.8604 1.13491e-05 2.63349e-05 3.83621
801 6.07207e-05 0.000142656 21.1363 1.13669e-05 2.62026e-05 3.84952
802 5.65742e-05 0.000140202 20.8878 1.14683e-05 2.67397e-05 3.96526
803 5.95409e-05 0.000142343 21.1259 1.07935e-05 2.72308e-05 4.04291
804 5.87178e-05 0.000142951 21.3036 1.09121e-05 2.68529e-05 3.95747
805 5.72907e-05 0.000141235 20.9991 1.07604e-05 2.64739e-05 3.87571
806 5.98842e-05 0.000141729 21.0335 1.12528e-05 2.65702e-05 3.93884
807 5.98205e-05 0.000140666 20.9331 1.12888e-05 2.62049e-05 3.78999
808 5.7283e-05 0.000140554 20.9133 1.13188e-05 2.62336e-05 3.83749
809 6.08674e-05 0.000142696 21.2534 1.12374e-05 2.62146e-05 3.82482
810 6.16578e-05 0.000140851 21.0356 1.12087e-05 2.61776e-05 3.82548
811 5.83105e-05 0.000139861 20.7544 1.10571e-05 2.60319e-05 3.80192
812 6.14154e-05 0.000141351 21.1471 1.09873e-05 2.60625e-05 3.79618
813 5.98175e-05 0.000142783 21.3117 1.139e-05 2.6747e-05 3.93497
814 5.73901e-05 0.000138868 20.6217 1.16518e-05 2.61202e-05 3.85106
815 5.73988e-05 0.000137956 20.5671 1.10683e-05 2.59961e-05 3.77692
816 5.72624e-05 0.000142062 21.1412 1.1201e-05 2.61691e-05 3.84213
817 5.76254e-05 0.00014103 21.0401 1.12021e-05 2.5883e-05 3.798
818 5.69662e-05 0.000144423 21.6007 1.13869e-05 2.63279e-05 3.90483
819 5.73179e-05 0.000142498 21.2723 1.13731e-05 2.61793e-05 3.8121
820 5.78522e-05 0.000141287 21.0204 1.12972e-05 2.62026e-05 3.80901
821 6.2934e-05 0.000139923 20.9313 1.13635e-05 2.61007e-05 3.85691
822 5.98945e-05 0.000141637 21.2277 1.10328e-05 2.6469e-05 3.90777
823 5.70615e-05 0.000139666 20.8248 1.08468e-05 2.64087e-05 3.88553
824 5.71297e-05 0.000140341 20.968 1.13147e-05 2.64267e-05 3.85095
825 5.85268e-05 0.00014229 21.1587 1.16488e-05 2.59716e-05 3.84192
826 5.94843e-05 0.000143105 21.4162 1.12606e-05 2.64816e-05 3.87393
827 5.80098e-05 0.000138921 20.6555 1.14592e-05 2.59249e-05 3.80978
828 5.75513e-05 0.000143564 21.434 1.11449e-05 2.61781e-05 3.86732
829 5.70908e-05 0.000141095 21.0324 1.06387e-05 2.66236e-05 3.88493
830 6.05393e-05 0.000141911 21.1036 1.1258e-05 2.64159e-05 3.85736
831 5.85606e-05 0.000141057 21.0157 1.08946e-05 2.69757e-05 3.99769
832 5.69694e-05 0.000137393 20.4116 1.12198e-05 2.63142e-05 3.83083
833 5.7828e-05 0.000142251 21.1737 1.10648e-05 2.67208e-05 3.94712
834 5.967e-05 0.000140871 20.9574 1.10605e-05 2.63973e-05 3.84374
835 5.99046e-05 0.00014205 21.1451 1.08475e-05 2.64771e-05 3.8694
836 6.3655e-05 0.000139321 20.9142 1.11505e-05 2.65183e-05 3.89491
837 5.86589e-05 0.000141282 20.9681 1.08894e-05 2.675e-05 3.88697
838 5.80531e-05 0.000139209 20.6739 1.1538e-05 2.60023e-05 3.79753
839 6.03625e-05 0.000141414 21.0708 1.10141e-05 2.62657e-05 3.87574
840 5.82323e-05 0.000140112 20.9217 1.16755e-05 2.58153e-05 3.82082
841 5.75725e-05 0.000138799 20.5633 1.17281e-05 2.61319e-05 3.80662
842 5.85828e-05 0.000140979 21.0129 1.09485e-05 2.59971e-05 3.82221
843 5.65859e-05 0.000136959 20.3198 1.08556e-05 2.65088e-05 3.82637
844 6.11988e-05 0.000141988 21.1739 1.15237e-05 2.62513e-05 3.89091
845 6.04915e-05 0.000139666 20.9074 1.07842e-05 2.66586e-05 3.87928
846 5.96897e-05 0.0001407 20.9884 1.17035e-05 2.60528e-05 3.78873
847 5.86002e-05 0.000139537 20.7691 1.16347e-05 2.65404e-05 3.89648
848 5.64011e-05 0.000138384 20.5805 1.08269e-05 2.56594e-05 3.68087
849 5.83454e-05 0.000142671 21.3667 1.11501e-05 2.65706e-05 3.9149
850 5.94912e-05 0.000139425 20.7571 1.07096e-05 2.59383e-05 3.74503
851 5.77901e-05 0.000138086 20.4927 1.09574e-05 2.61096e-05 3.78513
852 5.83963e-05 0.000142269 21.199 1.04902e-05 2.6222e-05 3.84357
853 6.07936e-05 0.000141774 21.1176 1.1012e-05 2.57366e-05 3.78065
854 5.61039e-05 0.000137779 20.509 1.07515e-05 2.58841e-05 3.81806
855 6.02718e-05 0.000139421 20.7743 1.15895e-05 2.59947e-05 3.8187
856 5.73268e-05 0.000141816 21.1862 1.0951e-05 2.58682e-05 3.81281
857 5.70301e-05 0.000138617 20.6179 1.10842e-05 2.60356e-05 3.79608
858 6.11231e-05 0.00014397 21.5332 1.12469e-05 2.64025e-05 3.8745
859 5.62498e-05 0.000137778 20.6111 1.10387e-05 2.5941e-05 3.79294
860 5.96372e-05 0.000145754 21.8189 1.11422e-05 2.62476e-05 3.8483
861 5.8912e-05 0.000139898 20.925 1.1027e-05 2.58605e-05 3.76853
862 6.07404e-05 0.000140884 20.9963 1.15642e-05 2.54868e-05 3.74216
863 5.71388e-05 0.00014175 21.169 1.12702e-05 2.59542e-05 3.85738
864 6.53624e-05 0.000139742 20.9191 1.10118e-05 2.61877e-05 3.88634
865 5.63041e-05 0.000141793 21.1969 1.0575e-05 2.61156e-05 3.85332
866 5.8361e-05 0.000142292 21.2078 1.08913e-05 2.59147e-05 3.82923
867 5.60387e-05 0.000138546 20.673 1.09959e-05 2.56553e-05 3.7663
868 5.74528e-05 0.000140803 21.1003 1.1021e-05 2.62146e-05 3.88312
869 5.74539e-05 0.000143777 21.4089 1.1005e-05 2.60581e-05 3.79933
870 5.63901e-05 0.000136176 20.1633 1.14085e-05 2.63268e-05 3.80944
871 5.66004e-05 0.000142632 21.3696 1.0757e-05 2.61282e-05 3.84463
872 5.68234e-05 0.000141853 21.1817 1.06059e-05 2.66803e-05 3.91211
873 5.82101e-05 0.000139755 20.8875 1.084e-05 2.63893e-05 3.84769
874 5.80153e-05 0.000143563 21.4689 1.07609e-05 2.6042e-05 3.83263
875 5.72769e-05 0.000141156 21.0928 1.13592e-05 2.59147e-05 3.81053
876 5.8973e-05 0.000140824 20.9842 1.09608e-05 2.6119e-05 3.84852
877 5.68345e-05 0.000140688 20.9392 1.07928e-05 2.59462e-05 3.77673
878 6.47662e-05 0.000142205 21.409 1.06505e-05 2.64819e-05 3.90171
879 5.83951e-05 0.00013933 20.7754 1.14435e-05 2.5914e-05 3.78844
880 5.64881e-05 0.000140421 20.8873 1.09595e-05 2.60137e-05 3.83104
881 5.78378e-05 0.000139869 20.8848 1.08396e-05 2.59226e-05 3.80184
882 5.64661e-05 0.00013959 20.7028 1.03719e-05 2.67527e-05 3.87248
883 6.01876e-05 0.000139649 20.8028 1.13141e-05 2.62289e-05 3.81977
884 6.05251e-05 0.000143475 21.4409 1.15491e-05 2.53791e-05 3.75205
885 5.9338e-05 0.000140466 20.9384 1.1323e-05 2.64252e-05 3.91693
886 6.38339e-05 0.000140134 20.9489 1.09532e-05 2.59286e-05 3.82334
887 6.16966e-05 0.000144382 21.6556 1.12042e-05 2.61769e-05 3.8924
888 5.757e-05 0.00014176 21.0694 1.12103e-05 2.5541e-05 3.72781
889 5.83733e-05 0.000140248 20.8065 1.08495e-05 2.59898e-05 3.76184
890 5.80178e-05 0.00014356 21.4383 1.0975e-05 2.64525e-05 3.84497
891 5.92505e-05 0.000142425 21.2397 1.09882e-05 2.61494e-05 3.82677
892 5.82874e-05 0.00014606 21.9173 1.10545e-05 2.60284e-05 3.85327
893 6.07075e-05 0.00013668 20.4552 1.06938e-05 2.6333e-05 3.88724
894 5.72142e-05 0.000141734 21.1456 1.11745e-05 2.61767e-05 3.90559
895 5.82105e-05 0.000143861 21.4249 1.09498e-05 2.58016e-05 3.7733
896 5.667e-05 0.000138733 20.6666 1.12272e-05 2.55666e-05 3.76021
897 5.80897e-05 0.000141279 21.0448 1.10573e-05 2.61276e-05 3.80893
898 6.03414e-05 0.000141921 21.1256 1.13949e-05 2.61349e-05 3.84087
899 5.69358e-05 0.000142603 21.2435 1.12543e-05 2.60635e-05 3.84826
900 5.8512e-05 0.000140866 20.949 1.12626e-05 2.55472e-05 3.75565
901 5.85916e-05 0.000141571 21.146 1.07565e-05 2.59899e-05 3.78332
902 5.91921e-05 0.00014236 21.2943 1.06765e-05 2.65779e-05 3.90602
903 5.65519e-05 0.000139366 20.7636 1.09379e-05 2.62233e-05 3.81075
904 5.67011e-05 0.00013939 20.7344 1.10388e-05 2.6307e-05 3.85796
905 6.19174e-05 0.000141837 21.2011 1.13653e-05 2.5972e-05 3.82151
906 5.9973e-05 0.000138841 20.5803 1.12404e-05 2.59323e-05 3.79002
907 5.92504e-05 0.000143357 21.3869 1.10126e-05 2.60823e-05 3.82316
908 6.17108e-05 0.000140975 21.0062 1.12662e-05 2.6329e-05 3.85788
909 5.66959e-05 0.000142132 21.2192 1.10522e-05 2.56284e-05 3.7736
910 5.79185e-05 0.000141607 21.0161 1.10187e-05 2.59998e-05 3.78783
911 5.78137e-05 0.000140282 20.9703 1.06209e-05 2.61914e-05 3.8584
912 5.60646e-05 0.000142414 21.263 1.07826e-05 2.60339e-05 3.83752
913 5.8614e-05 0.000141226 21.0501 1.06561e-05 2.57524e-05 3.79202
914 6.7118e-05 0.000141275 21.129 1.07729e-05 2.60835e-05 3.80541
915 6.04072e-05 0.000142932 21.4119 1.095e-05 2.60917e-05 3.79939
916 5.63866e-05 0.000138256 20.5594 1.08517e-05 2.56079e-05 3.72097
917 5.87185e-05 0.000141449 21.0754 1.12126e-05 2.64342e-05 3.87253
918 5.79025e-05 0.000139817 20.8358 1.07565e-05 2.59525e-05 3.77782
919 5.7891e-05 0.000138472 20.6207 1.06099e-05 2.56895e-05 3.80218
920 5.71604e-05 0.000142968 21.3309 1.08004e-05 2.63898e-05 3.88659
921 5.62158e-05 0.000140903 21.0128 1.08135e-05 2.65673e-05 3.90711
922 6.08826e-05 0.000142074 21.2547 1.09577e-05 2.58479e-05 3.74891
923 5.80816e-05 0.000140957 21.0614 1.09123e-05 2.59505e-05 3.81127
924 5.8424e-05 0.000142332 21.2392 1.07294e-05 2.6063e-05 3.83864
925 5.78752e-05 0.000140405 20.9681 1.06982e-05 2.6133e-05 3.84023
926 5.84005e-05 0.000141204 21.0715 1.07445e-05 2.58956e-05 3.73565
927 5.65384e-05 0.000141188 21.0308 1.04584e-05 2.62078e-05 3.83008
928 5.8237e-05 0.000144566 21.5869 1.07531e-05 2.60829e-05 3.87271
929 5.9085e-05 0.000142655 21.3096 1.14023e-05 2.58583e-05 3.80594
930 5.62146e-05 0.000143391 21.4861 1.06332e-05 2.61385e-05 3.85063
931 5.74481e-05 0.000142717 21.2808 1.09748e-05 2.64025e-05 3.89441
932 6.03714e-05 0.000144967 21.7005 1.14906e-05 2.52062e-05 3.72797
933 5.80619e-05 0.00014196 21.1888 1.10442e-05 2.57749e-05 3.78931
934 5.99495e-05 0.000143569 21.3177 1.07811e-05 2.62034e-05 3.85544
935 5.81986e-05 0.000142702 21.3233 1.0466e-05 2.57768e-05 3.78061
936 6.0412e-05 0.000140412 20.9657 1.08854e-05 2.60296e-05 3.79885
937 5.83252e-05 0.000140118 20.8957 1.10147e-05 2.56628e-05 3.74019
938 6.00828e-05 0.000139218 20.7876 1.09451e-05 2.59643e-05 3.86811
939 5.73494e-05 0.000139458 20.8395 1.02404e-05 2.62397e-05 3.87478
940 5.96842e-05 0.000139948 20.8554 1.08088e-05 2.60867e-05 3.85313
941 5.67979e-05 0.000140819 20.9777 1.10866e-05 2.58146e-05 3.77368
942 5.76457e-05 0.00014124 21.0372 1.10383e-05 2.57603e-05 3.75757
943 6.33236e-05 0.000141053 21.087 1.14142e-05 2.53532e-05 3.75457
944 5.64983e-05 0.000140373 20.9497 1.0561e-05 2.61454e-05 3.84243
945 5.70192e-05 0.000140151 20.9438 1.07855e-05 2.5877e-05 3.8086
946 5.803e-05 0.000143099 21.3489 1.08085e-05 2.59331e-05 3.86632
947 6.18089e-05 0.00014136 21.1683 1.14183e-05 2.58849e-05 3.79996
948 5.99834e-05 0.000143431 21.4976 1.10201e-05 2.59713e-05 3.84132
949 5.93246e-05 0.000141449 21.1881 1.11916e-05 2.54837e-05 3.77714
950 5.76672e-05 0.000139552 20.7117 1.11484e-05 2.58943e-05 3.77914
951 5.79106e-05 0.000138223 20.5073 1.09205e-05 2.57091e-05 3.80061
952 6.12977e-05 0.000144046 21.535 1.05477e-05 2.62184e-05 3.8425
953 5.83565e-05 0.000141576 21.1884 1.09071e-05 2.63613e-05 3.84527
954 5.95454e-05 0.000143102 21.324 1.07353e-05 2.63036e-05 3.81586
955 5.85932e-05 0.000146485 21.9642 1.07395e-05 2.57935e-05 3.82488
956 5.70626e-05 0.000143239 21.4827 1.08788e-05 2.57251e-05 3.79783
957 5.64944e-05 0.000138629 20.6579 1.0914e-05 2.61206e-05 3.83122
958 6.01964e-05 0.000143432 21.3621 1.0936e-05 2.59952e-05 3.80129
959 5.81121e-05 0.000141302 21.079 1.07179e-05 2.54916e-05 3.71879
960 5.78334e-05 0.000141913 21.2038 1.05246e-05 2.6017e-05 3.80196
961 5.70602e-05 0.000142811 21.361 1.05512e-05 2.62156e-05 3.85024
962 5.7714e-05 0.000139706 20.7425 1.07374e-05 2.59827e-05 3.78975
963 5.96192e-05 0.000143079 21.3643 1.07927e-05 2.60321e-05 3.82381
964 5.81801e-05 0.00014345 21.4287 1.05868e-05 2.63048e-05 3.88678
965 5.61511e-05 0.000141142 21.0857 1.08522e-05 2.54598e-05 3.72449
966 5.92406e-05 0.000141449 21.1227 1.04917e-05 2.62489e-05 3.84917
967 6.14213e-05 0.000143058 21.3742 1.03383e-05 2.5991e-05 3.77044
968 5.68078e-05 0.000141296 21.0298 1.06518e-05 2.61567e-05 3.83391
969 5.89487e-05 0.000143396 21.305 1.08121e-05 2.58603e-05 3.78918
970 5.88201e-05 0.000143227 21.362 1.08719e-05 2.58636e-05 3.78329
971 5.76362e-05 0.000142842 21.3443 1.05979e-05 2.58028e-05 3.76606
972 5.76671e-05 0.000140322 20.9054 1.11475e-05 2.56769e-05 3.73617
973 5.80241e-05 0.0001438 21.4641 1.07867e-05 2.59588e-05 3.80711
974 5.91667e-05 0.000142023 21.1947 1.10076e-05 2.53396e-05 3.71214
975 5.68682e-05 0.000142312 21.2201 1.06027e-05 2.61654e-05 3.82447
976 5.95544e-05 0.00014054 20.8781 1.12594e-05 2.55717e-05 3.74675
977 5.63675e-05 0.000143395 21.4343 1.033e-05 2.60647e-05 3.85469
978 5.86869e-05 0.000143707 21.4222 1.05959e-05 2.5959e-05 3.76762
979 5.90634e-05 0.00014477 21.696 1.07198e-05 2.53743e-05 3.74466
980 5.7483e-05 0.000144447 21.6 1.06327e-05 2.55846e-05 3.76235
981 5.80311e-05 0.0001417 21.1018 1.03667e-05 2.63493e-05 3.86029
982 6.02679e-05 0.000144106 21.5374 1.12174e-05 2.55019e-05 3.74492
983 5.88235e-05 0.000141052 21.1325 1.07406e-05 2.6005e-05 3.83838
984 5.6347e-05 0.000142645 21.3253 1.06161e-05 2.62392e-05 3.85609
985 5.81134e-05 0.000140199 20.8352 1.07228e-05 2.57447e-05 3.76497
986 5.65243e-05 0.000139994 20.8766 1.04404e-05 2.56892e-05 3.75589
987 5.62503e-05 0.000141511 21.1529 1.07615e-05 2.5946e-05 3.7931
988 5.77393e-05 0.000141003 21.0244 1.06075e-05 2.55345e-05 3.70458
989 5.95402e-05 0.000142989 21.2884 1.10753e-05 2.54833e-05 3.676
990 5.8608e-05 0.000141997 21.1173 1.07334e-05 2.57451e-05 3.76579
991 6.32624e-05 0.000143784 21.5929 1.05805e-05 2.58837e-05 3.83745
992 5.87619e-05 0.000140631 21.0639 1.07661e-05 2.55473e-05 3.76069
993 5.7363e-05 0.00013987 20.8917 1.00784e-05 2.64944e-05 3.89037
994 5.79547e-05 0.000142383 21.229 1.08546e-05 2.5594e-05 3.76293
995 5.74365e-05 0.000143118 21.4235 1.07314e-05 2.62466e-05 3.8674
996 5.9214e-05 0.000145213 21.6911 1.09478e-05 2.59479e-05 3.83391
997 5.85018e-05 0.000141034 20.9959 1.05519e-05 2.61007e-05 3.84683
998 5.87857e-05 0.000141456 21.0133 1.04388e-05 2.60757e-05 3.82838
999 5.87844e-05 0.000139614 20.8997 1.07765e-05 2.54843e-05 3.70839
1000 5.90752e-05 0.000143792 21.4554 1.07229e-05 2.60521e-05 3.83815
