10 17278.2 8010.54 1716.09 72.5401 8.05499 204498
11 19361.7 8946.32 -1816.8 412662 187041 156195
12 18885 8734.11 -2153.31 -26228.6 15662.1 132986
13 17286 8020.23 -2448.15 79093.8 35851.7 137995
14 18429.2 8525.79 -2083.17 26482.9 12083.8 240616
15 18691.3 8646.51 -1800.21 28030.2 12763.4 502330
16 20087.9 9272.86 1581.73 522.173 277.721 499313
17 18830.6 8708.33 53.3405 -102.113 -110.897 105702
18 19741.7 9119.92 -881.833 114689 51805.2 136665
19 17701 8199.44 -1542.37 224.577 -101.896 168982
20 19916.8 9195.04 1091.9 38802.7 18117.5 86942.5
21 18207.4 8420.07 2116.6 68742 30786.4 117083
22 17410.2 8064.83 2784.33 534.508 -63.634 133278
23 19329 8930.9 725.904 226386 102383 94381.3
24 18652.2 8619.73 1052 256.455 85.9084 113312
25 16906.4 7835.65 -248.133 119007 53129.2 66629.6
26 18572.5 8573.38 1409.14 236.031 68.8986 80775.2
27 16682.3 7731.76 2372.44 -60426.2 5.59869 61938.6
28 19445.4 8982.08 -1554.17 -1514.43 -21.5023 74319.8
29 18065 8356.53 -2585.77 37.5741 -47.1377 55073.3
30 17396.6 8054.41 -934.031 1550.97 78.0565 68376.8
31 19069.8 8806.83 -72.0687 139708 63016.4 48241.1
32 19176 8850.38 2350.96 111222 50350.7 54076.7
33 19168.6 8853.31 -2015.56 143570 62542.6 44325.5
34 19387.3 8942.11 1897.53 53942.3 24274.3 50895.4
35 17132 7931.23 3647.07 -1197.29 -215.199 60926.4
36 18671.7 8628.48 1807.39 643.308 539.829 52233.7
37 18482.2 8538.43 -1241.83 120418 54375.6 45212.7
38 18778.9 8681.27 -697.918 30477.2 13534.2 306007
39 18893.4 8723.82 1961.72 160419 72480.8 42224.2
40 17815.7 8235.97 1928.09 2554.11 264.817 48628.2
41 19794.1 9142.4 109.293 121194 54846.5 40507.7
42 19051.4 8796.79 806.899 75957.1 59654.7 38792.6
43 19239.1 8882.35 -1532.17 5.08207e+15 -1.08736e+16 -2.17472e+16
44 19083 8810.62 631.265 -54.2461 -213.597 37265.3
45 19192 8860.87 -789.237 265508 119823 26316.4
46 19357.8 8933.08 -353.554 -124.188 -173.52 31856.2
47 19095.6 8819.17 361.133 33763.9 11238.9 38046
48 17518 8096.5 -1316.91 27964.6 11892 35923.9
49 19593.9 9036.98 150.061 132142 59793.2 31965.4
50 18616.2 8592.34 1197.16 -202.613 -88.5201 21324.8
51 18270.3 8442.82 -339.243 243818 110189 27888.5
52 17134.5 7930.4 -194.001 185796 84006.7 18171.4
53 18043 8338.61 9.85256 -2.27374e+16 3.12263e+16 1.24905e+17
54 18300.4 8453.15 470.424 53237.3 23883.2 65221.8
55 16615.9 7690.27 -2143.64 50483 22698 20246.5
56 18259.8 8430.54 -1306.02 143250 64614.8 15204.2
57 18074.7 8347.49 -282.635 -37250.7 9033.55 30355.1
58 18650.9 8620.04 918.916 127306 56543.9 20745.4
59 18483.3 8532.2 607.46 15310.4 6593.25 16493
60 16319.1 7551.86 -1094.35 4844.78 482.822 16127.9
61 17192.7 7949.87 -1838.64 82072 63839.3 14371
62 18448.2 8515.61 2366.99 -133.732 -175.521 14671.1
63 19340.2 8929.85 -378.543 548.952 25.5212 148268
64 16995.2 7853.66 92.6543 359386 162203 14776.5
65 19104.8 8809.69 -941.238 109957 49764.8 12206.1
66 18721.8 8638.87 -1253.5 10213.2 4306.57 44876.4
67 19274.7 8880.93 619.869 79673.5 63023.5 20537.7
68 19226.4 8871.11 -1943.66 123892 63540.3 7220.47
69 18549 8560.63 330.193 188984 84388.4 24078.5
70 17680.4 8171.05 -734.831 74648.5 32087.9 14302
71 17899.9 8269.45 -1975.34 -182482 10497.1 33944.4
72 17678.9 8168.83 -698.078 161.577 -167.866 10118.6
73 18256.4 8436.97 -498.378 3.96376e+16 3.6673e+17 -1.14603e+16
74 18265 8432.51 -1438.52 447.558 362.004 28484.3
75 18199.3 8397.92 -771.713 44160.6 19959.9 23874.1
76 16417.3 7588.4 -869.836 125.318 -16.1948 19416.1
77 17913.4 8275.77 920.674 3.64192e+16 3.08894e+16 -2.05929e+16
78 18962.4 8747.27 701.541 -5.16576e+14 6.79278e+15 1.35856e+16
79 17728.3 8186.34 1117.97 1.50222e+15 8.55966e+15 6.84773e+16
80 17645.4 8148.76 912.908 23721.6 10474.9 11354.7
81 18981.9 8757.5 -2758.09 786.443 278.393 12872.9
82 17053.9 7877.24 -201.024 27036.1 8660.43 11223.6
83 17115.1 7910.73 758.273 127981 57543.5 16344.9
84 20180 9289.39 -237.934 246076 111331 22604.5
85 17296 7992.43 -1342.5 27377 11387 11076.5
86 17688.3 8169.42 -1497.53 -12102.1 21622.1 12410.9
87 18209.2 8405.13 -832.077 -16955.9 18948.4 21833.1
88 18304.2 8447.25 -1276.63 -9.65576e+15 9.97232e+15 2.49308e+15
89 19920.8 9179.11 316.499 5646.26 2450.05 46950.9
90 0 0 0 0 0 0
91 0 4.05578e-320 6.81674e-38 3.25586e-86 4.46234e-86 3.37424e-57
92 3.37548e-57 3.89112e-33 6.12381e-62 4.01766e-57 5.04765e-38 6.38118e-67
93 2.00528e-76 3.31486e-33 7.10936e-38 4.06176e-86 5.15153e-62 8.23295e-67
94 1.45001e-47 7.11867e-67 4.58443e-72 6.01605e-67 2.89565e-57 4.45387e-33
95 1.99683e-52 4.16306e-62 1.50596e-153 1.35597e-153 1.88066e-153 7.70399e-43
96 2.90779e-33 4.4375e-38 1.8042e-259 1.42694e-71 4.46469e-86 1.40074e-76
97 3.94275e-62 1.58714e-47 4.42133e-62 1.56538e-76 9.3197e-67 1.78802e-52
98 7.83599e-67 8.12788e-43 3.87608e-33 1.72971e-153 1.65429e-153 1.432e-153
99 1.5803e-153 4.17917e-62 4.65698e-33 6.01472e-67 3.6997e-57 3.31111e-33
