# ../optics --mode=conv_modified_vs_classical --conv-start=10 --conv-end=1000 --values-start=0.5 --values-end=1 --repetitions=1000 --xsigma=6 --output-file=comparison_1000_32_1000_xsigma6.txt --multiplier=32 ldata.txt
10 8.16908e-05 7.21888e-05 13.9965 5.83347e-05 4.24578e-05 8.5807
11 7.33663e-05 6.57402e-05 12.39 5.31757e-05 3.95598e-05 7.85054
12 24.3239 5.9672e-05 11.3466 4.99167e-05 3.47815e-05 7.0165
13 0.000101181 5.73097e-05 10.6326 4.4953e-05 3.31553e-05 6.54643
14 5.81735e-05 5.98468e-05 11.0301 4.50724e-05 3.36733e-05 6.67785
15 5.64349e-05 5.7225e-05 10.6941 4.22472e-05 3.24899e-05 6.3135
16 6.05697e-05 5.91322e-05 11.1775 4.29462e-05 3.23336e-05 6.42244
17 5.17968e-05 5.48564e-05 10.0651 3.85772e-05 3.02176e-05 5.87121
18 5.11299e-05 5.06382e-05 9.60245 3.77358e-05 2.89773e-05 5.86912
19 4.59449e-05 5.1447e-05 9.55303 3.70262e-05 2.72051e-05 5.44602
20 4.76799e-05 5.31486e-05 9.5604 3.73775e-05 2.8153e-05 5.48759
21 4.4788e-05 5.15553e-05 9.44067 3.45754e-05 2.71265e-05 5.23537
22 4.48376e-05 5.08873e-05 9.50052 3.45849e-05 2.54116e-05 5.07396
23 4.14547e-05 4.92945e-05 8.96498 3.20193e-05 2.54316e-05 4.84295
24 4.12503e-05 4.56801e-05 8.42624 3.33423e-05 2.48377e-05 4.87175
25 3.82633e-05 4.67372e-05 8.4629 3.17255e-05 2.38012e-05 4.56772
26 3.81993e-05 4.65262e-05 8.57411 3.0365e-05 2.41525e-05 4.70832
27 3.61392e-05 4.50137e-05 8.14198 2.91156e-05 2.30361e-05 4.46416
28 3.54634e-05 4.3728e-05 8.04984 2.85506e-05 2.27004e-05 4.38375
29 3.6485e-05 4.49278e-05 8.06352 2.91659e-05 2.3254e-05 4.35496
30 3.5466e-05 4.29891e-05 7.70879 2.86234e-05 2.17301e-05 4.10045
31 3.61313e-05 4.12484e-05 7.51417 2.99551e-05 2.18979e-05 4.31646
32 3.24875e-05 4.05913e-05 7.29029 2.64292e-05 2.07669e-05 3.95095
33 3.39402e-05 4.18569e-05 7.66903 2.70075e-05 2.06169e-05 4.0826
34 3.42043e-05 4.27364e-05 7.67174 2.71991e-05 2.17305e-05 4.14489
35 3.30513e-05 3.86544e-05 7.20811 2.67083e-05 1.9531e-05 3.8534
36 3.09759e-05 3.96019e-05 7.09871 2.55571e-05 1.98504e-05 3.78922
37 3.25831e-05 3.99361e-05 7.17942 2.62771e-05 1.99814e-05 3.87517
38 3.32971e-05 3.87926e-05 7.08719 2.65379e-05 1.98479e-05 3.86962
39 3.0596e-05 3.86893e-05 7.08672 2.46031e-05 1.88677e-05 3.59855
40 3.12214e-05 3.57106e-05 6.3755 2.53412e-05 1.88006e-05 3.58067
41 2.94373e-05 3.93513e-05 7.04079 2.3682e-05 1.91921e-05 3.68256
42 2.97515e-05 3.76497e-05 6.76509 2.43937e-05 1.90265e-05 3.62803
43 3.04844e-05 3.71672e-05 6.75255 2.46606e-05 1.8919e-05 3.63776
44 2.93791e-05 3.88392e-05 6.9961 2.39018e-05 1.88281e-05 3.6221
45 2.83055e-05 3.85768e-05 6.91516 2.30004e-05 1.88665e-05 3.54012
46 2.88571e-05 3.633e-05 6.54047 2.29613e-05 1.7819e-05 3.35936
47 2.7741e-05 3.76924e-05 6.71504 2.23876e-05 1.76232e-05 3.39894
48 2.5949e-05 3.60235e-05 6.46339 2.16431e-05 1.77913e-05 3.35543
49 2.69442e-05 3.66864e-05 6.62572 2.2669e-05 1.75046e-05 3.37838
50 2.76273e-05 3.53377e-05 6.30127 2.18367e-05 1.72846e-05 3.19973
51 2.65882e-05 3.44892e-05 6.22383 2.14403e-05 1.6202e-05 3.05092
52 2.63577e-05 3.34208e-05 6.02354 2.22983e-05 1.63195e-05 3.12581
53 2.65778e-05 3.5528e-05 6.37554 2.11392e-05 1.74432e-05 3.26009
54 2.61629e-05 3.36205e-05 6.10805 2.09573e-05 1.64555e-05 3.11486
55 2.59777e-05 3.386e-05 6.02924 2.11824e-05 1.63652e-05 3.07654
56 2.65002e-05 3.5182e-05 6.23535 2.13552e-05 1.63688e-05 3.07039
57 2.47442e-05 3.24388e-05 5.7843 2.06195e-05 1.63597e-05 3.06432
58 2.52005e-05 3.3364e-05 5.92197 2.03561e-05 1.65086e-05 3.02638
59 2.46336e-05 3.37934e-05 6.02045 2.01072e-05 1.65864e-05 3.11139
60 2.50411e-05 3.34943e-05 6.02855 2.09152e-05 1.59951e-05 3.08819
61 2.47872e-05 3.34145e-05 5.88333 2.05415e-05 1.51932e-05 2.85449
62 2.49097e-05 3.48929e-05 6.22304 1.99662e-05 1.59872e-05 2.97581
63 2.36153e-05 3.18679e-05 5.66396 1.91447e-05 1.55989e-05 2.8839
64 2.29964e-05 3.52105e-05 6.23388 1.92375e-05 1.56553e-05 2.89945
65 2.37323e-05 3.35583e-05 5.952 1.89495e-05 1.54595e-05 2.83333
66 2.31704e-05 3.09322e-05 5.64404 1.95534e-05 1.54418e-05 2.96049
67 2.30533e-05 3.28245e-05 5.79994 1.8437e-05 1.5445e-05 2.89058
68 2.22681e-05 3.04072e-05 5.44397 1.84873e-05 1.46081e-05 2.74151
69 2.25262e-05 3.21283e-05 5.70159 1.8273e-05 1.55162e-05 2.86185
70 2.17251e-05 3.27289e-05 5.80254 1.79412e-05 1.49505e-05 2.79841
71 2.3352e-05 3.23689e-05 5.73458 1.88984e-05 1.50312e-05 2.82041
72 2.32424e-05 3.17893e-05 5.60456 1.83391e-05 1.50785e-05 2.78768
73 2.25825e-05 3.14732e-05 5.57059 1.85681e-05 1.50799e-05 2.77272
74 2.25435e-05 3.13608e-05 5.53639 1.81303e-05 1.48285e-05 2.66108
75 2.16362e-05 3.04385e-05 5.39592 1.77765e-05 1.47051e-05 2.63576
76 2.22182e-05 3.11481e-05 5.53417 1.81394e-05 1.4408e-05 2.60105
77 2.18004e-05 3.14215e-05 5.57314 1.76396e-05 1.44733e-05 2.66219
78 2.14537e-05 3.05473e-05 5.43918 1.78976e-05 1.46231e-05 2.69462
79 2.15412e-05 2.97778e-05 5.26625 1.7267e-05 1.41969e-05 2.64993
80 2.20635e-05 3.13192e-05 5.50108 1.80417e-05 1.50453e-05 2.73846
81 2.05874e-05 2.99034e-05 5.26951 1.69578e-05 1.38542e-05 2.48761
82 2.11864e-05 3.18729e-05 5.59426 1.7061e-05 1.418e-05 2.53748
83 2.08236e-05 3.029e-05 5.39927 1.68147e-05 1.3674e-05 2.51531
84 2.08439e-05 2.85526e-05 5.04405 1.69018e-05 1.35379e-05 2.49871
85 2.12193e-05 3.11868e-05 5.50199 1.6986e-05 1.35747e-05 2.4578
86 2.05426e-05 3.01246e-05 5.30811 1.64468e-05 1.36977e-05 2.49404
87 1.9299e-05 3.09875e-05 5.42334 1.58192e-05 1.41489e-05 2.53736
88 2.06928e-05 2.94114e-05 5.1372 1.70949e-05 1.38127e-05 2.50942
89 2.05878e-05 2.84219e-05 5.10136 1.70577e-05 1.31486e-05 2.46197
90 2.03371e-05 2.95451e-05 5.18153 1.65674e-05 1.33764e-05 2.43302
91 1.94869e-05 2.86373e-05 5.07703 1.63302e-05 1.33982e-05 2.4691
92 2.02995e-05 2.79357e-05 5.05409 1.61073e-05 1.29381e-05 2.39878
93 1.9939e-05 2.95763e-05 5.15173 1.60915e-05 1.33743e-05 2.40805
94 1.98625e-05 2.8875e-05 5.19269 1.59743e-05 1.3414e-05 2.43274
95 1.99991e-05 2.89896e-05 5.10349 1.60035e-05 1.36121e-05 2.36573
96 1.91314e-05 2.8244e-05 5.0385 1.54771e-05 1.31455e-05 2.38024
97 1.93977e-05 2.98947e-05 5.30785 1.59419e-05 1.40352e-05 2.52629
98 1.89315e-05 2.99517e-05 5.28882 1.52434e-05 1.3428e-05 2.39472
99 1.92015e-05 2.94965e-05 5.20404 1.57513e-05 1.3311e-05 2.38337
100 1.89085e-05 2.89983e-05 5.1452 1.56539e-05 1.27139e-05 2.35129
101 1.85497e-05 2.88525e-05 5.03582 1.56272e-05 1.31371e-05 2.37065
102 1.93647e-05 2.72597e-05 4.82647 1.5703e-05 1.23485e-05 2.3032
103 1.85924e-05 2.85725e-05 4.99702 1.51442e-05 1.29268e-05 2.33781
104 1.97353e-05 2.79539e-05 4.91341 1.58145e-05 1.26258e-05 2.27406
105 1.92222e-05 2.97399e-05 5.18209 1.55818e-05 1.35072e-05 2.44091
106 1.86996e-05 2.67007e-05 4.74467 1.50592e-05 1.2918e-05 2.28556
107 1.92166e-05 2.81706e-05 4.93018 1.53348e-05 1.26204e-05 2.29092
108 1.88384e-05 3.00232e-05 5.23645 1.49126e-05 1.28676e-05 2.22263
109 1.84704e-05 2.85834e-05 4.98331 1.45237e-05 1.26904e-05 2.22869
110 1.89465e-05 2.62953e-05 4.60637 1.51904e-05 1.2549e-05 2.21441
111 1.84453e-05 2.83428e-05 4.98344 1.50086e-05 1.27807e-05 2.25914
112 1.7603e-05 2.87142e-05 4.96754 1.44242e-05 1.30225e-05 2.26928
113 1.78862e-05 2.68712e-05 4.66783 1.49797e-05 1.20871e-05 2.16005
114 1.91313e-05 2.84327e-05 5.02897 1.51688e-05 1.26891e-05 2.27278
115 1.84919e-05 2.85735e-05 4.95509 1.50009e-05 1.2821e-05 2.26068
116 1.86958e-05 2.61417e-05 4.6249 1.52771e-05 1.22364e-05 2.22273
117 1.81594e-05 2.6652e-05 4.65174 1.45256e-05 1.27487e-05 2.28844
118 1.77207e-05 2.67764e-05 4.6894 1.45528e-05 1.23848e-05 2.20335
119 1.84358e-05 2.69438e-05 4.66939 1.5002e-05 1.21631e-05 2.11245
120 1.71915e-05 2.61412e-05 4.6068 1.38311e-05 1.14736e-05 2.07925
121 1.70018e-05 2.5211e-05 4.4526 1.37968e-05 1.18775e-05 2.11957
122 1.79746e-05 2.81942e-05 4.91808 1.46786e-05 1.20784e-05 2.17214
123 1.78897e-05 2.79113e-05 4.9217 1.41454e-05 1.2145e-05 2.08102
124 1.77198e-05 2.7321e-05 4.7705 1.41632e-05 1.21235e-05 2.17896
125 1.80472e-05 2.64015e-05 4.67391 1.45319e-05 1.15893e-05 2.08371
126 1.74012e-05 2.81926e-05 4.91661 1.38448e-05 1.25308e-05 2.24263
127 1.75607e-05 2.58028e-05 4.52568 1.39483e-05 1.19941e-05 2.07751
128 1.74981e-05 2.77531e-05 4.81655 1.4346e-05 1.24567e-05 2.16307
129 1.69861e-05 2.76121e-05 4.86609 1.35353e-05 1.19051e-05 2.1258
130 1.71837e-05 2.70096e-05 4.71572 1.37236e-05 1.25926e-05 2.21915
131 1.70125e-05 2.50546e-05 4.36645 1.39533e-05 1.15549e-05 2.03829
132 1.67445e-05 2.61721e-05 4.59468 1.38651e-05 1.19028e-05 2.09789
133 1.67615e-05 2.55925e-05 4.4174 1.38653e-05 1.15858e-05 2.02851
134 1.737e-05 2.71943e-05 4.76542 1.36019e-05 1.20162e-05 2.09307
135 1.7279e-05 2.68158e-05 4.62201 1.38127e-05 1.18312e-05 2.04561
136 1.5977e-05 2.62516e-05 4.61994 1.31783e-05 1.13462e-05 2.0124
137 1.69337e-05 2.5859e-05 4.46462 1.34415e-05 1.16086e-05 2.00782
138 1.62916e-05 2.68635e-05 4.57942 1.29954e-05 1.17724e-05 2.01318
139 1.68742e-05 2.58613e-05 4.56849 1.30597e-05 1.13063e-05 1.96931
140 1.69791e-05 2.62418e-05 4.58947 1.34726e-05 1.13794e-05 1.97268
141 1.68298e-05 2.66582e-05 4.5987 1.3295e-05 1.14461e-05 1.9901
142 1.63227e-05 2.70072e-05 4.6142 1.27228e-05 1.19575e-05 1.99674
143 1.64634e-05 2.52018e-05 4.34682 1.28044e-05 1.11218e-05 1.91986
144 1.68632e-05 2.69592e-05 4.63203 1.34567e-05 1.1926e-05 2.04216
145 1.61063e-05 2.72978e-05 4.67543 1.30315e-05 1.19237e-05 2.01599
146 1.57422e-05 2.59123e-05 4.47019 1.24101e-05 1.15448e-05 1.96626
147 1.60597e-05 2.69963e-05 4.66792 1.30537e-05 1.16099e-05 1.99742
148 1.67217e-05 2.68803e-05 4.61781 1.35041e-05 1.19586e-05 2.06773
149 1.62959e-05 2.62782e-05 4.56277 1.31279e-05 1.10048e-05 1.89547
150 1.58357e-05 2.6927e-05 4.63788 1.25147e-05 1.14873e-05 1.95141
151 1.52036e-05 2.65032e-05 4.59705 1.21521e-05 1.13511e-05 1.95296
152 1.65093e-05 2.64727e-05 4.61002 1.27808e-05 1.14001e-05 1.97641
153 1.52399e-05 2.5562e-05 4.42279 1.26171e-05 1.13342e-05 1.96403
154 1.67126e-05 2.46953e-05 4.36479 1.29975e-05 1.10426e-05 1.95173
155 1.56667e-05 2.52586e-05 4.37244 1.24049e-05 1.11154e-05 1.94435
156 1.60761e-05 2.52864e-05 4.32166 1.25375e-05 1.11212e-05 1.89091
157 1.60023e-05 2.45999e-05 4.24841 1.24283e-05 1.10967e-05 1.92453
158 1.60615e-05 2.5845e-05 4.46335 1.23617e-05 1.10586e-05 1.90701
159 1.58931e-05 2.67788e-05 4.65735 1.25996e-05 1.11822e-05 1.95596
160 1.57535e-05 2.56658e-05 4.40872 1.21745e-05 1.13686e-05 1.90431
161 1.47571e-05 2.44156e-05 4.20198 1.17297e-05 1.07091e-05 1.85747
162 1.55613e-05 2.63282e-05 4.56723 1.21944e-05 1.11421e-05 1.90634
163 1.55979e-05 2.59706e-05 4.47219 1.21468e-05 1.07307e-05 1.84808
164 1.5819e-05 2.6564e-05 4.59074 1.22862e-05 1.11328e-05 1.89616
165 1.54796e-05 2.58997e-05 4.46461 1.19961e-05 1.11415e-05 1.91665
166 1.58196e-05 2.74222e-05 4.74774 1.25465e-05 1.12215e-05 1.93393
167 1.56514e-05 2.55364e-05 4.39692 1.21562e-05 1.0998e-05 1.84633
168 1.4776e-05 2.53237e-05 4.41353 1.20488e-05 1.10013e-05 1.90895
169 1.53417e-05 2.45094e-05 4.26984 1.22405e-05 1.09606e-05 1.88479
170 1.56576e-05 2.57963e-05 4.44801 1.2386e-05 1.11456e-05 1.94384
171 1.5592e-05 2.61703e-05 4.48821 1.2145e-05 1.09176e-05 1.863
172 1.4982e-05 2.64192e-05 4.52319 1.18856e-05 1.11326e-05 1.88341
173 1.60857e-05 2.35817e-05 4.01783 1.26122e-05 1.08791e-05 1.84935
174 1.53504e-05 2.47823e-05 4.28014 1.23074e-05 1.07072e-05 1.83196
175 1.53306e-05 2.61746e-05 4.47269 1.2456e-05 1.07262e-05 1.82434
176 1.44752e-05 2.52246e-05 4.25882 1.14221e-05 1.05496e-05 1.77223
177 1.55245e-05 2.399e-05 4.10827 1.20938e-05 1.07454e-05 1.79964
178 1.46715e-05 2.56404e-05 4.40649 1.15846e-05 1.08842e-05 1.87081
179 1.60049e-05 2.41057e-05 4.11324 1.24697e-05 1.08651e-05 1.80108
180 1.51612e-05 2.6404e-05 4.52282 1.15346e-05 1.10401e-05 1.82915
181 1.54996e-05 2.49603e-05 4.29118 1.19098e-05 1.07343e-05 1.79841
182 1.48932e-05 2.6217e-05 4.51896 1.17045e-05 1.0673e-05 1.81468
183 1.49052e-05 2.35083e-05 4.02322 1.1482e-05 1.03959e-05 1.68781
184 1.47709e-05 2.54341e-05 4.34054 1.16291e-05 1.08229e-05 1.80297
185 1.42398e-05 2.37611e-05 4.05358 1.12961e-05 1.0492e-05 1.78027
186 1.50391e-05 2.57703e-05 4.44025 1.1645e-05 1.0465e-05 1.76525
187 1.45216e-05 2.46865e-05 4.15377 1.12679e-05 1.06157e-05 1.70718
188 1.50134e-05 2.44636e-05 4.18148 1.14952e-05 1.07178e-05 1.75414
189 1.46426e-05 2.53326e-05 4.32879 1.14799e-05 1.0795e-05 1.83434
190 1.48792e-05 2.41872e-05 4.11698 1.18972e-05 1.04874e-05 1.77934
191 1.50662e-05 2.51809e-05 4.33296 1.14825e-05 1.07978e-05 1.80355
192 1.49436e-05 2.33948e-05 4.03621 1.17709e-05 1.03247e-05 1.75202
193 1.4608e-05 2.41397e-05 4.1258 1.13729e-05 1.04268e-05 1.72866
194 1.44323e-05 2.49314e-05 4.2527 1.14188e-05 1.06019e-05 1.76661
195 1.43353e-05 2.53904e-05 4.31675 1.13079e-05 1.09404e-05 1.81642
196 1.47824e-05 2.483e-05 4.22822 1.1411e-05 1.05275e-05 1.73058
197 1.47627e-05 2.4219e-05 4.16798 1.19432e-05 1.06556e-05 1.84816
198 1.43804e-05 2.47723e-05 4.17452 1.133e-05 1.05276e-05 1.79779
199 1.45417e-05 2.4277e-05 4.15636 1.15804e-05 1.03855e-05 1.74425
200 1.40501e-05 2.43579e-05 4.10187 1.08309e-05 1.04515e-05 1.70266
201 1.41687e-05 2.3269e-05 3.97401 1.09415e-05 1.03196e-05 1.71942
202 1.42676e-05 2.55696e-05 4.33877 1.08992e-05 1.03845e-05 1.73402
203 1.39921e-05 2.35343e-05 4.01014 1.09269e-05 1.01752e-05 1.6954
204 1.43647e-05 2.49171e-05 4.25427 1.14963e-05 1.05967e-05 1.78581
205 1.38061e-05 2.45099e-05 4.16646 1.07963e-05 1.03991e-05 1.69718
206 1.43041e-05 2.51418e-05 4.22683 1.12565e-05 1.07407e-05 1.7808
207 1.4227e-05 2.50966e-05 4.2644 1.1147e-05 1.06262e-05 1.75204
208 1.39139e-05 2.49967e-05 4.21662 1.11667e-05 1.03002e-05 1.67327
209 1.43546e-05 2.56583e-05 4.34784 1.09062e-05 1.06178e-05 1.74089
210 1.37336e-05 2.49183e-05 4.19594 1.09491e-05 1.03896e-05 1.701
211 1.45258e-05 2.5047e-05 4.26456 1.10805e-05 1.01222e-05 1.64886
212 1.36861e-05 2.32243e-05 3.8965 1.06404e-05 1.04113e-05 1.70179
213 1.48641e-05 2.47679e-05 4.23573 1.15716e-05 1.05925e-05 1.72715
214 1.38815e-05 2.49343e-05 4.26315 1.09646e-05 1.03794e-05 1.7143
215 1.34559e-05 2.40355e-05 4.04556 1.05569e-05 1.05672e-05 1.72208
216 1.44499e-05 2.33986e-05 3.95749 1.11146e-05 9.91521e-06 1.64475
217 1.3928e-05 2.2914e-05 3.90821 1.07998e-05 9.87824e-06 1.64606
218 1.44012e-05 2.49047e-05 4.21221 1.13339e-05 1.04893e-05 1.72893
219 1.35915e-05 2.41449e-05 4.13816 1.04478e-05 1.00491e-05 1.68608
220 1.4001e-05 2.54876e-05 4.30243 1.11038e-05 1.01507e-05 1.66044
221 1.33169e-05 2.38982e-05 4.03878 1.03649e-05 1.03737e-05 1.69191
222 1.41209e-05 2.32141e-05 3.8664 1.08855e-05 1.0255e-05 1.67041
223 1.4141e-05 2.49196e-05 4.21758 1.12283e-05 1.01212e-05 1.70504
224 1.38047e-05 2.37528e-05 3.98391 1.0624e-05 1.01921e-05 1.64947
225 1.4255e-05 2.43977e-05 4.15409 1.08829e-05 1.01286e-05 1.65211
226 1.32858e-05 2.59982e-05 4.42531 1.05251e-05 1.03146e-05 1.68163
227 1.33504e-05 2.38703e-05 4.06592 1.03163e-05 1.0193e-05 1.69388
228 1.36559e-05 2.53936e-05 4.2166 1.05818e-05 1.03796e-05 1.65651
229 1.41793e-05 2.3543e-05 3.98855 1.09843e-05 9.89201e-06 1.63154
230 1.35212e-05 2.36963e-05 4.07511 1.04443e-05 1.01075e-05 1.67875
231 1.36324e-05 2.51954e-05 4.29735 1.04432e-05 1.03638e-05 1.72149
232 1.37587e-05 2.43082e-05 4.06871 1.06012e-05 1.04102e-05 1.65631
233 1.3629e-05 2.48026e-05 4.17485 1.08444e-05 1.02295e-05 1.66028
234 1.42664e-05 2.47332e-05 4.25098 1.07365e-05 1.02694e-05 1.72114
235 1.31826e-05 2.40396e-05 4.07113 1.03341e-05 9.78368e-06 1.64162
236 1.34869e-05 2.47285e-05 4.16351 1.06519e-05 1.01571e-05 1.66215
237 1.37714e-05 2.44955e-05 4.13982 1.06278e-05 1.00568e-05 1.67108
238 1.28996e-05 2.41761e-05 4.0506 1.00632e-05 1.02963e-05 1.68155
239 1.34963e-05 2.45952e-05 4.11958 1.02987e-05 1.01711e-05 1.61504
240 1.31124e-05 2.52574e-05 4.19322 1.03914e-05 1.04169e-05 1.65336
241 1.3493e-05 2.33153e-05 3.8758 1.07319e-05 1.01152e-05 1.638
242 1.33278e-05 2.34248e-05 3.99979 1.01873e-05 1.00059e-05 1.6246
243 1.34184e-05 2.52649e-05 4.25067 1.02674e-05 1.04495e-05 1.68067
244 1.35148e-05 2.4533e-05 4.1652 1.02613e-05 9.82704e-06 1.56958
245 1.34328e-05 2.41738e-05 4.0631 1.04489e-05 9.92305e-06 1.61905
246 1.33201e-05 2.28075e-05 3.85026 1.05182e-05 9.44881e-06 1.5279
247 1.35819e-05 2.38947e-05 3.99383 1.01638e-05 1.00352e-05 1.60094
248 1.32564e-05 2.365e-05 3.98014 1.03055e-05 9.90588e-06 1.61645
249 1.33423e-05 2.46682e-05 4.17135 1.02259e-05 1.0132e-05 1.64438
250 1.33362e-05 2.349e-05 3.95413 1.03282e-05 9.58719e-06 1.55641
251 1.36785e-05 2.47045e-05 4.12586 1.0681e-05 1.00856e-05 1.59454
252 1.28468e-05 2.45999e-05 4.13449 1.00042e-05 9.59307e-06 1.54467
253 1.3356e-05 2.33056e-05 3.88935 1.04108e-05 9.79077e-06 1.57639
254 1.29574e-05 2.496e-05 4.16952 9.90731e-06 1.00293e-05 1.54487
255 1.2901e-05 2.28042e-05 3.79686 1.00876e-05 9.71374e-06 1.56751
256 1.30348e-05 2.63716e-05 4.43282 1.00688e-05 1.02597e-05 1.652
257 1.33232e-05 2.38862e-05 3.97773 1.04765e-05 9.82271e-06 1.54341
258 1.28174e-05 2.39457e-05 4.086 9.65471e-06 9.67553e-06 1.58396
259 1.28355e-05 2.40021e-05 4.0447 9.78188e-06 1.00994e-05 1.60916
260 1.27491e-05 2.47976e-05 4.15133 1.01659e-05 9.94171e-06 1.58413
261 1.26265e-05 2.35252e-05 3.9728 9.80443e-06 9.8647e-06 1.59976
262 1.3002e-05 2.29447e-05 3.80931 1.03265e-05 9.58534e-06 1.55857
263 1.32312e-05 2.37727e-05 4.04943 1.02633e-05 9.80077e-06 1.59993
264 1.33534e-05 2.39101e-05 4.05911 1.01849e-05 1.0026e-05 1.64841
265 1.30719e-05 2.40455e-05 4.04547 9.68851e-06 1.00325e-05 1.62445
266 1.24432e-05 2.39333e-05 4.04883 9.67015e-06 9.47103e-06 1.53804
267 1.31724e-05 2.24591e-05 3.80769 1.00457e-05 9.73259e-06 1.61378
268 1.27486e-05 2.42346e-05 4.04308 9.79058e-06 1.02533e-05 1.60781
269 1.28489e-05 2.30629e-05 3.85092 1.00353e-05 9.61092e-06 1.54563
270 1.27076e-05 2.37165e-05 3.95862 9.77873e-06 9.4805e-06 1.48403
271 1.25378e-05 2.40422e-05 4.02532 1.00579e-05 1.00469e-05 1.59829
272 1.27764e-05 2.23988e-05 3.72638 9.77627e-06 9.48676e-06 1.48658
273 1.25829e-05 2.48832e-05 4.14709 9.8872e-06 1.00019e-05 1.59173
274 1.27153e-05 2.3198e-05 3.87948 9.92976e-06 9.80287e-06 1.56249
275 1.29841e-05 2.36226e-05 3.997 9.92274e-06 9.74297e-06 1.55231
276 1.24695e-05 2.29698e-05 3.81675 9.55427e-06 1.00781e-05 1.58054
277 1.28418e-05 2.33226e-05 3.93843 9.79567e-06 9.41349e-06 1.50596
278 1.24865e-05 2.33083e-05 3.90174 9.55508e-06 9.74664e-06 1.52816
279 1.31834e-05 2.20962e-05 3.69562 1.00056e-05 9.28003e-06 1.45192
280 1.29913e-05 2.30361e-05 3.85323 9.78712e-06 9.46232e-06 1.50462
281 1.19023e-05 2.30886e-05 3.85105 9.34287e-06 9.65899e-06 1.55966
282 1.31286e-05 2.27333e-05 3.78593 9.69733e-06 9.34848e-06 1.45842
283 1.22541e-05 2.47916e-05 4.14137 9.52599e-06 1.04617e-05 1.68995
284 1.28356e-05 2.47664e-05 4.15631 9.51802e-06 9.87245e-06 1.52075
285 1.28757e-05 2.33776e-05 3.88981 9.9272e-06 9.88453e-06 1.555
286 1.27701e-05 2.35791e-05 3.86606 9.66512e-06 9.77933e-06 1.49769
287 1.21847e-05 2.31693e-05 3.86953 9.27302e-06 9.68933e-06 1.54215
288 1.25506e-05 2.33031e-05 3.8499 9.58894e-06 1.01417e-05 1.59066
289 1.23765e-05 2.36848e-05 3.96863 9.53848e-06 9.72773e-06 1.5792
290 1.24634e-05 2.33554e-05 3.91415 9.56769e-06 9.33462e-06 1.4759
291 1.29205e-05 2.3787e-05 3.9845 1.01642e-05 9.50956e-06 1.50248
292 1.28091e-05 2.35085e-05 3.92078 9.95397e-06 9.37111e-06 1.48765
293 1.25649e-05 2.29386e-05 3.77643 9.63769e-06 9.36204e-06 1.47056
294 1.21884e-05 2.50476e-05 4.18502 9.41477e-06 9.96327e-06 1.54318
295 1.29168e-05 2.29036e-05 3.79353 9.97186e-06 9.61645e-06 1.54364
296 1.18693e-05 2.39257e-05 3.9429 9.42192e-06 1.0239e-05 1.62605
297 1.22264e-05 2.32328e-05 3.85508 9.66952e-06 9.3985e-06 1.46089
298 1.29195e-05 2.45013e-05 4.07764 9.6454e-06 1.0185e-05 1.60969
299 1.26275e-05 2.28078e-05 3.76649 9.55678e-06 9.37658e-06 1.45944
300 1.23124e-05 2.43045e-05 4.03861 9.42166e-06 9.63355e-06 1.49069
301 1.24639e-05 2.24163e-05 3.73602 9.5151e-06 9.08999e-06 1.41694
302 1.23399e-05 2.26933e-05 3.79412 9.45571e-06 9.59711e-06 1.51862
303 1.24365e-05 2.29884e-05 3.85214 9.27948e-06 9.4796e-06 1.48077
304 1.20686e-05 2.38829e-05 3.94175 9.35244e-06 9.67268e-06 1.50404
305 1.20967e-05 2.43807e-05 4.06536 9.32744e-06 9.84363e-06 1.56393
306 1.27159e-05 2.36094e-05 3.92797 9.46091e-06 9.5237e-06 1.46614
307 1.28007e-05 2.45888e-05 4.07335 9.54909e-06 9.8172e-06 1.49078
308 1.21922e-05 2.37051e-05 3.88783 9.35704e-06 9.64175e-06 1.49926
309 1.2316e-05 2.30811e-05 3.81132 9.34382e-06 9.2535e-06 1.42091
310 1.19744e-05 2.28871e-05 3.84925 9.15895e-06 9.51013e-06 1.49884
311 1.27304e-05 2.23202e-05 3.64761 9.34035e-06 9.72854e-06 1.46882
312 1.17309e-05 2.34304e-05 3.94441 8.94289e-06 9.40505e-06 1.46268
313 1.24551e-05 2.33537e-05 3.84162 9.33918e-06 9.54772e-06 1.46021
314 1.22424e-05 2.30647e-05 3.79026 9.07181e-06 9.59487e-06 1.49403
315 1.20708e-05 2.49293e-05 4.13092 9.3676e-06 9.91132e-06 1.51341
316 1.23365e-05 2.22904e-05 3.77021 9.34216e-06 9.34737e-06 1.45054
317 1.19143e-05 2.40011e-05 3.96382 9.17171e-06 9.5605e-06 1.49758
318 1.19308e-05 2.23901e-05 3.71299 9.15058e-06 9.42604e-06 1.46373
319 1.2377e-05 2.23762e-05 3.74447 9.01464e-06 9.54232e-06 1.48011
320 1.24494e-05 2.24231e-05 3.76421 9.14484e-06 9.13349e-06 1.38031
321 1.20865e-05 2.31548e-05 3.86857 9.17577e-06 9.68047e-06 1.51637
322 1.23047e-05 2.31141e-05 3.81033 9.17974e-06 1.0068e-05 1.55256
323 1.20703e-05 2.32474e-05 3.81408 9.38845e-06 9.39919e-06 1.44326
324 1.26755e-05 2.16701e-05 3.50928 9.51889e-06 9.58962e-06 1.45107
325 1.21354e-05 2.1821e-05 3.60011 9.00085e-06 9.09331e-06 1.40821
326 1.21821e-05 2.4231e-05 4.00783 9.11377e-06 9.56056e-06 1.47715
327 1.25473e-05 2.32241e-05 3.85906 9.35602e-06 9.565e-06 1.48331
328 1.18931e-05 2.28462e-05 3.77026 9.24624e-06 9.54768e-06 1.44671
329 1.20081e-05 2.33632e-05 3.81103 9.14772e-06 9.36945e-06 1.40974
330 1.18883e-05 2.27004e-05 3.72843 8.76047e-06 9.46616e-06 1.437
331 1.18638e-05 2.12543e-05 3.51516 9.0462e-06 9.12692e-06 1.42631
332 1.23781e-05 2.37562e-05 3.92536 9.33883e-06 9.23396e-06 1.39502
333 1.17558e-05 2.33258e-05 3.8611 9.05835e-06 9.53037e-06 1.46288
334 1.21727e-05 2.29479e-05 3.80225 9.26884e-06 9.64456e-06 1.49795
335 1.16964e-05 2.27996e-05 3.73034 8.91156e-06 9.34557e-06 1.45108
336 1.22926e-05 2.33874e-05 3.84616 9.27184e-06 9.3964e-06 1.44001
337 1.19553e-05 2.23224e-05 3.68341 8.89631e-06 9.4107e-06 1.45374
338 1.22422e-05 2.3639e-05 3.85868 9.23469e-06 9.71154e-06 1.45889
339 1.13263e-05 2.34673e-05 3.84557 8.90628e-06 1.00066e-05 1.55618
340 1.20266e-05 2.32655e-05 3.82346 8.95626e-06 9.48664e-06 1.41923
341 1.16457e-05 2.20367e-05 3.60448 8.64879e-06 9.05587e-06 1.3699
342 1.14904e-05 2.24094e-05 3.70126 8.94477e-06 9.2913e-06 1.44599
343 1.17367e-05 2.27966e-05 3.78446 8.97099e-06 9.00362e-06 1.40043
344 1.16752e-05 2.41627e-05 3.95367 8.84226e-06 9.85456e-06 1.49095
345 1.18013e-05 2.3446e-05 3.86246 8.7945e-06 9.42409e-06 1.44933
346 1.14726e-05 2.32769e-05 3.82234 8.61059e-06 9.61629e-06 1.47852
347 1.17938e-05 2.3834e-05 3.91124 9.04098e-06 9.28818e-06 1.43033
348 1.18748e-05 2.20693e-05 3.64142 8.91611e-06 9.13336e-06 1.44393
349 1.17888e-05 2.23195e-05 3.6572 9.04678e-06 8.88776e-06 1.36521
350 1.19047e-05 2.32329e-05 3.78747 9.45072e-06 9.79661e-06 1.50383
351 1.17023e-05 2.3038e-05 3.7683 8.29634e-06 9.43939e-06 1.41043
352 1.16979e-05 2.30279e-05 3.78905 8.93189e-06 9.1555e-06 1.3943
353 1.20123e-05 2.29478e-05 3.76757 9.11016e-06 9.45128e-06 1.4361
354 1.16293e-05 2.41031e-05 3.93859 8.8525e-06 9.58995e-06 1.47151
355 1.13658e-05 2.33389e-05 3.89368 8.58813e-06 9.38663e-06 1.46356
356 1.19249e-05 2.22207e-05 3.61493 9.22121e-06 9.13786e-06 1.39819
357 1.16743e-05 2.2373e-05 3.64619 8.79705e-06 9.37676e-06 1.43022
358 1.1364e-05 2.33399e-05 3.82093 8.71968e-06 9.33438e-06 1.44677
359 1.1498e-05 2.31037e-05 3.77566 8.83039e-06 9.46581e-06 1.41776
360 1.2031e-05 2.33456e-05 3.83238 8.86946e-06 9.33045e-06 1.38262
361 1.11917e-05 2.2619e-05 3.68035 8.41755e-06 9.40217e-06 1.40886
362 1.16739e-05 2.25094e-05 3.65898 8.68358e-06 9.4198e-06 1.41343
363 1.19135e-05 2.26775e-05 3.66659 8.72238e-06 9.27787e-06 1.37034
364 1.17187e-05 2.24873e-05 3.71662 8.83623e-06 9.11032e-06 1.36865
365 1.16662e-05 2.32273e-05 3.79156 8.63581e-06 9.5924e-06 1.44991
366 1.17809e-05 2.2895e-05 3.79864 8.71242e-06 9.18725e-06 1.4193
367 1.14139e-05 2.23968e-05 3.68227 8.69038e-06 9.10525e-06 1.40554
368 1.15933e-05 2.29646e-05 3.75601 8.4322e-06 9.18199e-06 1.3619
369 1.1374e-05 2.14193e-05 3.4943 8.44287e-06 9.08386e-06 1.38782
370 1.17566e-05 2.28154e-05 3.75527 8.89793e-06 9.16118e-06 1.38415
371 1.12315e-05 2.33908e-05 3.84238 8.57471e-06 9.35546e-06 1.41952
372 1.20804e-05 2.21278e-05 3.5558 8.90678e-06 9.2005e-06 1.3354
373 1.1592e-05 2.25264e-05 3.73054 8.46926e-06 8.94895e-06 1.34447
374 1.14272e-05 2.23353e-05 3.68141 8.47722e-06 9.41583e-06 1.41768
375 1.12583e-05 2.25297e-05 3.68851 8.36287e-06 9.21903e-06 1.37454
376 1.16923e-05 2.29937e-05 3.78264 8.69213e-06 8.94777e-06 1.33526
377 1.15175e-05 2.25656e-05 3.65881 8.53366e-06 9.20119e-06 1.37909
378 1.15608e-05 2.26471e-05 3.67124 8.72786e-06 9.4361e-06 1.41226
379 1.13701e-05 2.29881e-05 3.68947 8.5985e-06 9.37928e-06 1.40193
380 1.14423e-05 2.36734e-05 3.88509 8.7461e-06 9.53492e-06 1.45866
381 1.14326e-05 2.31213e-05 3.74355 8.69851e-06 9.19393e-06 1.36318
382 1.13806e-05 2.36726e-05 3.85472 8.52426e-06 9.33849e-06 1.41509
383 1.13626e-05 2.31907e-05 3.72048 8.41676e-06 9.54536e-06 1.42039
384 1.17043e-05 2.38303e-05 3.90243 8.91915e-06 9.42164e-06 1.44931
385 1.06947e-05 2.33685e-05 3.81888 8.13845e-06 9.52604e-06 1.43263
386 1.13325e-05 2.27693e-05 3.71959 8.31633e-06 9.09194e-06 1.37392
387 1.16981e-05 2.23943e-05 3.6548 8.71184e-06 9.46595e-06 1.41337
388 1.15054e-05 2.39392e-05 3.92784 8.53639e-06 9.46658e-06 1.42968
389 1.15294e-05 2.24347e-05 3.63578 8.49548e-06 9.21045e-06 1.3747
390 1.11193e-05 2.35157e-05 3.8631 8.26176e-06 9.60483e-06 1.45765
391 1.1557e-05 2.30823e-05 3.74903 8.38255e-06 9.20485e-06 1.35398
392 1.14904e-05 2.22553e-05 3.64904 8.6926e-06 9.09891e-06 1.3837
393 1.12667e-05 2.29955e-05 3.77556 8.50842e-06 9.08697e-06 1.39487
394 1.10035e-05 2.2573e-05 3.6923 8.18089e-06 9.15205e-06 1.37577
395 1.1215e-05 2.23689e-05 3.68944 8.37147e-06 9.2967e-06 1.40909
396 1.16065e-05 2.28266e-05 3.69607 8.54118e-06 9.04567e-06 1.31949
397 1.08651e-05 2.28737e-05 3.72391 8.3419e-06 9.37693e-06 1.39752
398 1.10168e-05 2.15301e-05 3.48931 8.38446e-06 8.89344e-06 1.34241
399 1.13385e-05 2.30166e-05 3.74268 8.43753e-06 9.52006e-06 1.42184
400 1.14032e-05 2.20707e-05 3.55972 8.55786e-06 8.77148e-06 1.32376
401 1.12125e-05 2.29328e-05 3.76031 8.30326e-06 9.25504e-06 1.40531
402 1.12593e-05 2.27315e-05 3.71183 8.2588e-06 9.46069e-06 1.38773
403 1.1315e-05 2.27667e-05 3.68939 8.37943e-06 9.35531e-06 1.40084
404 1.12306e-05 2.37693e-05 3.9051 8.37662e-06 9.14188e-06 1.35648
405 1.13313e-05 2.33518e-05 3.78295 8.57113e-06 9.52535e-06 1.40851
406 1.11925e-05 2.42311e-05 3.9371 8.38676e-06 9.68477e-06 1.42595
407 1.12945e-05 2.22999e-05 3.6291 8.36713e-06 8.95803e-06 1.32614
408 1.09962e-05 2.15349e-05 3.55448 8.25983e-06 8.96589e-06 1.36894
409 1.1483e-05 2.18655e-05 3.50053 8.43292e-06 9.16503e-06 1.36021
410 1.12353e-05 2.25572e-05 3.70533 8.39604e-06 8.98542e-06 1.35747
411 1.11206e-05 2.34413e-05 3.82011 8.23359e-06 9.51093e-06 1.42467
412 1.08727e-05 2.32963e-05 3.78931 8.06789e-06 9.16752e-06 1.35743
413 1.07895e-05 2.28928e-05 3.78196 7.96895e-06 9.22888e-06 1.40608
414 1.11429e-05 2.17502e-05 3.51886 8.36412e-06 9.10574e-06 1.36903
415 1.07982e-05 2.24394e-05 3.64712 7.94788e-06 9.45625e-06 1.42043
416 1.09102e-05 2.31705e-05 3.73935 8.23077e-06 9.18973e-06 1.33074
417 1.10025e-05 2.3479e-05 3.83463 8.17725e-06 9.2948e-06 1.37603
418 1.09863e-05 2.29649e-05 3.7436 8.11131e-06 9.25235e-06 1.37946
419 1.13176e-05 2.25596e-05 3.63033 8.36541e-06 8.98883e-06 1.31259
420 1.09342e-05 2.305e-05 3.73352 8.31747e-06 9.23241e-06 1.37606
421 1.10992e-05 2.25457e-05 3.67783 8.23646e-06 9.21305e-06 1.37597
422 1.11024e-05 2.32914e-05 3.78695 8.33544e-06 9.13847e-06 1.35741
423 1.08494e-05 2.3388e-05 3.81127 8.25578e-06 9.58543e-06 1.42287
424 1.1096e-05 2.21201e-05 3.59408 8.25326e-06 9.05825e-06 1.37864
425 1.08431e-05 2.46533e-05 4.00693 8.31452e-06 9.52346e-06 1.39858
426 1.10986e-05 2.30267e-05 3.7472 8.36578e-06 8.96355e-06 1.31798
427 1.13324e-05 2.20351e-05 3.59759 8.17595e-06 8.99986e-06 1.32733
428 1.051e-05 2.34191e-05 3.77502 8.0145e-06 9.4906e-06 1.38455
429 1.10163e-05 2.20234e-05 3.54529 8.29716e-06 8.84722e-06 1.28752
430 1.03675e-05 2.38377e-05 3.84136 7.8779e-06 9.38231e-06 1.38354
431 1.12423e-05 2.32519e-05 3.78455 8.3987e-06 9.1768e-06 1.34577
432 1.08954e-05 2.18994e-05 3.56595 7.89123e-06 9.10027e-06 1.36713
433 1.10317e-05 2.2401e-05 3.60451 8.16106e-06 9.16265e-06 1.32829
434 1.04858e-05 2.24942e-05 3.64063 8.05714e-06 9.08843e-06 1.37847
435 1.06482e-05 2.2236e-05 3.57804 7.77956e-06 9.11388e-06 1.35811
436 1.07988e-05 2.28249e-05 3.70124 8.16374e-06 8.89265e-06 1.34766
437 1.07289e-05 2.33928e-05 3.7907 8.11724e-06 9.06049e-06 1.3449
438 1.09029e-05 2.34503e-05 3.79681 7.87813e-06 9.43324e-06 1.39374
439 1.0629e-05 2.18253e-05 3.54728 7.92934e-06 9.16399e-06 1.36993
440 1.08523e-05 2.12524e-05 3.42949 8.16283e-06 8.72387e-06 1.28923
441 1.07671e-05 2.3204e-05 3.7845 8.16248e-06 9.29993e-06 1.39853
442 1.09433e-05 2.34453e-05 3.79157 8.42102e-06 9.2075e-06 1.37769
443 1.11247e-05 2.29864e-05 3.71168 8.33052e-06 9.11175e-06 1.32683
444 1.08783e-05 2.26698e-05 3.6188 8.25316e-06 9.32928e-06 1.36119
445 1.08251e-05 2.23089e-05 3.58648 7.81135e-06 8.88014e-06 1.29219
446 1.09069e-05 2.21199e-05 3.55692 8.01157e-06 9.32278e-06 1.35192
447 1.13668e-05 2.18194e-05 3.53649 8.24603e-06 9.14664e-06 1.36976
448 1.11141e-05 2.21038e-05 3.62259 8.0493e-06 9.15125e-06 1.36544
449 1.05869e-05 2.2608e-05 3.62781 7.78733e-06 9.19609e-06 1.33646
450 1.09889e-05 2.26644e-05 3.63303 8.15463e-06 9.36869e-06 1.36941
451 1.06463e-05 2.26524e-05 3.68332 7.98344e-06 9.32503e-06 1.39113
452 1.06016e-05 2.23211e-05 3.60791 7.81194e-06 9.05451e-06 1.35573
453 1.10426e-05 2.19132e-05 3.50756 8.26263e-06 8.77035e-06 1.275
454 1.06207e-05 2.27492e-05 3.67983 7.85061e-06 9.18522e-06 1.34248
455 1.08657e-05 2.22124e-05 3.58951 7.88679e-06 9.10347e-06 1.3528
456 1.08541e-05 2.32702e-05 3.74513 8.14988e-06 9.01138e-06 1.30811
457 1.0987e-05 2.19383e-05 3.50846 8.07661e-06 9.1291e-06 1.3291
458 1.0687e-05 2.29461e-05 3.64633 7.78046e-06 9.49452e-06 1.38021
459 1.03945e-05 2.18542e-05 3.51158 7.4985e-06 9.11849e-06 1.3328
460 1.0992e-05 2.2409e-05 3.6354 8.06985e-06 9.32001e-06 1.37305
461 1.04144e-05 2.33584e-05 3.77018 7.87724e-06 9.19271e-06 1.36866
462 1.10667e-05 2.31695e-05 3.7118 8.13439e-06 9.33769e-06 1.35069
463 1.11662e-05 2.19526e-05 3.51599 8.26033e-06 8.93862e-06 1.30853
464 1.07032e-05 2.23511e-05 3.58846 7.79583e-06 9.01466e-06 1.31091
465 1.05397e-05 2.16332e-05 3.49536 7.77628e-06 9.00584e-06 1.34385
466 1.06543e-05 2.16201e-05 3.48445 7.56712e-06 8.69543e-06 1.25024
467 1.06858e-05 2.29234e-05 3.70452 7.96924e-06 8.95254e-06 1.31728
468 1.05582e-05 2.19753e-05 3.53197 7.66875e-06 9.06868e-06 1.32262
469 1.0326e-05 2.36021e-05 3.8032 7.6578e-06 9.36591e-06 1.34823
470 1.06473e-05 2.20152e-05 3.57224 7.74782e-06 8.82342e-06 1.30089
471 1.08305e-05 2.24351e-05 3.60369 7.90526e-06 8.89003e-06 1.27482
472 1.04125e-05 2.31135e-05 3.71943 7.53624e-06 9.56908e-06 1.37776
473 1.06393e-05 2.22056e-05 3.60043 7.82978e-06 8.95744e-06 1.32087
474 1.07651e-05 2.16194e-05 3.4458 7.90301e-06 9.0046e-06 1.30594
475 1.07446e-05 2.13144e-05 3.45563 7.7744e-06 8.51296e-06 1.24744
476 1.04863e-05 2.23358e-05 3.51908 7.90305e-06 9.27038e-06 1.33424
477 1.05406e-05 2.202e-05 3.57774 7.75909e-06 9.16019e-06 1.34119
478 1.00314e-05 2.21037e-05 3.56533 7.30118e-06 9.13122e-06 1.31689
479 1.05893e-05 2.24821e-05 3.61553 7.79687e-06 9.07522e-06 1.29329
480 1.03018e-05 2.33491e-05 3.7572 7.81602e-06 9.1347e-06 1.33479
481 1.04828e-05 2.28714e-05 3.67624 7.94255e-06 9.0665e-06 1.33566
482 1.07108e-05 2.20748e-05 3.55419 7.91005e-06 8.9319e-06 1.30111
483 1.06245e-05 2.15684e-05 3.5282 7.50386e-06 8.88826e-06 1.31056
484 1.00832e-05 2.21196e-05 3.57168 7.44703e-06 9.00673e-06 1.31877
485 1.02777e-05 2.34954e-05 3.81782 7.61553e-06 9.25815e-06 1.37042
486 1.02183e-05 2.308e-05 3.77359 7.33216e-06 8.97751e-06 1.31896
487 1.05479e-05 2.26652e-05 3.62654 7.78367e-06 9.1758e-06 1.33411
488 1.08911e-05 2.12926e-05 3.40841 7.8488e-06 8.90955e-06 1.28356
489 1.03048e-05 2.1412e-05 3.45203 7.39011e-06 8.66755e-06 1.24043
490 1.02969e-05 2.24836e-05 3.63622 7.62333e-06 8.91701e-06 1.29894
491 1.04891e-05 2.19999e-05 3.54328 7.73038e-06 8.96748e-06 1.32653
492 1.03047e-05 2.30297e-05 3.6744 7.59056e-06 9.40194e-06 1.37502
493 1.07997e-05 2.07284e-05 3.27617 7.87313e-06 8.6785e-06 1.26238
494 1.0385e-05 2.25863e-05 3.65394 7.49248e-06 9.11737e-06 1.30984
495 1.06766e-05 2.13756e-05 3.42847 7.75013e-06 8.92968e-06 1.29315
496 1.04605e-05 2.1767e-05 3.46871 7.6901e-06 9.24026e-06 1.34048
497 1.06614e-05 2.19059e-05 3.5145 7.83083e-06 9.23002e-06 1.33972
498 1.06624e-05 2.20032e-05 3.52748 7.939e-06 8.9802e-06 1.29615
499 1.06664e-05 2.20962e-05 3.51148 7.629e-06 9.1135e-06 1.31701
500 1.06888e-05 2.28054e-05 3.66316 7.72917e-06 8.99512e-06 1.3142
501 1.02048e-05 2.25854e-05 3.62323 7.51723e-06 8.98337e-06 1.29682
502 1.05113e-05 2.27895e-05 3.62724 7.71816e-06 9.466e-06 1.38065
503 1.03212e-05 2.25247e-05 3.56301 7.49257e-06 8.79883e-06 1.23739
504 1.03983e-05 2.28609e-05 3.6392 7.70167e-06 9.13425e-06 1.30494
505 1.05781e-05 2.1379e-05 3.42594 7.77427e-06 8.6031e-06 1.24432
506 1.04737e-05 2.24248e-05 3.59815 7.63901e-06 8.77661e-06 1.26113
507 1.0061e-05 2.24162e-05 3.62355 7.44328e-06 8.87441e-06 1.29636
508 1.01473e-05 2.32026e-05 3.71938 7.59239e-06 9.30819e-06 1.3478
509 1.06591e-05 2.25797e-05 3.63047 7.70083e-06 9.15774e-06 1.33583
510 1.03412e-05 2.2876e-05 3.6589 7.51911e-06 9.11048e-06 1.28108
511 1.03091e-05 2.17558e-05 3.49143 7.39883e-06 8.82564e-06 1.26784
512 1.03019e-05 2.30617e-05 3.72524 7.69544e-06 8.83381e-06 1.2586
513 1.01739e-05 2.30471e-05 3.68146 7.46949e-06 9.21304e-06 1.33556
514 1.02762e-05 2.28284e-05 3.69036 7.53158e-06 8.84574e-06 1.26714
515 1.04825e-05 2.26615e-05 3.62215 7.6875e-06 9.0394e-06 1.30055
516 9.90498e-06 2.2866e-05 3.67608 7.1082e-06 9.32079e-06 1.3398
517 1.011e-05 2.25889e-05 3.63772 7.44271e-06 8.95954e-06 1.28849
518 1.02209e-05 2.18757e-05 3.49236 7.35576e-06 9.19655e-06 1.33908
519 1.0469e-05 2.18979e-05 3.51779 7.61999e-06 8.87742e-06 1.29825
520 1.04338e-05 2.32442e-05 3.74675 7.78568e-06 9.03713e-06 1.28715
521 1.02058e-05 2.25398e-05 3.65219 7.45926e-06 8.98621e-06 1.29589
522 1.02163e-05 2.32236e-05 3.70237 7.64233e-06 9.2618e-06 1.30973
523 1.03515e-05 2.21063e-05 3.54389 7.54472e-06 9.00431e-06 1.28614
524 1.04528e-05 2.24335e-05 3.58149 7.65966e-06 8.91368e-06 1.30409
525 1.02124e-05 2.33472e-05 3.73835 7.61584e-06 8.92404e-06 1.27478
526 1.01018e-05 2.28305e-05 3.65805 7.35355e-06 9.16299e-06 1.31266
527 1.06179e-05 2.18448e-05 3.45572 7.62316e-06 9.10343e-06 1.29697
528 1.02943e-05 2.13409e-05 3.43692 7.50663e-06 8.88454e-06 1.32103
529 1.03758e-05 2.21619e-05 3.55514 7.46903e-06 9.01845e-06 1.27623
530 1.0098e-05 2.31233e-05 3.72215 7.44912e-06 9.09207e-06 1.31626
531 1.0174e-05 2.27936e-05 3.63344 7.47863e-06 8.92039e-06 1.26559
532 1.03008e-05 2.19623e-05 3.54143 7.35793e-06 9.16771e-06 1.33899
533 1.00415e-05 2.21849e-05 3.55523 7.53057e-06 8.7352e-06 1.28227
534 1.05149e-05 2.25954e-05 3.6434 7.60033e-06 8.86926e-06 1.2831
535 1.0194e-05 2.12628e-05 3.38434 7.49538e-06 8.70658e-06 1.25773
536 1.00891e-05 2.09783e-05 3.33783 7.05365e-06 8.96837e-06 1.26472
537 1.00696e-05 2.41543e-05 3.90302 7.49488e-06 9.40617e-06 1.351
538 1.0018e-05 2.28505e-05 3.65158 7.26011e-06 9.17358e-06 1.33177
539 1.03332e-05 2.24433e-05 3.56639 7.45862e-06 8.9821e-06 1.26602
540 1.0709e-05 2.23027e-05 3.57807 7.49605e-06 8.93913e-06 1.27569
541 9.96724e-06 2.1855e-05 3.49711 7.10843e-06 8.85235e-06 1.2578
542 1.05558e-05 2.29528e-05 3.67131 7.60734e-06 8.9646e-06 1.25581
543 1.04314e-05 2.25005e-05 3.57108 7.64296e-06 9.02789e-06 1.25986
544 1.03246e-05 2.24197e-05 3.59893 7.45839e-06 8.93333e-06 1.27508
545 1.01225e-05 2.13036e-05 3.31684 7.1594e-06 8.99014e-06 1.25042
546 1.03329e-05 2.32083e-05 3.73724 7.53334e-06 9.03969e-06 1.30249
547 1.03612e-05 2.27436e-05 3.61432 7.49713e-06 9.07495e-06 1.30565
548 1.03155e-05 2.1156e-05 3.39191 7.23419e-06 8.71035e-06 1.25076
549 1.0143e-05 2.23902e-05 3.57679 7.14079e-06 8.8298e-06 1.25628
550 1.02627e-05 2.28892e-05 3.60546 7.54759e-06 9.18454e-06 1.30095
551 9.93039e-06 2.33709e-05 3.73743 7.32265e-06 9.22203e-06 1.31976
552 1.04428e-05 2.24776e-05 3.60124 7.44276e-06 9.01873e-06 1.28324
553 1.03613e-05 2.257e-05 3.57041 7.67507e-06 9.09796e-06 1.26634
554 1.00926e-05 2.15745e-05 3.44369 7.27504e-06 9.05021e-06 1.30686
555 1.01525e-05 2.28945e-05 3.61896 7.29292e-06 9.12523e-06 1.27209
556 1.0496e-05 2.24296e-05 3.51143 7.62256e-06 8.85907e-06 1.20621
557 1.00067e-05 2.15073e-05 3.44539 7.19999e-06 8.69804e-06 1.24002
558 1.02809e-05 2.29046e-05 3.6385 7.6526e-06 9.13231e-06 1.30353
559 9.84754e-06 2.29955e-05 3.66942 7.23236e-06 9.01473e-06 1.27421
560 1.02775e-05 2.19164e-05 3.48793 7.24096e-06 8.89709e-06 1.25091
561 1.01561e-05 2.32955e-05 3.72017 7.39746e-06 9.03427e-06 1.27651
562 9.99937e-06 2.31896e-05 3.69848 7.3097e-06 9.17716e-06 1.29215
563 1.01649e-05 2.29798e-05 3.62124 7.43482e-06 9.01838e-06 1.27922
564 1.00953e-05 2.2393e-05 3.53708 7.3022e-06 9.13797e-06 1.28794
565 9.96645e-06 2.22662e-05 3.5898 7.09766e-06 8.86058e-06 1.28784
566 1.00388e-05 2.24158e-05 3.57369 7.31799e-06 8.89992e-06 1.27296
567 1.0275e-05 2.19971e-05 3.50046 7.11616e-06 8.86636e-06 1.24444
568 9.94238e-06 2.23625e-05 3.56283 7.26754e-06 8.94585e-06 1.26917
569 1.00089e-05 2.38831e-05 3.79351 7.62317e-06 9.53637e-06 1.3379
570 9.98787e-06 2.19787e-05 3.52121 7.12854e-06 8.78896e-06 1.27891
571 9.98306e-06 2.22733e-05 3.55525 7.2882e-06 9.01875e-06 1.27205
572 1.01865e-05 2.27252e-05 3.61378 7.38726e-06 9.00205e-06 1.28695
573 9.98395e-06 2.23234e-05 3.56237 7.2271e-06 8.93792e-06 1.27471
574 1.00451e-05 2.24846e-05 3.55883 7.2246e-06 9.05066e-06 1.27502
575 9.77902e-06 2.19941e-05 3.48953 7.08924e-06 8.95664e-06 1.28829
576 9.71729e-06 2.23396e-05 3.56739 7.09968e-06 9.13899e-06 1.32963
577 9.69505e-06 2.21895e-05 3.54081 6.90757e-06 8.81919e-06 1.26307
578 9.45313e-06 2.2724e-05 3.63418 6.99538e-06 8.89842e-06 1.292
579 1.00212e-05 2.20776e-05 3.48516 7.34349e-06 9.12098e-06 1.31939
580 9.96144e-06 2.26281e-05 3.58464 7.08431e-06 9.10568e-06 1.29151
581 1.0103e-05 2.19113e-05 3.51715 7.30237e-06 8.71712e-06 1.24908
582 9.79058e-06 2.25547e-05 3.58455 7.18095e-06 9.01256e-06 1.27444
583 9.8178e-06 2.20695e-05 3.51368 7.1265e-06 8.817e-06 1.24187
584 1.01912e-05 2.2707e-05 3.62749 7.23536e-06 8.4873e-06 1.18179
585 9.95784e-06 2.2544e-05 3.60588 7.22684e-06 9.02973e-06 1.27346
586 9.79167e-06 2.36132e-05 3.73396 7.40663e-06 9.17867e-06 1.27686
587 9.92112e-06 2.31997e-05 3.70355 7.16121e-06 9.0306e-06 1.27763
588 9.43945e-06 2.29302e-05 3.66996 6.8947e-06 8.99959e-06 1.29805
589 9.73594e-06 2.243e-05 3.56846 7.00802e-06 8.91859e-06 1.25312
590 1.00276e-05 2.26502e-05 3.58017 7.11567e-06 9.08182e-06 1.25534
591 1.01737e-05 2.33796e-05 3.74802 7.42012e-06 9.01423e-06 1.26077
592 9.72364e-06 2.23814e-05 3.54114 7.05348e-06 8.79173e-06 1.21932
593 9.79757e-06 2.23001e-05 3.55056 7.14237e-06 9.18319e-06 1.313
594 1.031e-05 2.25445e-05 3.53236 7.52717e-06 9.02564e-06 1.26421
595 9.92762e-06 2.27843e-05 3.61001 7.23907e-06 9.09461e-06 1.2561
596 9.97635e-06 2.18478e-05 3.44897 7.28277e-06 8.86029e-06 1.24647
597 9.64885e-06 2.2534e-05 3.58125 7.27938e-06 8.64527e-06 1.20502
598 9.8667e-06 2.14098e-05 3.38953 7.14045e-06 8.69041e-06 1.23836
599 9.9986e-06 2.08595e-05 3.28917 7.09054e-06 8.56789e-06 1.19353
600 1.00411e-05 2.16208e-05 3.37723 7.10602e-06 8.97743e-06 1.25813
601 1.02119e-05 2.24347e-05 3.57436 7.28151e-06 9.02458e-06 1.27348
602 9.84518e-06 2.34365e-05 3.73504 7.2989e-06 9.21942e-06 1.30446
603 9.64298e-06 2.28386e-05 3.62209 7.21419e-06 8.93791e-06 1.25804
604 9.743e-06 2.19391e-05 3.51524 6.97472e-06 9.03482e-06 1.29386
605 9.77962e-06 2.16812e-05 3.38061 7.06539e-06 9.10392e-06 1.26175
606 9.85788e-06 2.16321e-05 3.41504 7.14197e-06 8.7759e-06 1.22711
607 9.46437e-06 2.19311e-05 3.5009 6.9309e-06 8.87281e-06 1.2658
608 9.76412e-06 2.17116e-05 3.41572 7.38668e-06 8.81245e-06 1.2261
609 9.63187e-06 2.29467e-05 3.63723 6.91972e-06 8.91263e-06 1.24551
610 1.01196e-05 2.22473e-05 3.53324 7.09892e-06 8.83273e-06 1.22479
611 9.66168e-06 2.34706e-05 3.74416 6.84885e-06 8.98473e-06 1.25899
612 9.74509e-06 2.21788e-05 3.48817 7.21845e-06 9.01968e-06 1.29432
613 9.8868e-06 2.31091e-05 3.66029 7.30687e-06 8.80228e-06 1.2312
614 1.01397e-05 2.13601e-05 3.39244 7.06559e-06 8.81407e-06 1.25618
615 9.79113e-06 2.26676e-05 3.56935 7.22552e-06 8.94417e-06 1.22902
616 9.50789e-06 2.27829e-05 3.63178 6.85221e-06 8.92868e-06 1.26654
617 1.00432e-05 2.28054e-05 3.57114 7.29314e-06 9.03474e-06 1.24998
618 9.70098e-06 2.23958e-05 3.52892 6.8934e-06 9.07628e-06 1.26522
619 9.86269e-06 2.27781e-05 3.60105 7.17821e-06 8.75873e-06 1.22518
620 9.43305e-06 2.2574e-05 3.59532 6.85549e-06 9.01061e-06 1.26706
621 9.82201e-06 2.27347e-05 3.61834 7.02055e-06 8.81893e-06 1.23754
622 9.78037e-06 2.14486e-05 3.39581 6.81874e-06 8.54959e-06 1.1897
623 9.90561e-06 2.10167e-05 3.27863 7.11666e-06 8.90251e-06 1.24509
624 1.01431e-05 2.23274e-05 3.54731 7.27591e-06 8.78926e-06 1.22367
625 9.8751e-06 2.26684e-05 3.63229 7.16306e-06 8.80622e-06 1.23649
626 9.88932e-06 2.23387e-05 3.55794 7.02211e-06 8.91159e-06 1.25627
627 9.77219e-06 2.18706e-05 3.47334 6.99035e-06 8.74549e-06 1.19016
628 1.01003e-05 2.20231e-05 3.46543 7.12804e-06 9.11088e-06 1.29341
629 9.6765e-06 2.26976e-05 3.53968 6.93311e-06 9.33051e-06 1.29212
630 9.66023e-06 2.14735e-05 3.38502 7.03734e-06 8.75324e-06 1.23897
631 1.0054e-05 2.2245e-05 3.48307 7.13535e-06 8.75349e-06 1.20009
632 9.88066e-06 2.22819e-05 3.49867 7.02467e-06 8.8207e-06 1.21489
633 9.7737e-06 2.24767e-05 3.59064 7.04629e-06 8.82907e-06 1.24793
634 9.46917e-06 2.17945e-05 3.45309 6.83949e-06 8.68675e-06 1.2254
635 9.60728e-06 2.22226e-05 3.47229 7.0535e-06 8.95768e-06 1.2449
636 9.85638e-06 2.23915e-05 3.54458 7.09048e-06 8.71043e-06 1.22712
637 9.58353e-06 2.2765e-05 3.58765 6.84644e-06 8.93324e-06 1.2273
638 9.94547e-06 2.21104e-05 3.48846 7.12934e-06 8.97348e-06 1.25735
639 1.00058e-05 2.26455e-05 3.58662 7.0613e-06 8.94461e-06 1.24748
640 9.80777e-06 2.25434e-05 3.55977 7.02656e-06 8.95747e-06 1.24249
641 9.6146e-06 2.26158e-05 3.55831 6.98233e-06 8.84077e-06 1.22786
642 9.42386e-06 2.28394e-05 3.61886 6.83745e-06 9.03765e-06 1.27573
643 9.66773e-06 2.16674e-05 3.35859 6.94153e-06 8.82911e-06 1.20284
644 9.50034e-06 2.15298e-05 3.39938 6.76901e-06 8.56227e-06 1.17659
645 9.65243e-06 2.23081e-05 3.50658 7.05982e-06 8.95747e-06 1.24599
646 9.67666e-06 2.19019e-05 3.46796 6.89997e-06 8.53357e-06 1.18923
647 9.49279e-06 2.2134e-05 3.47442 6.94734e-06 9.21475e-06 1.29425
648 9.62339e-06 2.20504e-05 3.47493 7.00761e-06 8.73272e-06 1.21587
649 9.93105e-06 2.19113e-05 3.43183 6.9699e-06 8.98384e-06 1.22347
650 9.67346e-06 2.1396e-05 3.34157 6.99365e-06 8.7498e-06 1.20898
651 9.50892e-06 2.22264e-05 3.49374 6.8252e-06 8.77392e-06 1.22742
652 9.80775e-06 2.21254e-05 3.52093 6.96914e-06 8.79355e-06 1.24645
653 9.67561e-06 2.19104e-05 3.42032 6.96549e-06 8.85573e-06 1.21588
654 9.54108e-06 2.12733e-05 3.31004 6.84134e-06 8.58303e-06 1.20327
655 9.46568e-06 2.25777e-05 3.55947 6.65793e-06 8.8004e-06 1.20844
656 9.73238e-06 2.25472e-05 3.56174 7.02068e-06 8.86368e-06 1.21325
657 9.70159e-06 2.17321e-05 3.42625 6.89394e-06 8.93522e-06 1.21557
658 9.49187e-06 2.27208e-05 3.59311 6.82909e-06 8.9851e-06 1.25935
659 9.39597e-06 2.29969e-05 3.62104 6.8807e-06 9.03332e-06 1.25087
660 9.75559e-06 2.11399e-05 3.29403 6.95599e-06 8.74878e-06 1.19947
661 9.7681e-06 2.15798e-05 3.43056 6.98027e-06 8.71147e-06 1.23256
662 9.5973e-06 2.32526e-05 3.67613 7.10164e-06 8.81466e-06 1.21563
663 9.55055e-06 2.20721e-05 3.49301 7.05454e-06 8.4095e-06 1.15256
664 9.71838e-06 2.19224e-05 3.45356 6.94594e-06 8.65064e-06 1.18046
665 9.9584e-06 2.18157e-05 3.40016 7.1961e-06 9.00334e-06 1.23967
666 9.35758e-06 2.20677e-05 3.46152 6.87073e-06 8.8131e-06 1.22076
667 9.92487e-06 2.23062e-05 3.49697 7.0632e-06 8.82057e-06 1.20677
668 9.70352e-06 2.26866e-05 3.55674 6.90472e-06 9.15301e-06 1.2644
669 9.78909e-06 2.27181e-05 3.54698 7.04086e-06 9.00454e-06 1.24297
670 9.3487e-06 2.21983e-05 3.48746 6.46899e-06 8.97097e-06 1.22603
671 9.56164e-06 2.20278e-05 3.46993 6.72351e-06 8.84952e-06 1.21861
672 9.42928e-06 2.21127e-05 3.46198 6.87779e-06 8.97782e-06 1.24374
673 9.63499e-06 2.31035e-05 3.62488 7.03711e-06 8.99415e-06 1.24294
674 9.2847e-06 2.20446e-05 3.46603 6.6802e-06 8.89045e-06 1.22806
675 9.34748e-06 2.2356e-05 3.52297 6.5188e-06 9.14299e-06 1.26571
676 9.29309e-06 2.25028e-05 3.59138 6.78134e-06 8.9925e-06 1.27136
677 9.48675e-06 2.09577e-05 3.28464 6.70863e-06 8.59334e-06 1.184
678 9.44893e-06 2.21238e-05 3.50112 6.80982e-06 8.87837e-06 1.22799
679 9.78502e-06 2.22527e-05 3.50169 7.04213e-06 8.72878e-06 1.1772
680 9.50231e-06 2.32604e-05 3.65467 6.92778e-06 8.86908e-06 1.21137
681 9.55184e-06 2.25753e-05 3.5483 6.85049e-06 8.83898e-06 1.21075
682 9.50314e-06 2.23252e-05 3.50916 6.82736e-06 8.99247e-06 1.2332
683 9.58911e-06 2.19864e-05 3.45568 6.59432e-06 8.75821e-06 1.21689
684 9.66476e-06 2.21496e-05 3.49201 6.92084e-06 8.78716e-06 1.22775
685 9.50062e-06 2.27195e-05 3.54051 6.7452e-06 8.8391e-06 1.19792
686 9.51889e-06 2.21546e-05 3.47162 6.77498e-06 8.80378e-06 1.2347
687 9.56722e-06 2.18918e-05 3.43091 6.97437e-06 8.67898e-06 1.18859
688 9.85986e-06 2.12726e-05 3.2982 6.95761e-06 8.66882e-06 1.16906
689 9.4676e-06 2.31863e-05 3.62225 6.77238e-06 9.13248e-06 1.24611
690 9.82608e-06 2.19407e-05 3.41085 6.96596e-06 8.92224e-06 1.2242
691 9.45767e-06 2.24466e-05 3.53663 6.79204e-06 8.97462e-06 1.24221
692 9.64872e-06 2.26252e-05 3.53876 6.66278e-06 9.05401e-06 1.25456
693 9.30145e-06 2.21728e-05 3.49406 6.73028e-06 8.7937e-06 1.24448
694 9.04658e-06 2.22152e-05 3.49109 6.43441e-06 8.83037e-06 1.22065
695 9.56749e-06 2.1716e-05 3.37577 6.7801e-06 8.81391e-06 1.19862
696 9.55881e-06 2.1778e-05 3.37739 6.78235e-06 8.7698e-06 1.19418
697 9.74005e-06 2.22924e-05 3.47771 6.94137e-06 8.70722e-06 1.17561
698 9.56344e-06 2.25052e-05 3.49294 6.8916e-06 9.06831e-06 1.2586
699 9.04397e-06 2.19577e-05 3.4783 6.37983e-06 8.84721e-06 1.2485
700 9.07511e-06 2.22395e-05 3.46335 6.51485e-06 8.84451e-06 1.2109
701 9.343e-06 2.24476e-05 3.55598 6.73894e-06 8.93124e-06 1.24461
702 9.43488e-06 2.25063e-05 3.51381 6.82825e-06 8.84712e-06 1.22029
703 9.7799e-06 2.2055e-05 3.4696 6.86199e-06 9.06653e-06 1.25864
704 9.39918e-06 2.24545e-05 3.53985 6.79541e-06 8.92796e-06 1.25619
705 9.34199e-06 2.15503e-05 3.3898 6.49416e-06 8.75229e-06 1.21796
706 9.62312e-06 2.22517e-05 3.48038 6.83886e-06 9.07966e-06 1.25365
707 9.28094e-06 2.2689e-05 3.57376 6.74368e-06 8.81601e-06 1.21271
708 9.54767e-06 2.20456e-05 3.44686 6.87409e-06 8.65887e-06 1.18287
709 9.09328e-06 2.25574e-05 3.50363 6.54017e-06 8.95029e-06 1.22911
710 9.41008e-06 2.12534e-05 3.34268 6.551e-06 8.70381e-06 1.22053
711 9.63173e-06 2.16058e-05 3.3677 6.9413e-06 8.67051e-06 1.17171
712 9.34761e-06 2.26059e-05 3.5239 6.74917e-06 8.99143e-06 1.20946
713 9.51951e-06 2.16406e-05 3.37687 6.71028e-06 8.53557e-06 1.1682
714 9.5066e-06 2.2402e-05 3.53562 6.8767e-06 8.66788e-06 1.20445
715 9.36882e-06 2.21823e-05 3.49019 6.80868e-06 8.79322e-06 1.19716
716 9.15236e-06 2.23068e-05 3.5173 6.67377e-06 8.61075e-06 1.19085
717 9.28862e-06 2.08004e-05 3.223 6.56166e-06 8.54829e-06 1.17574
718 9.39992e-06 2.22434e-05 3.47306 6.77473e-06 9.06465e-06 1.22225
719 9.37424e-06 2.26722e-05 3.52859 6.62999e-06 8.95022e-06 1.23352
720 9.13645e-06 2.211e-05 3.47788 6.51796e-06 8.65318e-06 1.18909
721 9.62941e-06 2.16142e-05 3.34781 6.71693e-06 8.68534e-06 1.17824
722 9.62826e-06 2.18299e-05 3.43049 6.90079e-06 8.6564e-06 1.18168
723 9.17349e-06 2.19381e-05 3.44886 6.42266e-06 8.88699e-06 1.22045
724 9.00592e-06 2.34771e-05 3.72811 6.54357e-06 9.08066e-06 1.25731
725 9.2482e-06 2.2314e-05 3.49425 6.59306e-06 8.89286e-06 1.22152
726 9.26304e-06 2.26576e-05 3.57174 6.54407e-06 9.08136e-06 1.25783
727 9.393e-06 2.22796e-05 3.48723 6.71422e-06 8.72455e-06 1.19608
728 9.4634e-06 2.17163e-05 3.35179 6.63518e-06 8.64436e-06 1.16547
729 9.33704e-06 2.25976e-05 3.54408 6.57438e-06 8.79706e-06 1.20578
730 9.17951e-06 2.2642e-05 3.5504 6.53274e-06 8.92304e-06 1.21408
731 9.3284e-06 2.28009e-05 3.5617 6.642e-06 8.83666e-06 1.20143
732 9.13401e-06 2.22156e-05 3.48333 6.59659e-06 8.61385e-06 1.18674
733 9.33581e-06 2.23806e-05 3.51375 6.70886e-06 8.69868e-06 1.19084
734 9.22219e-06 2.22075e-05 3.45126 6.6851e-06 8.79238e-06 1.21433
735 9.3898e-06 2.26128e-05 3.51719 6.65691e-06 8.87223e-06 1.21935
736 9.12503e-06 2.13938e-05 3.35329 6.24743e-06 8.61355e-06 1.17052
737 9.24068e-06 2.16806e-05 3.42038 6.48087e-06 8.66072e-06 1.20818
738 9.47336e-06 2.26847e-05 3.54468 6.79439e-06 9.10734e-06 1.22378
739 9.36676e-06 2.26555e-05 3.54732 6.67356e-06 8.77452e-06 1.19118
740 9.45545e-06 2.16629e-05 3.37653 6.82118e-06 8.65007e-06 1.18583
741 9.02796e-06 2.24138e-05 3.50387 6.46765e-06 9.00222e-06 1.23249
742 9.29314e-06 2.31547e-05 3.62841 6.71413e-06 8.88384e-06 1.1912
743 8.96428e-06 2.19654e-05 3.40515 6.432e-06 8.72424e-06 1.17569
744 9.1636e-06 2.24093e-05 3.54542 6.45461e-06 8.88356e-06 1.22469
745 8.69252e-06 2.18771e-05 3.4408 6.33901e-06 8.65536e-06 1.1952
746 9.27203e-06 2.26678e-05 3.49135 6.67484e-06 9.0503e-06 1.21443
747 8.98297e-06 2.276e-05 3.53396 6.35429e-06 9.20699e-06 1.25611
748 9.26517e-06 2.20864e-05 3.43475 6.54917e-06 8.90933e-06 1.18579
749 9.09917e-06 2.23318e-05 3.47677 6.4479e-06 9.02504e-06 1.23564
750 9.57475e-06 2.18986e-05 3.4198 6.78443e-06 8.75976e-06 1.19691
751 9.19853e-06 2.20245e-05 3.45356 6.51653e-06 8.80654e-06 1.19004
752 9.12799e-06 2.23479e-05 3.49247 6.51539e-06 8.84057e-06 1.20905
753 9.27881e-06 2.13506e-05 3.31207 6.69073e-06 8.5924e-06 1.14918
754 9.15043e-06 2.24333e-05 3.49201 6.30362e-06 8.94833e-06 1.22354
755 9.32084e-06 2.25103e-05 3.52017 6.52959e-06 8.96419e-06 1.22553
756 9.22201e-06 2.22501e-05 3.48376 6.67392e-06 8.77477e-06 1.20562
757 9.34969e-06 2.23786e-05 3.46828 6.61673e-06 9.1611e-06 1.24541
758 9.05473e-06 2.13055e-05 3.32998 6.24758e-06 8.52245e-06 1.16615
759 8.90793e-06 2.25564e-05 3.54493 6.31485e-06 8.92832e-06 1.24445
760 9.2659e-06 2.18495e-05 3.41103 6.53171e-06 8.53624e-06 1.15255
761 9.16768e-06 2.12282e-05 3.31111 6.46492e-06 8.68987e-06 1.18531
762 9.27487e-06 2.2612e-05 3.53252 6.52635e-06 8.83893e-06 1.18876
763 8.95994e-06 2.31513e-05 3.63696 6.40559e-06 8.99943e-06 1.22538
764 8.93275e-06 2.24007e-05 3.51939 6.32272e-06 8.8122e-06 1.20548
765 9.23855e-06 2.13899e-05 3.34813 6.46721e-06 8.69881e-06 1.17274
766 9.12647e-06 2.24456e-05 3.47151 6.56897e-06 8.85263e-06 1.19084
767 9.04814e-06 2.22861e-05 3.49 6.4228e-06 8.8547e-06 1.2042
768 9.12359e-06 2.20019e-05 3.4101 6.497e-06 8.8388e-06 1.20243
769 9.34854e-06 2.19417e-05 3.43444 6.72244e-06 8.81607e-06 1.20652
770 9.31479e-06 2.25405e-05 3.49345 6.66672e-06 8.88156e-06 1.21471
771 9.07548e-06 2.21116e-05 3.42154 6.53292e-06 8.66475e-06 1.17274
772 9.3082e-06 2.20574e-05 3.439 6.5552e-06 8.89419e-06 1.21289
773 9.57959e-06 2.24301e-05 3.50879 6.66048e-06 8.94777e-06 1.22847
774 8.9737e-06 2.19516e-05 3.44094 6.23073e-06 8.89631e-06 1.22562
775 9.17027e-06 2.2299e-05 3.44731 6.48078e-06 8.82181e-06 1.19569
776 9.17142e-06 2.15158e-05 3.35009 6.5035e-06 8.72514e-06 1.20212
777 9.19475e-06 2.23784e-05 3.45813 6.57782e-06 8.95359e-06 1.21376
778 9.20352e-06 2.14949e-05 3.347 6.38991e-06 8.79895e-06 1.2031
779 9.21143e-06 2.24452e-05 3.51021 6.37692e-06 8.94619e-06 1.22294
780 9.03818e-06 2.24357e-05 3.48922 6.35869e-06 8.6501e-06 1.16236
781 8.81719e-06 2.34293e-05 3.69469 6.1764e-06 9.27588e-06 1.27734
782 8.49061e-06 2.2112e-05 3.47939 6.12698e-06 8.63459e-06 1.19915
783 9.37404e-06 2.19271e-05 3.39901 6.46238e-06 8.73883e-06 1.17276
784 8.86319e-06 2.27843e-05 3.55228 6.2428e-06 8.97886e-06 1.22756
785 9.22074e-06 2.27489e-05 3.53219 6.43305e-06 8.80626e-06 1.16988
786 9.24358e-06 2.053e-05 3.15901 6.34365e-06 8.77402e-06 1.19375
787 9.2307e-06 2.26668e-05 3.56534 6.53442e-06 8.87116e-06 1.20103
788 9.25846e-06 2.32379e-05 3.61696 6.6099e-06 8.89698e-06 1.19008
789 9.14502e-06 2.23486e-05 3.49701 6.36775e-06 8.82225e-06 1.19437
790 9.06437e-06 2.25492e-05 3.53001 6.38106e-06 8.70296e-06 1.16099
791 9.13415e-06 2.17418e-05 3.37202 6.35821e-06 8.766e-06 1.18768
792 9.2415e-06 2.2111e-05 3.41939 6.48916e-06 8.77511e-06 1.16545
793 9.23404e-06 2.23025e-05 3.4491 6.44321e-06 9.04951e-06 1.21257
794 8.86616e-06 2.21202e-05 3.45727 6.24806e-06 8.72129e-06 1.19344
795 9.20804e-06 2.2639e-05 3.54387 6.50625e-06 8.81112e-06 1.17479
796 9.08004e-06 2.19734e-05 3.42915 6.2656e-06 8.99254e-06 1.22792
797 9.06873e-06 2.27057e-05 3.50922 6.47278e-06 8.98774e-06 1.19578
798 9.03533e-06 2.21813e-05 3.45926 6.17694e-06 9.15104e-06 1.2492
799 9.13633e-06 2.27527e-05 3.53934 6.47496e-06 8.92547e-06 1.20652
800 9.15478e-06 2.1657e-05 3.36998 6.33821e-06 8.56838e-06 1.15632
801 9.14845e-06 2.16161e-05 3.3658 6.42136e-06 8.75348e-06 1.19956
802 9.3236e-06 2.32017e-05 3.62699 6.64311e-06 8.93018e-06 1.20232
803 8.9743e-06 2.22349e-05 3.48487 6.37611e-06 8.81664e-06 1.21743
804 9.0855e-06 2.31452e-05 3.64644 6.43451e-06 8.79169e-06 1.18847
805 9.21746e-06 2.17612e-05 3.36299 6.53919e-06 8.73957e-06 1.17792
806 9.18202e-06 2.24542e-05 3.47812 6.29735e-06 8.9821e-06 1.18843
807 8.96837e-06 2.26846e-05 3.57627 6.19251e-06 8.75861e-06 1.18982
808 9.08204e-06 2.30153e-05 3.56673 6.51466e-06 9.10763e-06 1.21037
809 9.68988e-06 2.07811e-05 3.19882 6.658e-06 8.2172e-06 1.07281
810 9.18931e-06 2.2381e-05 3.46143 6.43368e-06 8.62394e-06 1.15714
811 9.04932e-06 2.2168e-05 3.45799 6.38572e-06 8.81011e-06 1.20117
812 8.81206e-06 2.26101e-05 3.5252 6.28404e-06 9.16123e-06 1.2535
813 9.00413e-06 2.26391e-05 3.51624 6.39538e-06 9.02693e-06 1.21465
814 9.20385e-06 2.06315e-05 3.18657 6.36856e-06 8.5656e-06 1.15329
815 8.63117e-06 2.32876e-05 3.65621 6.24389e-06 8.80912e-06 1.20251
816 8.83877e-06 2.18645e-05 3.42614 6.13485e-06 8.85644e-06 1.22202
817 9.35817e-06 2.2039e-05 3.42726 6.54246e-06 8.74626e-06 1.1513
818 9.09856e-06 2.21905e-05 3.48196 6.33323e-06 8.7244e-06 1.17847
819 8.94302e-06 2.20544e-05 3.40906 6.45865e-06 8.7178e-06 1.17514
820 8.9998e-06 2.14915e-05 3.32934 6.39833e-06 8.68979e-06 1.18133
821 8.67471e-06 2.25645e-05 3.51262 6.04818e-06 8.9626e-06 1.22207
822 9.18059e-06 2.19775e-05 3.43145 6.33075e-06 8.62908e-06 1.16512
823 9.04191e-06 2.12894e-05 3.27622 6.35768e-06 8.67363e-06 1.16433
824 8.80349e-06 2.1844e-05 3.40673 6.19808e-06 8.71192e-06 1.1728
825 9.11565e-06 2.33082e-05 3.59779 6.51904e-06 9.07758e-06 1.20444
826 9.16832e-06 2.15954e-05 3.34305 6.20464e-06 8.70843e-06 1.1649
827 8.73833e-06 2.27006e-05 3.55989 6.03643e-06 8.91778e-06 1.19163
828 9.04656e-06 2.17405e-05 3.38885 6.17489e-06 8.74517e-06 1.18706
829 9.20542e-06 2.14508e-05 3.30809 6.518e-06 8.65742e-06 1.14365
830 9.00059e-06 2.27307e-05 3.55243 6.25793e-06 9.15298e-06 1.23775
831 8.92915e-06 2.25197e-05 3.47121 6.36695e-06 9.0585e-06 1.21624
832 9.10238e-06 2.21952e-05 3.45755 6.29836e-06 8.73055e-06 1.15955
833 9.3205e-06 2.19096e-05 3.43619 6.46881e-06 8.7448e-06 1.17468
834 8.72286e-06 2.27987e-05 3.54497 6.29066e-06 9.00923e-06 1.22343
835 8.98484e-06 2.17048e-05 3.34369 6.2311e-06 8.90618e-06 1.18909
836 9.38e-06 2.19995e-05 3.38551 6.46439e-06 8.96704e-06 1.19332
837 9.04905e-06 2.23764e-05 3.49161 6.34035e-06 8.84303e-06 1.20658
838 9.11398e-06 2.23656e-05 3.4545 6.47927e-06 8.93244e-06 1.1863
839 8.7453e-06 2.27737e-05 3.53068 6.08668e-06 8.88863e-06 1.19954
840 8.84676e-06 2.11293e-05 3.28132 6.01703e-06 8.76001e-06 1.174
841 8.86818e-06 2.22914e-05 3.48587 6.0344e-06 9.04606e-06 1.24963
842 9.00928e-06 2.20599e-05 3.41112 6.48399e-06 8.62644e-06 1.15425
843 8.79622e-06 2.14144e-05 3.33365 6.11577e-06 8.66659e-06 1.18736
844 8.80213e-06 2.25699e-05 3.50947 6.25932e-06 8.87839e-06 1.20171
845 9.16334e-06 2.31322e-05 3.61816 6.45465e-06 9.0381e-06 1.20901
846 8.84471e-06 2.16762e-05 3.36607 6.09423e-06 8.62968e-06 1.16416
847 9.00851e-06 2.23985e-05 3.45502 6.41212e-06 8.81315e-06 1.14674
848 9.2164e-06 2.24427e-05 3.50079 6.41239e-06 8.83575e-06 1.17471
849 9.26271e-06 2.23242e-05 3.47422 6.52264e-06 8.80226e-06 1.16074
850 9.04721e-06 2.14806e-05 3.28616 6.31887e-06 8.68186e-06 1.15254
851 9.17477e-06 2.1988e-05 3.37797 6.48758e-06 8.79335e-06 1.17134
852 9.10089e-06 2.23504e-05 3.483 6.52363e-06 8.78101e-06 1.19285
853 9.10471e-06 2.23493e-05 3.44977 6.397e-06 8.88076e-06 1.19443
854 8.7812e-06 2.23907e-05 3.46364 6.22808e-06 8.89695e-06 1.19227
855 9.04653e-06 2.21416e-05 3.41566 6.24303e-06 8.91463e-06 1.19227
856 8.87206e-06 2.19972e-05 3.39473 6.29441e-06 8.83069e-06 1.18513
857 9.37606e-06 2.25512e-05 3.47318 6.62761e-06 8.94557e-06 1.20002
858 9.0255e-06 2.10791e-05 3.23434 6.3669e-06 8.42852e-06 1.1273
859 9.33079e-06 2.2147e-05 3.42671 6.37321e-06 8.84395e-06 1.17246
860 9.23008e-06 2.20056e-05 3.38312 6.45449e-06 8.64932e-06 1.13454
861 8.87201e-06 2.2232e-05 3.43152 6.3424e-06 8.71288e-06 1.15704
862 8.71743e-06 2.27676e-05 3.55434 6.08629e-06 9.02699e-06 1.23358
863 9.11215e-06 2.22062e-05 3.45066 6.39159e-06 8.74289e-06 1.15448
864 9.0044e-06 2.16131e-05 3.34839 6.19112e-06 8.59013e-06 1.14319
865 9.25721e-06 2.15098e-05 3.34049 6.26735e-06 8.6915e-06 1.16672
866 8.87748e-06 2.2599e-05 3.48401 6.24857e-06 8.90257e-06 1.20539
867 9.14353e-06 2.17518e-05 3.35484 6.2339e-06 8.78453e-06 1.17456
868 8.52998e-06 2.26621e-05 3.53984 6.07972e-06 8.71949e-06 1.18689
869 8.95141e-06 2.20045e-05 3.42155 6.20191e-06 8.81535e-06 1.20598
870 8.74029e-06 2.23214e-05 3.46308 6.13233e-06 8.83849e-06 1.17805
871 8.81023e-06 2.27938e-05 3.54107 6.01142e-06 9.21213e-06 1.23342
872 9.12333e-06 2.28292e-05 3.49237 6.30717e-06 9.00715e-06 1.19268
873 8.84225e-06 2.14533e-05 3.30327 6.14443e-06 8.96629e-06 1.21116
874 9.12968e-06 2.1661e-05 3.34982 6.39902e-06 8.68344e-06 1.1518
875 8.78044e-06 2.24959e-05 3.48776 6.24286e-06 9.06016e-06 1.21507
876 8.76997e-06 2.18441e-05 3.3562 6.12884e-06 8.74457e-06 1.161
877 8.92102e-06 2.27539e-05 3.51901 6.22245e-06 8.87126e-06 1.15197
878 9.14205e-06 2.09412e-05 3.20583 6.32015e-06 8.7615e-06 1.1565
879 8.93676e-06 2.16857e-05 3.32675 6.24408e-06 8.99173e-06 1.19634
880 8.71656e-06 2.26328e-05 3.53757 6.22747e-06 8.7938e-06 1.18126
881 9.01589e-06 2.2072e-05 3.41574 6.17859e-06 8.89177e-06 1.19415
882 9.03764e-06 2.23286e-05 3.47066 6.31011e-06 8.82624e-06 1.1826
883 9.03575e-06 2.25302e-05 3.47058 6.36183e-06 8.967e-06 1.17684
884 8.88112e-06 2.20463e-05 3.42924 6.2296e-06 8.8054e-06 1.20276
885 8.68953e-06 2.15217e-05 3.32606 5.94441e-06 8.7091e-06 1.18204
886 9.03687e-06 2.19661e-05 3.36084 6.23874e-06 8.93776e-06 1.17275
887 8.58167e-06 2.25304e-05 3.5113 6.02656e-06 8.94186e-06 1.2209
888 8.92133e-06 2.15137e-05 3.32123 6.25158e-06 8.61536e-06 1.16057
889 8.67299e-06 2.29542e-05 3.59582 6.04264e-06 8.93072e-06 1.21457
890 8.76315e-06 2.21822e-05 3.43783 5.98898e-06 8.91143e-06 1.1888
891 8.96489e-06 2.23502e-05 3.44506 6.15756e-06 8.62863e-06 1.12144
892 9.25942e-06 2.24243e-05 3.44607 6.44122e-06 8.79004e-06 1.14134
893 8.64679e-06 2.28874e-05 3.55195 6.20339e-06 8.72029e-06 1.16091
894 8.81316e-06 2.11306e-05 3.22214 5.87873e-06 8.94414e-06 1.19315
895 9.08414e-06 2.22077e-05 3.41744 6.35224e-06 8.77924e-06 1.15211
896 9.03833e-06 2.20869e-05 3.42103 6.21973e-06 8.91761e-06 1.18227
897 8.89002e-06 2.21265e-05 3.38812 6.22201e-06 8.85418e-06 1.16565
898 8.8768e-06 2.13778e-05 3.28751 6.10177e-06 8.72378e-06 1.17175
899 9.26642e-06 2.14956e-05 3.29336 6.33917e-06 8.66957e-06 1.13973
900 8.93573e-06 2.16928e-05 3.35328 6.22688e-06 8.73027e-06 1.15803
901 8.42983e-06 2.29774e-05 3.56825 5.93106e-06 8.8806e-06 1.17218
902 9.01495e-06 2.2011e-05 3.4019 6.26293e-06 8.70337e-06 1.16406
903 8.75647e-06 2.21236e-05 3.44376 6.14326e-06 8.85367e-06 1.20378
904 8.67974e-06 2.15867e-05 3.33871 6.04078e-06 8.89689e-06 1.19846
905 8.99706e-06 2.21408e-05 3.45284 6.16597e-06 8.47986e-06 1.11832
906 8.98054e-06 2.23824e-05 3.47608 6.26e-06 8.92035e-06 1.19188
907 8.69829e-06 2.17428e-05 3.31967 6.08564e-06 8.53598e-06 1.12222
908 8.79825e-06 2.23093e-05 3.45724 6.14532e-06 8.83036e-06 1.17001
909 8.53787e-06 2.2288e-05 3.44223 6.01233e-06 8.96384e-06 1.19822
910 9.19452e-06 2.26526e-05 3.49274 6.55242e-06 8.82935e-06 1.16244
911 8.95484e-06 2.22958e-05 3.44251 6.22578e-06 8.77858e-06 1.14037
912 8.83828e-06 2.25568e-05 3.48019 6.23815e-06 8.78899e-06 1.17221
913 8.73635e-06 2.27226e-05 3.53998 6.1899e-06 8.80177e-06 1.16915
914 8.90439e-06 2.25525e-05 3.49548 6.10982e-06 8.70695e-06 1.15131
915 8.90929e-06 2.25703e-05 3.4826 6.23735e-06 8.90567e-06 1.16514
916 8.74268e-06 2.18232e-05 3.37559 6.08785e-06 8.68003e-06 1.15237
917 8.70317e-06 2.28675e-05 3.54886 6.22859e-06 8.71696e-06 1.16696
918 8.45557e-06 2.19349e-05 3.42684 6.02651e-06 8.74544e-06 1.18368
919 8.98041e-06 2.25489e-05 3.49659 6.19913e-06 8.88063e-06 1.17064
920 9.29835e-06 2.20888e-05 3.40683 6.42731e-06 8.75499e-06 1.15424
921 8.9275e-06 2.26938e-05 3.51246 6.20013e-06 8.82255e-06 1.17279
922 8.7617e-06 2.21953e-05 3.44038 5.99065e-06 8.92755e-06 1.19514
923 8.88616e-06 2.16398e-05 3.30482 6.08916e-06 8.91389e-06 1.17504
924 8.82176e-06 2.19294e-05 3.40668 6.10386e-06 8.65922e-06 1.14594
925 8.65874e-06 2.21777e-05 3.40769 6.05677e-06 8.83483e-06 1.176
926 8.81271e-06 2.22647e-05 3.43858 6.3134e-06 8.55692e-06 1.13068
927 8.8408e-06 2.18935e-05 3.37302 6.06217e-06 8.68637e-06 1.1414
928 8.47907e-06 2.20911e-05 3.40275 5.80698e-06 8.99211e-06 1.20175
929 9.13947e-06 2.16291e-05 3.30037 6.20934e-06 8.87578e-06 1.17603
930 8.75106e-06 2.20116e-05 3.37305 6.05009e-06 8.83323e-06 1.17751
931 8.95617e-06 2.24623e-05 3.45694 6.37285e-06 8.73515e-06 1.14509
932 8.55587e-06 2.28113e-05 3.56188 6.04057e-06 8.7756e-06 1.17152
933 8.39756e-06 2.21874e-05 3.41265 5.84822e-06 8.99136e-06 1.20697
934 8.65665e-06 2.25836e-05 3.48356 6.021e-06 8.88888e-06 1.1795
935 8.89125e-06 2.17954e-05 3.33277 6.18562e-06 8.74327e-06 1.14389
936 8.38865e-06 2.22354e-05 3.47661 5.90475e-06 8.74985e-06 1.18485
937 8.75969e-06 2.19412e-05 3.36829 6.07169e-06 8.78615e-06 1.15872
938 8.59214e-06 2.25873e-05 3.50173 5.97796e-06 8.78404e-06 1.16298
939 8.90589e-06 2.19308e-05 3.38017 6.12377e-06 8.71588e-06 1.1539
940 8.88079e-06 2.27002e-05 3.481 6.11023e-06 8.77567e-06 1.14998
941 8.62156e-06 2.24539e-05 3.47639 6.14942e-06 8.75178e-06 1.16448
942 8.9131e-06 2.21748e-05 3.41838 6.39313e-06 8.50234e-06 1.11499
943 8.76188e-06 2.12969e-05 3.24402 5.98637e-06 8.78659e-06 1.15876
944 8.44426e-06 2.27854e-05 3.5166 5.89654e-06 8.81811e-06 1.16888
945 8.57147e-06 2.24279e-05 3.49516 5.95463e-06 8.77752e-06 1.17012
946 8.90953e-06 2.22202e-05 3.414 6.17069e-06 8.86567e-06 1.1741
947 8.91304e-06 2.15868e-05 3.30828 6.1102e-06 8.79589e-06 1.15215
948 8.4314e-06 2.25864e-05 3.50788 5.86204e-06 8.97103e-06 1.18825
949 8.72138e-06 2.32669e-05 3.60013 5.9935e-06 9.14462e-06 1.21247
950 8.53926e-06 2.1742e-05 3.37592 5.75751e-06 8.59782e-06 1.13985
951 8.68224e-06 2.23872e-05 3.46224 6.106e-06 8.62221e-06 1.13924
952 8.50384e-06 2.24108e-05 3.45823 5.94909e-06 8.72857e-06 1.15156
953 8.62995e-06 2.17198e-05 3.34718 5.84198e-06 8.67098e-06 1.16866
954 8.88208e-06 2.26713e-05 3.48995 6.16007e-06 8.93339e-06 1.18154
955 8.78342e-06 2.18713e-05 3.36707 5.98325e-06 8.89447e-06 1.19753
956 8.74439e-06 2.16558e-05 3.32658 5.94446e-06 8.57751e-06 1.12733
957 8.45863e-06 2.27471e-05 3.52707 5.9918e-06 8.77895e-06 1.15922
958 8.61903e-06 2.13625e-05 3.28487 5.9835e-06 8.56573e-06 1.13805
959 8.68482e-06 2.14182e-05 3.28312 5.82457e-06 8.79216e-06 1.16796
960 8.59713e-06 2.23969e-05 3.41792 5.96546e-06 8.80534e-06 1.17158
961 8.93502e-06 2.18653e-05 3.34902 6.13012e-06 8.67675e-06 1.12971
962 8.51819e-06 2.32222e-05 3.58279 6.00618e-06 9.35605e-06 1.24511
963 8.44754e-06 2.25335e-05 3.48115 5.77412e-06 8.99964e-06 1.1987
964 8.83649e-06 2.15262e-05 3.28523 6.12741e-06 8.66398e-06 1.13018
965 8.46136e-06 2.2533e-05 3.48658 5.90861e-06 8.70102e-06 1.1587
966 8.71746e-06 2.25934e-05 3.51318 6.06883e-06 8.84271e-06 1.15927
967 8.41726e-06 2.25607e-05 3.48232 5.97545e-06 8.72422e-06 1.16058
968 8.50654e-06 2.23905e-05 3.43492 5.84158e-06 8.9038e-06 1.17975
969 8.72377e-06 2.22494e-05 3.4431 5.88292e-06 8.94833e-06 1.18276
970 8.62735e-06 2.3315e-05 3.60345 5.89094e-06 9.00318e-06 1.17311
971 8.45767e-06 2.27551e-05 3.53504 5.90695e-06 8.85062e-06 1.1789
972 8.63988e-06 2.24173e-05 3.47098 6.04537e-06 8.92086e-06 1.17679
973 8.61981e-06 2.22454e-05 3.44283 5.85151e-06 8.64575e-06 1.14748
974 8.64735e-06 2.24672e-05 3.48317 6.14244e-06 8.61321e-06 1.1453
975 8.83335e-06 2.22359e-05 3.42568 6.12783e-06 8.83466e-06 1.15776
976 8.53818e-06 2.29226e-05 3.54015 5.9917e-06 8.69996e-06 1.15437
977 8.50901e-06 2.2228e-05 3.41969 5.87462e-06 8.96627e-06 1.19563
978 8.53214e-06 2.25016e-05 3.459 5.91369e-06 8.73305e-06 1.15482
979 8.71748e-06 2.17655e-05 3.35836 5.85128e-06 8.66999e-06 1.14974
980 8.71227e-06 2.26358e-05 3.49107 5.98738e-06 8.91536e-06 1.15881
981 8.63267e-06 2.2718e-05 3.50859 6.09001e-06 8.78281e-06 1.15743
982 8.71317e-06 2.19294e-05 3.36108 5.99546e-06 8.71486e-06 1.13486
983 8.41285e-06 2.22617e-05 3.43601 5.81991e-06 8.91437e-06 1.19027
984 8.676e-06 2.18264e-05 3.36469 5.89354e-06 8.74464e-06 1.1472
985 8.58647e-06 2.23584e-05 3.46115 5.92954e-06 8.69828e-06 1.14875
986 8.76223e-06 2.29078e-05 3.52823 6.16505e-06 8.80074e-06 1.15242
987 8.35828e-06 2.22484e-05 3.43151 5.8223e-06 8.81134e-06 1.18281
988 8.7872e-06 2.20053e-05 3.35938 6.02243e-06 8.92511e-06 1.16612
989 8.75202e-06 2.2819e-05 3.52359 6.08299e-06 8.93406e-06 1.1864
990 8.65809e-06 2.19565e-05 3.36184 5.82722e-06 8.87345e-06 1.17957
991 8.53825e-06 2.1697e-05 3.30983 5.85817e-06 8.65687e-06 1.13369
992 8.7555e-06 2.13702e-05 3.27342 5.95837e-06 8.62665e-06 1.14003
993 8.67213e-06 2.26516e-05 3.52155 6.0216e-06 8.83617e-06 1.17655
994 8.62985e-06 2.30367e-05 3.55647 5.91205e-06 9.00377e-06 1.19721
995 8.66908e-06 2.22896e-05 3.42616 5.91759e-06 8.88834e-06 1.15762
996 8.77118e-06 2.15338e-05 3.30037 5.86784e-06 8.4819e-06 1.12108
997 8.92606e-06 2.15817e-05 3.30944 6.01238e-06 8.69684e-06 1.14811
998 8.33728e-06 2.19769e-05 3.38063 5.7917e-06 8.69174e-06 1.1584
999 8.4454e-06 2.25334e-05 3.44432 5.84465e-06 8.79467e-06 1.14603
1000 8.69856e-06 2.21225e-05 3.36868 5.91213e-06 8.88573e-06 1.15754
