# ../optics --mode=conv_modified_vs_classical --conv-start=10 --conv-end=1000 --values-start=0.5 --values-end=1 --repetitions=1000 --xsigma=1 --output-file=comparison_1000_32_1000_xsigma1.txt --multiplier=32 ldata.txt
10 0.00014798 7.2597e-05 15.5095 8.32099e-05 4.5063e-05 10.2279
11 0.000112566 7.37287e-05 15.5376 7.69091e-05 4.40326e-05 10.1112
12 14.2356 6.53154e-05 13.687 7.4629e-05 4.10369e-05 9.64297
13 9.93742e-05 6.34101e-05 13.367 7.10594e-05 3.80201e-05 8.91945
14 9.31618e-05 5.8313e-05 12.4117 6.87562e-05 3.55514e-05 8.44967
15 9.37028e-05 5.82586e-05 12.3067 6.69341e-05 3.41528e-05 8.1636
16 8.75912e-05 5.92098e-05 12.2202 6.09763e-05 3.53916e-05 8.10352
17 8.26111e-05 5.50002e-05 11.5096 6.01308e-05 3.19665e-05 7.64892
18 8.13291e-05 5.19092e-05 11.199 6.14342e-05 3.11279e-05 7.67709
19 7.82364e-05 5.05982e-05 10.585 5.473e-05 3.03282e-05 6.99832
20 7.75696e-05 5.01981e-05 10.6626 5.53784e-05 2.98557e-05 6.9692
21 7.71757e-05 4.95945e-05 10.4751 5.79231e-05 2.94812e-05 7.06882
22 7.13499e-05 4.90321e-05 9.97196 5.23404e-05 2.90348e-05 6.78776
23 7.00272e-05 4.87431e-05 10.1567 5.2276e-05 2.81146e-05 6.65331
24 6.95314e-05 4.62636e-05 9.82248 5.42187e-05 2.67981e-05 6.5832
25 6.59545e-05 4.46093e-05 9.11124 4.8658e-05 2.71158e-05 6.33146
26 6.6762e-05 4.33545e-05 9.38034 5.07879e-05 2.68261e-05 6.44053
27 6.53317e-05 4.83684e-05 9.91463 5.15121e-05 2.67724e-05 6.51252
28 6.65001e-05 4.3308e-05 9.07904 4.87493e-05 2.53157e-05 6.12829
29 6.41204e-05 4.31777e-05 9.10717 4.84417e-05 2.53241e-05 6.08442
30 6.24901e-05 4.1922e-05 8.75548 4.75671e-05 2.52495e-05 6.1275
31 6.28367e-05 3.99076e-05 8.40079 4.64744e-05 2.40884e-05 5.77275
32 6.09246e-05 4.19271e-05 8.46671 4.57448e-05 2.39625e-05 5.7983
33 5.99923e-05 4.06534e-05 8.48406 4.47331e-05 2.47779e-05 5.86227
34 6.12389e-05 4.11157e-05 8.32924 4.44806e-05 2.36667e-05 5.62168
35 5.92495e-05 4.03057e-05 8.23048 4.32609e-05 2.24632e-05 5.32381
36 5.74895e-05 3.96055e-05 8.22313 4.252e-05 2.20361e-05 5.29759
37 5.70084e-05 3.77699e-05 7.94291 4.13799e-05 2.26011e-05 5.48654
38 5.6112e-05 3.84145e-05 8.00041 4.13446e-05 2.25327e-05 5.29901
39 5.69806e-05 3.85777e-05 7.80839 4.10842e-05 2.29271e-05 5.43011
40 5.35922e-05 4.04756e-05 8.25244 4.14691e-05 2.32871e-05 5.57754
41 5.3691e-05 3.59411e-05 7.35887 4.08962e-05 2.13905e-05 5.1434
42 5.16043e-05 3.57187e-05 7.38999 4.10062e-05 2.18392e-05 5.32805
43 5.42874e-05 3.66646e-05 7.36316 4.07349e-05 2.16665e-05 5.22732
44 5.31837e-05 3.64945e-05 7.64559 3.96616e-05 2.0801e-05 5.04481
45 5.21142e-05 3.58778e-05 7.26084 4.05446e-05 2.08313e-05 5.05323
46 5.29361e-05 3.61643e-05 7.44976 3.99793e-05 2.20441e-05 5.36016
47 5.14614e-05 3.70367e-05 7.56987 4.00801e-05 2.09992e-05 5.09361
48 5.22821e-05 3.40514e-05 7.09355 3.95317e-05 2.00658e-05 4.97721
49 5.20716e-05 3.49806e-05 7.18655 4.03572e-05 2.1339e-05 5.22753
50 5.13559e-05 3.53533e-05 7.19669 3.87784e-05 2.1375e-05 5.20544
51 4.98577e-05 3.43409e-05 6.94398 3.76102e-05 1.9937e-05 4.81546
52 5.01677e-05 3.37548e-05 6.97849 3.72475e-05 2.05039e-05 4.90252
53 4.81405e-05 3.33084e-05 6.73271 3.80448e-05 1.98917e-05 4.86311
54 4.91869e-05 3.35518e-05 6.81494 3.78131e-05 1.97546e-05 4.89113
55 4.8961e-05 3.49822e-05 7.05517 3.56964e-05 2.00242e-05 4.7542
56 4.83284e-05 3.24478e-05 6.58946 3.61523e-05 1.94179e-05 4.71049
57 4.89581e-05 3.38091e-05 6.97492 3.65732e-05 1.95376e-05 4.74731
58 4.74187e-05 3.37073e-05 6.99314 3.57211e-05 1.97394e-05 4.74708
59 4.74445e-05 3.28734e-05 6.57256 3.62635e-05 2.01446e-05 4.81294
60 4.66012e-05 3.33025e-05 6.78411 3.57415e-05 2.01491e-05 4.89858
61 4.64493e-05 3.2476e-05 6.61662 3.48174e-05 1.88911e-05 4.54019
62 4.5852e-05 3.29556e-05 6.66309 3.53455e-05 1.91741e-05 4.70311
63 4.68797e-05 3.31778e-05 6.69746 3.60155e-05 1.96156e-05 4.80205
64 4.65503e-05 3.2366e-05 6.67845 3.47498e-05 1.9082e-05 4.62129
65 4.41732e-05 3.25437e-05 6.52835 3.32551e-05 1.88884e-05 4.5277
66 4.51324e-05 3.14795e-05 6.29613 3.509e-05 1.87882e-05 4.56031
67 4.39865e-05 2.90829e-05 5.98264 3.4574e-05 1.87527e-05 4.59881
68 4.46053e-05 3.00271e-05 6.18853 3.33686e-05 1.8069e-05 4.37836
69 4.37893e-05 2.96579e-05 6.09794 3.57984e-05 1.89874e-05 4.69227
70 4.50389e-05 3.24795e-05 6.49237 3.39496e-05 1.84037e-05 4.47967
71 4.35539e-05 3.06534e-05 6.22814 3.43438e-05 1.79649e-05 4.4593
72 4.31144e-05 2.98395e-05 6.01734 3.38611e-05 1.81171e-05 4.43448
73 4.37538e-05 3.21825e-05 6.32335 3.36244e-05 1.92604e-05 4.62264
74 4.34372e-05 3.17475e-05 6.34485 3.3105e-05 1.85037e-05 4.50265
75 4.34403e-05 2.90797e-05 5.84854 3.39728e-05 1.78377e-05 4.33558
76 4.19439e-05 3.04822e-05 6.15833 3.29344e-05 1.81634e-05 4.42617
77 4.26046e-05 2.97586e-05 5.98419 3.36248e-05 1.79284e-05 4.38428
78 4.3098e-05 2.93775e-05 5.91815 3.31518e-05 1.77429e-05 4.3891
79 4.42871e-05 2.94287e-05 6.06643 3.36411e-05 1.79707e-05 4.43923
80 4.34953e-05 3.02209e-05 6.0127 3.4118e-05 1.84359e-05 4.51143
81 4.13186e-05 2.88153e-05 5.93829 3.22385e-05 1.69638e-05 4.17565
82 4.38363e-05 2.81946e-05 5.92051 3.34116e-05 1.74926e-05 4.35559
83 4.43311e-05 2.95507e-05 6.08839 3.19605e-05 1.70326e-05 4.20344
84 4.17882e-05 2.8552e-05 5.7679 3.20354e-05 1.75003e-05 4.20647
85 4.11618e-05 2.79596e-05 5.70715 3.24209e-05 1.67399e-05 4.20138
86 4.07298e-05 2.93821e-05 5.7845 3.18601e-05 1.77854e-05 4.29781
87 4.08294e-05 2.9136e-05 5.72756 3.15391e-05 1.75361e-05 4.2726
88 4.15389e-05 2.96919e-05 5.92176 3.13572e-05 1.7859e-05 4.31857
89 4.05743e-05 2.65488e-05 5.38932 3.08049e-05 1.72042e-05 4.18758
90 3.77887e-05 2.84229e-05 5.5261 3.16604e-05 1.76464e-05 4.31351
91 4.01142e-05 2.83736e-05 5.65113 3.08855e-05 1.71527e-05 4.21575
92 3.96797e-05 2.70012e-05 5.44775 3.12518e-05 1.67333e-05 4.07489
93 3.90315e-05 2.74458e-05 5.46588 3.18447e-05 1.64222e-05 4.13335
94 3.94706e-05 2.7622e-05 5.43236 3.10956e-05 1.71206e-05 4.16588
95 4.08981e-05 2.75346e-05 5.48065 3.17712e-05 1.70339e-05 4.26554
96 4.00781e-05 2.78976e-05 5.45973 3.05725e-05 1.71932e-05 4.21041
97 4.15609e-05 2.75107e-05 5.69504 3.06346e-05 1.72777e-05 4.23274
98 4.03532e-05 2.88265e-05 5.74007 3.18917e-05 1.67104e-05 4.1837
99 4.00141e-05 2.84492e-05 5.57483 3.11491e-05 1.68177e-05 4.15003
100 3.84301e-05 2.77746e-05 5.31475 3.0998e-05 1.7453e-05 4.23267
101 3.88768e-05 2.77601e-05 5.54286 3.03766e-05 1.69326e-05 4.1425
102 3.92499e-05 2.67249e-05 5.40483 3.00848e-05 1.64544e-05 4.006
103 3.93886e-05 2.6461e-05 5.39373 3.03935e-05 1.63748e-05 4.0344
104 3.92341e-05 2.51211e-05 5.16215 2.98649e-05 1.5883e-05 3.96386
105 3.90558e-05 2.5767e-05 5.308 3.01605e-05 1.62924e-05 4.04268
106 3.75727e-05 2.7492e-05 5.47077 3.02666e-05 1.64703e-05 4.05389
107 3.85339e-05 2.76164e-05 5.47402 3.01339e-05 1.64356e-05 4.0631
108 3.76654e-05 2.60781e-05 5.21573 2.97982e-05 1.60088e-05 3.96289
109 3.81261e-05 2.71178e-05 5.42844 2.96318e-05 1.67984e-05 4.10909
110 3.85168e-05 2.56888e-05 5.30524 2.94023e-05 1.58979e-05 3.9281
111 3.75166e-05 2.65745e-05 5.26841 3.1066e-05 1.64586e-05 4.09243
112 3.87942e-05 2.61853e-05 5.42411 3.02034e-05 1.60028e-05 3.98421
113 3.72749e-05 2.63661e-05 5.17437 2.9355e-05 1.6874e-05 4.11163
114 3.64508e-05 2.65248e-05 5.2866 2.86568e-05 1.54807e-05 3.8214
115 3.76378e-05 2.55544e-05 5.16265 2.95254e-05 1.61186e-05 3.96065
116 3.77711e-05 2.7588e-05 5.42856 3.04499e-05 1.64813e-05 4.09403
117 3.68095e-05 2.58651e-05 5.00822 2.83946e-05 1.62891e-05 4.0302
118 3.67194e-05 2.55664e-05 5.04935 2.92734e-05 1.65902e-05 4.09856
119 3.82777e-05 2.53051e-05 5.11695 2.81432e-05 1.56134e-05 3.85445
120 3.83398e-05 2.50133e-05 4.99811 2.96709e-05 1.62702e-05 4.04075
121 3.69701e-05 2.39306e-05 4.96665 2.91811e-05 1.53992e-05 3.87473
122 3.68649e-05 2.63549e-05 5.19938 2.85265e-05 1.60152e-05 3.86543
123 3.67651e-05 2.53246e-05 4.97285 2.98579e-05 1.60159e-05 4.00667
124 3.64081e-05 2.50001e-05 4.99803 2.88488e-05 1.63218e-05 3.99819
125 3.6261e-05 2.56694e-05 5.09429 2.90139e-05 1.59203e-05 3.95231
126 3.6906e-05 2.70678e-05 5.23178 2.92993e-05 1.62764e-05 4.00926
127 3.59416e-05 2.58449e-05 4.98628 2.89791e-05 1.66266e-05 4.03998
128 3.79405e-05 2.5586e-05 5.13833 2.71992e-05 1.5218e-05 3.70521
129 3.69952e-05 2.47153e-05 4.88363 2.86914e-05 1.5822e-05 3.92631
130 3.6636e-05 2.37367e-05 4.77675 2.80145e-05 1.57455e-05 3.88007
131 3.72231e-05 2.47939e-05 5.00132 2.79197e-05 1.55933e-05 3.80609
132 3.62051e-05 2.42751e-05 4.75314 2.82227e-05 1.5533e-05 3.83991
133 3.72396e-05 2.42529e-05 4.84046 2.77075e-05 1.51196e-05 3.72069
134 3.49806e-05 2.48062e-05 4.8494 2.91701e-05 1.58493e-05 3.97977
135 3.49015e-05 2.47861e-05 4.89458 2.83381e-05 1.5671e-05 3.86795
136 3.61086e-05 2.45723e-05 4.89489 2.84319e-05 1.619e-05 3.98549
137 3.50118e-05 2.29719e-05 4.5779 2.877e-05 1.56168e-05 3.877
138 3.54792e-05 2.58117e-05 4.9888 2.92634e-05 1.60671e-05 4.01661
139 3.56753e-05 2.38955e-05 4.72148 2.79924e-05 1.51702e-05 3.75762
140 3.56743e-05 2.41235e-05 4.8347 2.9111e-05 1.54863e-05 3.89835
141 3.67667e-05 2.46748e-05 4.9363 2.77574e-05 1.56675e-05 3.81345
142 3.46892e-05 2.5495e-05 5.01385 2.86714e-05 1.58057e-05 3.94055
143 3.61959e-05 2.4503e-05 4.79846 2.88977e-05 1.61143e-05 4.01796
144 3.60977e-05 2.54686e-05 5.00573 2.8272e-05 1.56776e-05 3.8834
145 3.50973e-05 2.56089e-05 4.97993 2.78103e-05 1.57272e-05 3.84771
146 3.52296e-05 2.52392e-05 4.85442 2.88535e-05 1.53147e-05 3.88255
147 3.47979e-05 2.38658e-05 4.76726 2.82292e-05 1.51431e-05 3.76833
148 3.4049e-05 2.44814e-05 4.67653 2.84704e-05 1.59189e-05 3.95077
149 3.46063e-05 2.38063e-05 4.73946 2.85655e-05 1.50925e-05 3.7593
150 3.51131e-05 2.30651e-05 4.60301 2.732e-05 1.52428e-05 3.76553
151 3.56473e-05 2.41706e-05 4.7972 2.70363e-05 1.53085e-05 3.74373
152 3.37129e-05 2.41538e-05 4.71989 2.88579e-05 1.56577e-05 3.96451
153 3.40386e-05 2.45566e-05 4.80565 2.88834e-05 1.57225e-05 3.94287
154 3.50445e-05 2.31693e-05 4.64519 2.78595e-05 1.50834e-05 3.76196
155 3.497e-05 2.4099e-05 4.76822 2.91537e-05 1.58566e-05 3.97585
156 3.53236e-05 2.48155e-05 4.80101 2.78972e-05 1.53496e-05 3.80372
157 3.43785e-05 2.31327e-05 4.56981 2.81417e-05 1.54313e-05 3.87882
158 3.30525e-05 2.41144e-05 4.70905 2.80437e-05 1.52992e-05 3.85895
159 3.41713e-05 2.32209e-05 4.52503 2.76856e-05 1.57314e-05 3.87463
160 3.29486e-05 2.41672e-05 4.6504 2.85797e-05 1.56488e-05 3.93161
161 3.45994e-05 2.3602e-05 4.58205 2.76742e-05 1.56741e-05 3.85493
162 3.46231e-05 2.36506e-05 4.66661 2.76373e-05 1.54045e-05 3.77667
163 3.37243e-05 2.3474e-05 4.61642 2.72832e-05 1.49674e-05 3.73512
164 3.43244e-05 2.46094e-05 4.74388 2.80751e-05 1.5963e-05 3.93732
165 3.32388e-05 2.36966e-05 4.50119 2.81436e-05 1.54827e-05 3.90011
166 3.44203e-05 2.35961e-05 4.63123 2.70844e-05 1.50212e-05 3.73971
167 3.47213e-05 2.23965e-05 4.614 2.66209e-05 1.44555e-05 3.57141
168 3.33685e-05 2.30739e-05 4.46133 2.79756e-05 1.54522e-05 3.87226
169 3.41143e-05 2.2849e-05 4.5538 2.68775e-05 1.44976e-05 3.59819
170 3.52011e-05 2.29892e-05 4.48302 2.63169e-05 1.51799e-05 3.68387
171 3.20706e-05 2.29679e-05 4.50808 2.87906e-05 1.48282e-05 3.82033
172 3.36672e-05 2.39643e-05 4.49791 2.67606e-05 1.5102e-05 3.71601
173 3.43612e-05 2.27581e-05 4.5875 2.72108e-05 1.45564e-05 3.66598
174 3.47224e-05 2.20927e-05 4.45151 2.71542e-05 1.46973e-05 3.69807
175 3.43605e-05 2.30301e-05 4.59721 2.8457e-05 1.52402e-05 3.8335
176 3.26031e-05 2.31418e-05 4.40328 2.77718e-05 1.56525e-05 3.89559
177 3.25122e-05 2.20415e-05 4.28353 2.77397e-05 1.54703e-05 3.83473
178 3.39199e-05 2.31522e-05 4.54933 2.69813e-05 1.48225e-05 3.70802
179 3.28459e-05 2.37223e-05 4.50393 2.78806e-05 1.50388e-05 3.80918
180 3.24796e-05 2.20982e-05 4.26913 2.63938e-05 1.47264e-05 3.64835
181 3.24664e-05 2.29465e-05 4.41268 2.67972e-05 1.50729e-05 3.75618
182 3.37213e-05 2.24189e-05 4.37793 2.65158e-05 1.48525e-05 3.7017
183 3.4031e-05 2.22205e-05 4.43094 2.66677e-05 1.48298e-05 3.6766
184 3.35248e-05 2.31469e-05 4.37178 2.70766e-05 1.50423e-05 3.74842
185 3.23062e-05 2.2532e-05 4.31736 2.70674e-05 1.47147e-05 3.72945
186 3.28661e-05 2.32231e-05 4.53779 2.66348e-05 1.48838e-05 3.72482
187 3.32287e-05 2.34344e-05 4.48194 2.67413e-05 1.50942e-05 3.79189
188 3.33534e-05 2.19802e-05 4.30845 2.6964e-05 1.46697e-05 3.7045
189 3.20445e-05 2.14037e-05 4.16945 2.68484e-05 1.47023e-05 3.69537
190 3.1993e-05 2.22132e-05 4.26564 2.79055e-05 1.51069e-05 3.80251
191 3.48114e-05 2.29707e-05 4.57038 2.68417e-05 1.52989e-05 3.79851
192 3.24633e-05 2.28471e-05 4.32662 2.65115e-05 1.46479e-05 3.64074
193 3.25022e-05 2.19339e-05 4.23636 2.65366e-05 1.46794e-05 3.66041
194 3.20752e-05 2.43325e-05 4.66674 2.71833e-05 1.51587e-05 3.8084
195 3.20235e-05 2.29591e-05 4.534 2.75348e-05 1.46293e-05 3.72393
196 3.36717e-05 2.05288e-05 4.24268 2.72049e-05 1.42167e-05 3.64606
197 3.2638e-05 2.2928e-05 4.42845 2.72726e-05 1.48003e-05 3.75777
198 3.21811e-05 2.28589e-05 4.41646 2.7946e-05 1.53189e-05 3.86704
199 3.2918e-05 2.2591e-05 4.4078 2.67443e-05 1.50169e-05 3.73714
200 3.37349e-05 2.17098e-05 4.30835 2.55961e-05 1.45184e-05 3.59458
201 3.19493e-05 2.21154e-05 4.31824 2.6893e-05 1.503e-05 3.74253
202 3.24505e-05 2.20912e-05 4.32081 2.69302e-05 1.48443e-05 3.74611
203 3.30261e-05 2.26268e-05 4.27821 2.58221e-05 1.47108e-05 3.63247
204 3.38315e-05 2.29699e-05 4.47948 2.57855e-05 1.48879e-05 3.66557
205 3.26282e-05 2.28853e-05 4.27042 2.71479e-05 1.53062e-05 3.84696
206 3.17707e-05 2.28885e-05 4.27146 2.78521e-05 1.51446e-05 3.81565
207 3.1045e-05 2.26411e-05 4.23822 2.69573e-05 1.45675e-05 3.69554
208 3.1374e-05 2.12469e-05 4.07555 2.6847e-05 1.49544e-05 3.7902
209 3.21033e-05 2.16069e-05 4.20651 2.68218e-05 1.42682e-05 3.64914
210 3.11831e-05 2.3239e-05 4.32017 2.66023e-05 1.53036e-05 3.80656
211 3.18389e-05 2.15844e-05 4.1081 2.624e-05 1.44679e-05 3.64794
212 3.36702e-05 2.21376e-05 4.23335 2.63506e-05 1.48393e-05 3.69782
213 3.13037e-05 2.19111e-05 4.11623 2.6203e-05 1.4686e-05 3.68061
214 3.23864e-05 2.14258e-05 4.14456 2.68898e-05 1.50521e-05 3.77932
215 3.22666e-05 2.25747e-05 4.36843 2.59889e-05 1.45971e-05 3.64805
216 3.17179e-05 2.15986e-05 4.15125 2.71717e-05 1.47277e-05 3.72281
217 3.2554e-05 2.10946e-05 4.07511 2.67044e-05 1.47755e-05 3.67454
218 3.20355e-05 2.09119e-05 4.09044 2.62583e-05 1.43716e-05 3.63315
219 3.15315e-05 2.25322e-05 4.20731 2.5546e-05 1.48388e-05 3.66575
220 3.20226e-05 2.25045e-05 4.32205 2.69191e-05 1.51199e-05 3.79409
221 3.12216e-05 2.09341e-05 4.04792 2.65752e-05 1.47387e-05 3.717
222 3.12074e-05 2.13416e-05 4.05527 2.61039e-05 1.45475e-05 3.64262
223 3.12225e-05 2.19599e-05 4.21145 2.65914e-05 1.48342e-05 3.72737
224 3.17747e-05 1.9931e-05 3.8513 2.64116e-05 1.43325e-05 3.62654
225 3.16836e-05 2.15813e-05 4.06244 2.73029e-05 1.4966e-05 3.81037
226 3.31156e-05 2.06971e-05 3.97133 2.55704e-05 1.4318e-05 3.58672
227 3.15702e-05 2.21262e-05 4.10371 2.57848e-05 1.4679e-05 3.66806
228 3.38181e-05 2.05666e-05 4.1007 2.53055e-05 1.43753e-05 3.56258
229 3.18765e-05 2.04828e-05 3.95603 2.65213e-05 1.4735e-05 3.68878
230 3.19974e-05 2.21529e-05 4.22549 2.59537e-05 1.49229e-05 3.71021
231 3.17212e-05 2.18138e-05 4.16817 2.65106e-05 1.52642e-05 3.80529
232 3.27369e-05 2.0404e-05 3.96431 2.53998e-05 1.40973e-05 3.52824
233 3.17494e-05 2.00834e-05 3.83491 2.56391e-05 1.40994e-05 3.57293
234 3.06579e-05 2.10375e-05 4.15619 2.73553e-05 1.44677e-05 3.69929
235 3.1477e-05 2.11171e-05 4.07789 2.65366e-05 1.45626e-05 3.65169
236 3.15386e-05 2.26036e-05 4.3407 2.65033e-05 1.44072e-05 3.61969
237 3.17933e-05 2.09761e-05 3.87919 2.65205e-05 1.48398e-05 3.72391
238 3.16221e-05 2.13874e-05 4.02822 2.64379e-05 1.48264e-05 3.7233
239 3.17004e-05 2.2068e-05 4.14143 2.63764e-05 1.47225e-05 3.71305
240 3.11104e-05 2.18148e-05 4.15279 2.68911e-05 1.47372e-05 3.73195
241 3.20353e-05 2.06958e-05 3.89394 2.58017e-05 1.41339e-05 3.554
242 3.11414e-05 2.03951e-05 3.96918 2.62558e-05 1.40954e-05 3.59885
243 3.03906e-05 2.0993e-05 4.04019 2.69769e-05 1.46683e-05 3.73517
244 3.3129e-05 2.11593e-05 4.0062 2.49713e-05 1.48636e-05 3.64926
245 2.9983e-05 2.1878e-05 4.10787 2.6915e-05 1.45594e-05 3.7195
246 3.0796e-05 2.01167e-05 3.74769 2.5805e-05 1.45621e-05 3.63036
247 3.05351e-05 2.17487e-05 4.10126 2.66186e-05 1.45452e-05 3.6804
248 3.04297e-05 2.08555e-05 3.99442 2.65756e-05 1.46878e-05 3.73711
249 3.05875e-05 2.05588e-05 3.87316 2.66379e-05 1.44173e-05 3.68446
250 3.08636e-05 2.05618e-05 3.87465 2.62172e-05 1.44978e-05 3.63572
251 3.10022e-05 2.01965e-05 3.89514 2.62716e-05 1.44398e-05 3.65833
252 3.13492e-05 2.12577e-05 3.99697 2.60689e-05 1.47657e-05 3.68389
253 3.02622e-05 2.14167e-05 4.02543 2.63273e-05 1.47651e-05 3.71391
254 3.07198e-05 2.13403e-05 3.9815 2.62964e-05 1.47655e-05 3.68784
255 3.06996e-05 2.15747e-05 4.0021 2.54909e-05 1.45934e-05 3.61948
256 3.00241e-05 2.05621e-05 3.79123 2.60046e-05 1.44376e-05 3.65107
257 3.02121e-05 2.11681e-05 3.91204 2.59506e-05 1.48937e-05 3.71494
258 3.03927e-05 2.02861e-05 3.8292 2.66288e-05 1.44547e-05 3.67464
259 3.03926e-05 2.02075e-05 3.77946 2.56584e-05 1.43006e-05 3.59924
260 3.08615e-05 2.0277e-05 3.81211 2.5741e-05 1.39871e-05 3.54856
261 3.12836e-05 2.07468e-05 3.96655 2.53241e-05 1.40749e-05 3.54424
262 3.08914e-05 2.18622e-05 4.07039 2.61514e-05 1.48011e-05 3.69844
263 3.10997e-05 2.09942e-05 3.90111 2.58002e-05 1.48385e-05 3.6955
264 3.18261e-05 2.06413e-05 3.7301 2.50845e-05 1.44637e-05 3.58006
265 3.08066e-05 1.98903e-05 3.72341 2.55704e-05 1.42971e-05 3.58276
266 3.05605e-05 1.96196e-05 3.76782 2.61853e-05 1.45343e-05 3.65263
267 2.9154e-05 2.12816e-05 3.86488 2.62988e-05 1.47005e-05 3.72036
268 3.10805e-05 1.98691e-05 3.75028 2.58463e-05 1.42517e-05 3.57794
269 3.08321e-05 1.92975e-05 3.65036 2.60233e-05 1.39795e-05 3.56686
270 3.11296e-05 2.01418e-05 3.79031 2.57599e-05 1.42578e-05 3.58001
271 3.03291e-05 2.04703e-05 3.80324 2.54948e-05 1.44481e-05 3.63459
272 3.05723e-05 1.99755e-05 3.67907 2.62127e-05 1.48118e-05 3.72027
273 2.9095e-05 2.02512e-05 3.77152 2.66222e-05 1.46404e-05 3.71816
274 3.10387e-05 2.20839e-05 4.0676 2.62835e-05 1.50569e-05 3.767
275 3.20193e-05 2.05509e-05 3.88474 2.53497e-05 1.42338e-05 3.56509
276 3.12088e-05 2.00382e-05 3.83982 2.52037e-05 1.38363e-05 3.48235
277 3.09223e-05 1.99969e-05 3.8896 2.61533e-05 1.46642e-05 3.69766
278 2.96633e-05 2.09082e-05 3.92735 2.60916e-05 1.43419e-05 3.63113
279 2.95667e-05 2.03461e-05 3.73599 2.59207e-05 1.43989e-05 3.63007
280 3.04506e-05 2.03941e-05 3.91838 2.6189e-05 1.44411e-05 3.65623
281 3.04049e-05 2.05071e-05 3.78824 2.55253e-05 1.48099e-05 3.69035
282 3.02836e-05 2.00625e-05 3.76878 2.60332e-05 1.43131e-05 3.62456
283 3.09843e-05 1.98905e-05 3.78215 2.5253e-05 1.43327e-05 3.56326
284 3.02446e-05 2.00879e-05 3.77896 2.57761e-05 1.43169e-05 3.60846
285 2.9719e-05 2.10016e-05 3.84512 2.61809e-05 1.50044e-05 3.75221
286 3.01569e-05 1.95651e-05 3.72584 2.5641e-05 1.40543e-05 3.56494
287 2.97376e-05 2.01884e-05 3.88217 2.6366e-05 1.39231e-05 3.59417
288 2.92142e-05 1.91787e-05 3.61692 2.55559e-05 1.41666e-05 3.5817
289 2.99975e-05 1.93685e-05 3.67056 2.60978e-05 1.41854e-05 3.6082
290 2.98946e-05 1.99552e-05 3.74093 2.59041e-05 1.44642e-05 3.63401
291 3.02765e-05 2.11529e-05 3.86273 2.56915e-05 1.44977e-05 3.64598
292 3.12088e-05 1.95693e-05 3.69606 2.53049e-05 1.40489e-05 3.53251
293 2.94828e-05 2.06237e-05 3.86241 2.70578e-05 1.48e-05 3.78315
294 2.99351e-05 1.96429e-05 3.6994 2.58495e-05 1.42164e-05 3.60074
295 2.94301e-05 1.99234e-05 3.80968 2.54724e-05 1.40117e-05 3.53808
296 2.98271e-05 1.95865e-05 3.68042 2.61315e-05 1.3788e-05 3.54373
297 3.02942e-05 1.92071e-05 3.5631 2.5185e-05 1.40923e-05 3.51221
298 3.12972e-05 2.01542e-05 3.8188 2.5296e-05 1.44715e-05 3.59287
299 2.9898e-05 2.0651e-05 3.84126 2.70275e-05 1.46829e-05 3.76214
300 3.02713e-05 2.01242e-05 3.78825 2.54741e-05 1.435e-05 3.62308
301 3.07145e-05 1.98685e-05 3.65485 2.5354e-05 1.44331e-05 3.62035
302 2.96797e-05 2.03762e-05 3.80368 2.59394e-05 1.41977e-05 3.62091
303 3.05065e-05 1.94306e-05 3.68893 2.55951e-05 1.37346e-05 3.51464
304 3.08046e-05 1.99366e-05 3.63238 2.49484e-05 1.43611e-05 3.5845
305 3.03341e-05 1.96569e-05 3.72786 2.58737e-05 1.46839e-05 3.69395
306 2.9301e-05 2.01244e-05 3.72267 2.63836e-05 1.42834e-05 3.64679
307 3.11462e-05 2.02284e-05 3.76775 2.46198e-05 1.39472e-05 3.50023
308 3.04713e-05 1.89683e-05 3.58728 2.58555e-05 1.40722e-05 3.57882
309 2.89244e-05 1.97734e-05 3.65035 2.62442e-05 1.42064e-05 3.63034
310 2.95173e-05 2.0136e-05 3.6441 2.53108e-05 1.4362e-05 3.59374
311 3.03169e-05 2.03048e-05 3.69199 2.5643e-05 1.45093e-05 3.64812
312 2.99606e-05 1.90327e-05 3.59768 2.48442e-05 1.35558e-05 3.43077
313 3.08714e-05 2.09694e-05 3.90997 2.53981e-05 1.45626e-05 3.6277
314 2.91178e-05 2.0631e-05 3.85229 2.64114e-05 1.46058e-05 3.72088
315 3.15355e-05 1.95802e-05 3.7099 2.50907e-05 1.42364e-05 3.56363
316 3.00187e-05 2.0861e-05 3.90896 2.53727e-05 1.45255e-05 3.63872
317 2.91558e-05 2.0743e-05 3.69326 2.53833e-05 1.47172e-05 3.65282
318 3.04069e-05 2.04488e-05 3.7882 2.54562e-05 1.42535e-05 3.59346
319 2.90348e-05 1.91222e-05 3.50483 2.56779e-05 1.41666e-05 3.60912
320 2.86949e-05 1.97116e-05 3.60392 2.56497e-05 1.42491e-05 3.62465
321 2.91075e-05 1.93084e-05 3.5659 2.58835e-05 1.4096e-05 3.6077
322 3.06242e-05 1.99837e-05 3.68453 2.49179e-05 1.43735e-05 3.59743
323 3.03184e-05 1.90705e-05 3.55107 2.52491e-05 1.42219e-05 3.58532
324 2.9464e-05 1.95271e-05 3.5579 2.53223e-05 1.43663e-05 3.5954
325 2.91591e-05 1.89625e-05 3.50592 2.61344e-05 1.41777e-05 3.6297
326 2.89218e-05 1.92472e-05 3.51037 2.57941e-05 1.42327e-05 3.60862
327 2.97993e-05 1.85218e-05 3.39848 2.54657e-05 1.44297e-05 3.63833
328 2.98459e-05 1.93961e-05 3.54942 2.53861e-05 1.43151e-05 3.63407
329 3.10103e-05 1.90729e-05 3.49733 2.4587e-05 1.39789e-05 3.49294
330 3.05002e-05 2.09321e-05 3.70413 2.49556e-05 1.44463e-05 3.60487
331 3.04793e-05 2.00836e-05 3.65697 2.49068e-05 1.44995e-05 3.5963
332 2.89931e-05 1.92113e-05 3.55965 2.61263e-05 1.42919e-05 3.65035
333 2.96508e-05 1.96625e-05 3.6254 2.52596e-05 1.43477e-05 3.5975
334 2.90893e-05 2.03393e-05 3.59922 2.52278e-05 1.44908e-05 3.63743
335 3.03828e-05 1.99863e-05 3.72433 2.51913e-05 1.43899e-05 3.60097
336 2.94775e-05 1.97182e-05 3.6236 2.56176e-05 1.44254e-05 3.63942
337 2.87615e-05 1.87278e-05 3.44177 2.56794e-05 1.40051e-05 3.56894
338 2.9671e-05 1.90246e-05 3.34733 2.47569e-05 1.42114e-05 3.56583
339 2.94595e-05 1.98913e-05 3.71066 2.59849e-05 1.42773e-05 3.63185
340 2.98103e-05 1.86534e-05 3.46382 2.52879e-05 1.39261e-05 3.52309
341 2.93802e-05 1.88797e-05 3.49011 2.58784e-05 1.42779e-05 3.63167
342 2.91487e-05 1.90152e-05 3.48508 2.53505e-05 1.42089e-05 3.57748
343 2.90517e-05 2.01294e-05 3.61533 2.51618e-05 1.39349e-05 3.5279
344 2.94457e-05 1.97755e-05 3.58392 2.52266e-05 1.4183e-05 3.59354
345 3.00165e-05 1.90703e-05 3.45762 2.5118e-05 1.42913e-05 3.59645
346 2.96486e-05 1.91063e-05 3.61772 2.51343e-05 1.414e-05 3.55719
347 2.91987e-05 1.92805e-05 3.4474 2.54721e-05 1.42781e-05 3.60173
348 2.94989e-05 1.96475e-05 3.73924 2.56091e-05 1.398e-05 3.58441
349 2.91595e-05 1.98319e-05 3.60209 2.56806e-05 1.44759e-05 3.64575
350 2.97346e-05 1.93059e-05 3.49858 2.51938e-05 1.46711e-05 3.68349
351 2.82797e-05 2.01301e-05 3.5955 2.59852e-05 1.45325e-05 3.68403
352 3.03154e-05 2.0077e-05 3.66755 2.49059e-05 1.41443e-05 3.55939
353 2.96229e-05 1.96079e-05 3.56795 2.54808e-05 1.41991e-05 3.60423
354 2.92618e-05 1.92001e-05 3.47779 2.49519e-05 1.4205e-05 3.56985
355 2.81891e-05 1.92354e-05 3.42292 2.57857e-05 1.46286e-05 3.68671
356 2.96221e-05 2.02154e-05 3.66234 2.54151e-05 1.41434e-05 3.6121
357 2.89292e-05 1.89522e-05 3.51281 2.48848e-05 1.40747e-05 3.52885
358 2.91641e-05 1.94802e-05 3.49708 2.51054e-05 1.4443e-05 3.62052
359 2.90449e-05 1.87809e-05 3.43091 2.50407e-05 1.44238e-05 3.61413
360 2.83592e-05 1.95403e-05 3.53072 2.55575e-05 1.43935e-05 3.6353
361 2.86853e-05 1.90116e-05 3.44007 2.62005e-05 1.38231e-05 3.58891
362 2.92437e-05 1.95222e-05 3.51583 2.51711e-05 1.43433e-05 3.61671
363 2.9654e-05 1.91352e-05 3.46733 2.49266e-05 1.41118e-05 3.56129
364 2.97873e-05 1.84931e-05 3.44709 2.55205e-05 1.43231e-05 3.63318
365 2.90102e-05 1.84455e-05 3.30881 2.53203e-05 1.42808e-05 3.60648
366 2.79099e-05 1.90293e-05 3.39153 2.5488e-05 1.432e-05 3.61831
367 2.81402e-05 1.95995e-05 3.48578 2.52307e-05 1.43419e-05 3.62985
368 2.88265e-05 1.85988e-05 3.35202 2.56289e-05 1.41323e-05 3.58143
369 2.86797e-05 1.94563e-05 3.43004 2.5525e-05 1.39935e-05 3.57785
370 2.94692e-05 1.90911e-05 3.49067 2.53569e-05 1.43253e-05 3.62308
371 2.98821e-05 1.88773e-05 3.40709 2.49407e-05 1.40675e-05 3.55389
372 2.91253e-05 1.89418e-05 3.41765 2.55125e-05 1.41911e-05 3.60305
373 3.01104e-05 1.8309e-05 3.50343 2.50554e-05 1.37765e-05 3.49961
374 2.80375e-05 1.96553e-05 3.47097 2.59105e-05 1.4507e-05 3.67402
375 2.95912e-05 1.91067e-05 3.38736 2.47625e-05 1.40261e-05 3.52111
376 2.93537e-05 1.81944e-05 3.36138 2.46869e-05 1.38677e-05 3.49418
377 2.95739e-05 1.79683e-05 3.28507 2.5406e-05 1.37631e-05 3.51697
378 2.92988e-05 1.89486e-05 3.41359 2.50569e-05 1.40774e-05 3.54479
379 2.89267e-05 1.99328e-05 3.54221 2.48285e-05 1.43796e-05 3.58747
380 2.91641e-05 1.89126e-05 3.34567 2.50019e-05 1.4132e-05 3.56467
381 2.88364e-05 1.92731e-05 3.5356 2.49725e-05 1.39643e-05 3.52687
382 2.8889e-05 1.86245e-05 3.4638 2.52245e-05 1.38749e-05 3.53126
383 2.95384e-05 1.95866e-05 3.53178 2.46391e-05 1.4152e-05 3.55348
384 2.80521e-05 1.92487e-05 3.43083 2.53708e-05 1.39163e-05 3.5385
385 2.83741e-05 1.92796e-05 3.44679 2.52954e-05 1.39103e-05 3.54396
386 2.8916e-05 1.95856e-05 3.48964 2.52763e-05 1.43347e-05 3.61787
387 2.89093e-05 1.93287e-05 3.43579 2.54285e-05 1.40301e-05 3.5743
388 2.91959e-05 1.82424e-05 3.38935 2.53128e-05 1.37601e-05 3.50352
389 2.91776e-05 1.80416e-05 3.22817 2.48714e-05 1.39862e-05 3.53955
390 2.85961e-05 1.87671e-05 3.41832 2.47428e-05 1.38194e-05 3.49354
391 2.8617e-05 1.92543e-05 3.43895 2.4948e-05 1.43009e-05 3.6112
392 2.85764e-05 1.97675e-05 3.52999 2.52575e-05 1.43329e-05 3.61288
393 2.88213e-05 1.93837e-05 3.49535 2.51474e-05 1.43265e-05 3.61417
394 2.84742e-05 1.87491e-05 3.31614 2.58273e-05 1.41527e-05 3.63468
395 2.8997e-05 1.97934e-05 3.5873 2.60346e-05 1.40473e-05 3.61837
396 2.91337e-05 1.79183e-05 3.18665 2.4593e-05 1.38852e-05 3.50479
397 2.89494e-05 1.94048e-05 3.40765 2.52641e-05 1.43088e-05 3.60553
398 2.9034e-05 1.97561e-05 3.54242 2.51343e-05 1.35602e-05 3.48536
399 2.88547e-05 1.74693e-05 3.18445 2.48854e-05 1.39466e-05 3.52344
400 2.73672e-05 1.87572e-05 3.28756 2.64036e-05 1.46516e-05 3.73133
401 2.87251e-05 1.83847e-05 3.30365 2.51632e-05 1.43164e-05 3.6152
402 2.89793e-05 1.82992e-05 3.3034 2.52809e-05 1.38963e-05 3.54313
403 2.83117e-05 1.92267e-05 3.37519 2.62031e-05 1.43487e-05 3.67654
404 2.85214e-05 1.93279e-05 3.41059 2.52924e-05 1.41886e-05 3.61587
405 2.94066e-05 1.80118e-05 3.29382 2.50003e-05 1.41161e-05 3.55787
406 2.88409e-05 1.9824e-05 3.55179 2.57779e-05 1.42924e-05 3.64951
407 2.93061e-05 1.84599e-05 3.30553 2.49306e-05 1.40402e-05 3.54378
408 2.79158e-05 1.86799e-05 3.31986 2.53396e-05 1.42005e-05 3.59728
409 2.87552e-05 1.9325e-05 3.39546 2.51956e-05 1.43869e-05 3.63472
410 2.84354e-05 1.89117e-05 3.31176 2.51059e-05 1.42929e-05 3.59184
411 2.88876e-05 1.94536e-05 3.48173 2.45525e-05 1.42191e-05 3.55899
412 2.92547e-05 1.84832e-05 3.31553 2.47491e-05 1.41855e-05 3.56573
413 2.79238e-05 1.92752e-05 3.3821 2.58471e-05 1.44301e-05 3.65908
414 2.86368e-05 1.82098e-05 3.24031 2.52411e-05 1.39108e-05 3.53421
415 2.83971e-05 1.9529e-05 3.52514 2.53026e-05 1.44235e-05 3.63384
416 2.80868e-05 1.89687e-05 3.3569 2.57855e-05 1.4032e-05 3.59783
417 2.88805e-05 1.77016e-05 3.2663 2.56611e-05 1.36668e-05 3.52379
418 2.85566e-05 1.84794e-05 3.27038 2.57187e-05 1.4383e-05 3.67307
419 2.89435e-05 1.96737e-05 3.42087 2.55156e-05 1.43243e-05 3.63455
420 2.78908e-05 1.84035e-05 3.26362 2.56194e-05 1.3965e-05 3.56929
421 2.86309e-05 1.83267e-05 3.35001 2.48608e-05 1.38024e-05 3.51551
422 2.82105e-05 1.83846e-05 3.1965 2.52259e-05 1.38885e-05 3.55134
423 2.94557e-05 1.82602e-05 3.35075 2.462e-05 1.37519e-05 3.48029
424 2.75085e-05 1.924e-05 3.27584 2.61216e-05 1.43469e-05 3.68116
425 2.77832e-05 1.80263e-05 3.07335 2.54022e-05 1.41198e-05 3.595
426 2.93614e-05 1.80517e-05 3.22831 2.46199e-05 1.38161e-05 3.47782
427 2.85678e-05 1.90194e-05 3.41542 2.51591e-05 1.4078e-05 3.56407
428 2.74188e-05 1.90575e-05 3.26621 2.55509e-05 1.42035e-05 3.61129
429 2.86611e-05 1.8946e-05 3.30978 2.48392e-05 1.38818e-05 3.5219
430 2.80287e-05 1.85841e-05 3.18107 2.51339e-05 1.4065e-05 3.56013
431 2.85854e-05 1.79315e-05 3.24478 2.52803e-05 1.38011e-05 3.52424
432 2.91118e-05 1.76301e-05 3.23082 2.51053e-05 1.41788e-05 3.58332
433 2.88461e-05 1.8054e-05 3.30271 2.48085e-05 1.39429e-05 3.51938
434 2.85228e-05 1.86478e-05 3.27079 2.51524e-05 1.42518e-05 3.6073
435 2.78941e-05 1.81139e-05 3.30099 2.54696e-05 1.36355e-05 3.50864
436 2.77702e-05 1.90496e-05 3.36518 2.57092e-05 1.41355e-05 3.60494
437 2.82656e-05 1.91342e-05 3.42433 2.50853e-05 1.41807e-05 3.5893
438 2.79322e-05 1.82127e-05 3.28248 2.53745e-05 1.38851e-05 3.54181
439 2.85026e-05 1.8286e-05 3.2372 2.52462e-05 1.41001e-05 3.58161
440 2.89451e-05 1.91553e-05 3.4535 2.5162e-05 1.40635e-05 3.56232
441 2.89568e-05 1.81352e-05 3.29428 2.5036e-05 1.40469e-05 3.56127
442 2.81517e-05 1.84009e-05 3.22807 2.5577e-05 1.43082e-05 3.63207
443 2.94237e-05 1.82759e-05 3.2939 2.42787e-05 1.41643e-05 3.54275
444 2.91047e-05 1.83465e-05 3.18515 2.47613e-05 1.3962e-05 3.5144
445 2.78458e-05 1.89488e-05 3.26044 2.51092e-05 1.44155e-05 3.62738
446 2.81027e-05 1.83596e-05 3.30857 2.56572e-05 1.40941e-05 3.61553
447 2.77712e-05 1.88651e-05 3.29533 2.52131e-05 1.39371e-05 3.5504
448 2.87098e-05 1.85929e-05 3.26672 2.48444e-05 1.38494e-05 3.51597
449 2.83476e-05 1.78399e-05 3.19309 2.48114e-05 1.37257e-05 3.49139
450 2.82737e-05 1.90171e-05 3.35956 2.49048e-05 1.41522e-05 3.57467
451 2.86177e-05 1.84901e-05 3.2623 2.47978e-05 1.37523e-05 3.50132
452 2.7595e-05 1.85665e-05 3.17647 2.5393e-05 1.39971e-05 3.57417
453 2.71578e-05 1.78904e-05 3.20973 2.56475e-05 1.3941e-05 3.57792
454 2.85056e-05 1.7594e-05 3.15834 2.47461e-05 1.37901e-05 3.49615
455 2.7586e-05 1.91408e-05 3.15827 2.59678e-05 1.4696e-05 3.73398
456 2.78394e-05 1.77891e-05 3.06835 2.51634e-05 1.41748e-05 3.60532
457 2.80983e-05 1.90852e-05 3.33753 2.54001e-05 1.42488e-05 3.61419
458 2.9298e-05 1.76724e-05 3.14692 2.50565e-05 1.41031e-05 3.57195
459 2.8523e-05 1.81736e-05 3.16284 2.50675e-05 1.42808e-05 3.60513
460 2.82628e-05 1.89957e-05 3.23412 2.4837e-05 1.41455e-05 3.5719
461 2.84034e-05 1.92295e-05 3.27172 2.51385e-05 1.42564e-05 3.60565
462 2.70203e-05 1.87369e-05 3.22975 2.47724e-05 1.40893e-05 3.55173
463 2.83201e-05 1.80082e-05 3.09844 2.52093e-05 1.4166e-05 3.58868
464 2.77225e-05 1.77192e-05 3.10202 2.60678e-05 1.43614e-05 3.67825
465 2.78398e-05 1.8038e-05 3.16066 2.55737e-05 1.43196e-05 3.63685
466 2.75977e-05 1.86761e-05 3.10654 2.53014e-05 1.44346e-05 3.64613
467 2.77657e-05 1.81757e-05 3.08579 2.51133e-05 1.39015e-05 3.53792
468 2.76287e-05 1.83405e-05 3.12342 2.499e-05 1.40736e-05 3.57615
469 2.79057e-05 1.86417e-05 3.21876 2.59156e-05 1.42087e-05 3.65061
470 2.68632e-05 1.76949e-05 2.96249 2.6083e-05 1.42138e-05 3.64477
471 2.76016e-05 1.79888e-05 3.08161 2.51724e-05 1.41977e-05 3.58897
472 2.8516e-05 1.81409e-05 3.17499 2.50277e-05 1.41987e-05 3.58253
473 2.76129e-05 1.8469e-05 3.30136 2.56028e-05 1.38952e-05 3.56118
474 2.80932e-05 1.89053e-05 3.21876 2.51371e-05 1.43269e-05 3.61637
475 2.82011e-05 1.7595e-05 3.09821 2.50343e-05 1.39173e-05 3.5433
476 2.71358e-05 1.77156e-05 3.02843 2.54234e-05 1.42659e-05 3.63307
477 2.83419e-05 1.76145e-05 3.08424 2.5049e-05 1.38395e-05 3.52371
478 2.89562e-05 1.85532e-05 3.24351 2.45414e-05 1.43086e-05 3.57137
479 2.81069e-05 1.76743e-05 3.08427 2.47655e-05 1.41846e-05 3.57283
480 2.75491e-05 1.76287e-05 2.99099 2.51984e-05 1.39073e-05 3.55391
481 2.77569e-05 1.86913e-05 3.25467 2.53767e-05 1.41421e-05 3.60018
482 2.78402e-05 1.75598e-05 3.09967 2.55223e-05 1.39634e-05 3.5696
483 2.82319e-05 1.77952e-05 3.1154 2.52479e-05 1.41958e-05 3.60869
484 2.81353e-05 1.84143e-05 3.15818 2.50815e-05 1.41559e-05 3.59007
485 2.82589e-05 1.87516e-05 3.24678 2.47633e-05 1.40397e-05 3.52734
486 2.73855e-05 1.72481e-05 2.98032 2.53619e-05 1.37682e-05 3.54603
487 2.77537e-05 1.86526e-05 3.16293 2.52118e-05 1.43753e-05 3.63361
488 2.88467e-05 1.81973e-05 3.1831 2.4869e-05 1.40397e-05 3.55712
489 2.77202e-05 1.88751e-05 3.22647 2.58963e-05 1.41556e-05 3.63323
490 2.83367e-05 1.80119e-05 3.07016 2.47089e-05 1.43237e-05 3.59268
491 2.78e-05 1.86416e-05 3.27161 2.49092e-05 1.40547e-05 3.55682
492 2.77084e-05 1.8168e-05 3.17595 2.54797e-05 1.38507e-05 3.56096
493 2.84135e-05 1.79236e-05 3.14751 2.45226e-05 1.39081e-05 3.52961
494 2.81895e-05 1.81181e-05 3.03554 2.48668e-05 1.41673e-05 3.57374
495 2.83764e-05 1.81512e-05 3.16891 2.50335e-05 1.4249e-05 3.59292
496 2.69742e-05 1.70703e-05 3.01231 2.56022e-05 1.37315e-05 3.53811
497 2.82091e-05 1.87987e-05 3.2547 2.50253e-05 1.42142e-05 3.5838
498 2.74728e-05 1.83653e-05 3.22189 2.50946e-05 1.40008e-05 3.56949
499 2.79647e-05 1.74854e-05 3.04428 2.45652e-05 1.3611e-05 3.46569
500 2.82446e-05 1.84277e-05 3.15977 2.48558e-05 1.40367e-05 3.55362
501 2.82233e-05 1.72327e-05 3.01446 2.5043e-05 1.38823e-05 3.54554
502 2.7676e-05 1.78155e-05 3.12918 2.55868e-05 1.40053e-05 3.5857
503 2.87116e-05 1.83386e-05 3.18191 2.51084e-05 1.43095e-05 3.61669
504 2.79134e-05 1.93512e-05 3.2683 2.56639e-05 1.40378e-05 3.58817
505 2.77088e-05 1.7306e-05 3.03859 2.51346e-05 1.37794e-05 3.5246
506 2.71628e-05 1.79184e-05 2.99962 2.55535e-05 1.43728e-05 3.65804
507 2.79667e-05 1.84591e-05 3.06688 2.47085e-05 1.41921e-05 3.57023
508 2.69069e-05 1.83162e-05 3.1372 2.55533e-05 1.42125e-05 3.62236
509 2.8289e-05 1.88024e-05 3.14344 2.4746e-05 1.40624e-05 3.53825
510 2.74972e-05 1.85932e-05 3.06437 2.56251e-05 1.44447e-05 3.67097
511 2.81714e-05 1.77273e-05 3.11657 2.50555e-05 1.41444e-05 3.57649
512 2.79965e-05 1.75372e-05 3.07146 2.50192e-05 1.39934e-05 3.55304
513 2.80098e-05 1.86671e-05 3.22099 2.53191e-05 1.40925e-05 3.59531
514 2.77943e-05 1.75779e-05 3.0496 2.48883e-05 1.35494e-05 3.46025
515 2.79643e-05 1.78964e-05 3.10521 2.50525e-05 1.41189e-05 3.58842
516 2.76005e-05 1.81049e-05 3.02104 2.48556e-05 1.40681e-05 3.55642
517 2.81378e-05 1.76177e-05 3.04615 2.44475e-05 1.36535e-05 3.45844
518 2.76007e-05 1.83859e-05 3.10155 2.52746e-05 1.4011e-05 3.58259
519 2.72556e-05 1.81499e-05 2.96674 2.4821e-05 1.44061e-05 3.61705
520 2.83273e-05 1.71307e-05 3.07239 2.42117e-05 1.34097e-05 3.41124
521 2.75574e-05 1.73845e-05 2.9898 2.45542e-05 1.37194e-05 3.49903
522 2.75314e-05 1.75493e-05 2.9618 2.4674e-05 1.38452e-05 3.51873
523 2.78837e-05 1.83126e-05 3.2093 2.43411e-05 1.38752e-05 3.49557
524 2.73604e-05 1.73302e-05 2.95852 2.5526e-05 1.42162e-05 3.62509
525 2.74514e-05 1.70862e-05 2.9439 2.56408e-05 1.39327e-05 3.59554
526 2.83895e-05 1.78602e-05 3.12659 2.49535e-05 1.41612e-05 3.58772
527 2.72179e-05 1.79194e-05 3.1058 2.54771e-05 1.40717e-05 3.5986
528 2.75616e-05 1.80866e-05 3.07386 2.49963e-05 1.43482e-05 3.61354
529 2.85388e-05 1.66899e-05 2.952 2.39354e-05 1.34696e-05 3.4017
530 2.76795e-05 1.84322e-05 3.00624 2.52873e-05 1.43142e-05 3.62572
531 2.73371e-05 1.8245e-05 2.98286 2.50032e-05 1.43312e-05 3.61442
532 2.7534e-05 1.75761e-05 2.92593 2.49511e-05 1.37997e-05 3.52167
533 2.76576e-05 1.76294e-05 2.99881 2.53223e-05 1.40711e-05 3.58363
534 2.77197e-05 1.76139e-05 3.06274 2.47159e-05 1.42501e-05 3.57435
535 2.81005e-05 1.77836e-05 3.11204 2.45421e-05 1.39463e-05 3.50852
536 2.72741e-05 1.72992e-05 3.01219 2.54628e-05 1.41005e-05 3.60391
537 2.70812e-05 1.77269e-05 3.03268 2.57932e-05 1.39579e-05 3.59931
538 2.78313e-05 1.64489e-05 2.91663 2.48836e-05 1.34999e-05 3.46456
539 2.81762e-05 1.78978e-05 3.05062 2.46573e-05 1.36963e-05 3.48255
540 2.77829e-05 1.69287e-05 2.97994 2.52884e-05 1.39939e-05 3.56227
541 2.72602e-05 1.75204e-05 2.99008 2.44474e-05 1.36739e-05 3.48433
542 2.88391e-05 1.79084e-05 3.14487 2.40356e-05 1.379e-05 3.45079
543 2.78696e-05 1.77731e-05 2.98516 2.44571e-05 1.38381e-05 3.50136
544 2.74721e-05 1.79702e-05 3.06794 2.52306e-05 1.39176e-05 3.55163
545 2.71826e-05 1.81642e-05 3.01117 2.53123e-05 1.40597e-05 3.60047
546 2.72881e-05 1.84117e-05 3.03907 2.5265e-05 1.41102e-05 3.59583
547 2.80425e-05 1.68132e-05 2.78438 2.43629e-05 1.39131e-05 3.50788
548 2.78948e-05 1.85579e-05 3.13164 2.47865e-05 1.41543e-05 3.57229
549 2.65291e-05 1.80849e-05 3.02007 2.52967e-05 1.41926e-05 3.61252
550 2.78627e-05 1.78178e-05 2.91774 2.48016e-05 1.4093e-05 3.5636
551 2.72073e-05 1.84304e-05 3.14134 2.49426e-05 1.38344e-05 3.52518
552 2.73438e-05 1.83393e-05 3.08803 2.52004e-05 1.40562e-05 3.58357
553 2.74643e-05 1.73325e-05 2.80003 2.48444e-05 1.42129e-05 3.57935
554 2.7467e-05 1.77645e-05 2.97115 2.46772e-05 1.40416e-05 3.54847
555 2.81909e-05 1.75477e-05 3.04965 2.4589e-05 1.36956e-05 3.48633
556 2.81417e-05 1.83274e-05 3.03395 2.54018e-05 1.42943e-05 3.62561
557 2.7196e-05 1.90704e-05 3.21688 2.52053e-05 1.4182e-05 3.59939
558 2.74456e-05 1.7415e-05 2.9504 2.48302e-05 1.37277e-05 3.50195
559 2.8242e-05 1.83776e-05 3.04374 2.47546e-05 1.41821e-05 3.57961
560 2.78844e-05 1.69215e-05 2.90547 2.48978e-05 1.38582e-05 3.53847
561 2.78327e-05 1.735e-05 2.95457 2.52536e-05 1.39278e-05 3.55589
562 2.6837e-05 1.77642e-05 2.8919 2.53675e-05 1.43414e-05 3.64425
563 2.7558e-05 1.79212e-05 2.98741 2.5395e-05 1.41152e-05 3.60691
564 2.79519e-05 1.72235e-05 2.91561 2.45589e-05 1.38355e-05 3.50258
565 2.7517e-05 1.77451e-05 2.99288 2.54229e-05 1.38506e-05 3.55894
566 2.74426e-05 1.70322e-05 2.88022 2.53679e-05 1.42369e-05 3.6211
567 2.75139e-05 1.75798e-05 2.91266 2.48772e-05 1.39171e-05 3.53203
568 2.68224e-05 1.74851e-05 2.97366 2.55797e-05 1.40978e-05 3.6214
569 2.78194e-05 1.54324e-05 2.70797 2.43125e-05 1.35132e-05 3.43279
570 2.78836e-05 1.79822e-05 2.99795 2.50917e-05 1.41082e-05 3.58507
571 2.73985e-05 1.78887e-05 2.97561 2.52065e-05 1.42791e-05 3.61622
572 2.80167e-05 1.74668e-05 2.92528 2.45002e-05 1.43291e-05 3.58432
573 2.8035e-05 1.81349e-05 3.06369 2.45767e-05 1.38834e-05 3.51745
574 2.71367e-05 1.6981e-05 2.82089 2.4945e-05 1.36922e-05 3.50164
575 2.79512e-05 1.71672e-05 3.004 2.47035e-05 1.40619e-05 3.55719
576 2.70365e-05 1.77039e-05 2.95136 2.53903e-05 1.40553e-05 3.59594
577 2.8067e-05 1.75118e-05 3.02609 2.48798e-05 1.40103e-05 3.55589
578 2.7153e-05 1.77388e-05 2.93935 2.54486e-05 1.41657e-05 3.61147
579 2.69262e-05 1.8562e-05 3.03786 2.53504e-05 1.43206e-05 3.63178
580 2.74665e-05 1.67278e-05 2.82946 2.50228e-05 1.41749e-05 3.60267
581 2.77012e-05 1.71357e-05 2.86359 2.51685e-05 1.40103e-05 3.57757
582 2.71775e-05 1.77768e-05 2.93974 2.53034e-05 1.40623e-05 3.59385
583 2.71905e-05 1.69952e-05 2.86393 2.55855e-05 1.40768e-05 3.61513
584 2.78239e-05 1.77185e-05 2.96272 2.45348e-05 1.38737e-05 3.51531
585 2.78322e-05 1.67628e-05 2.93329 2.46829e-05 1.37083e-05 3.49429
586 2.69218e-05 1.79394e-05 2.96367 2.52066e-05 1.4057e-05 3.5941
587 2.76527e-05 1.8021e-05 3.01215 2.45476e-05 1.39881e-05 3.53524
588 2.77996e-05 1.77271e-05 2.90158 2.51168e-05 1.42263e-05 3.61547
589 2.7877e-05 1.75422e-05 2.87584 2.4195e-05 1.41358e-05 3.53406
590 2.71939e-05 1.73217e-05 2.87309 2.44733e-05 1.38978e-05 3.50689
591 2.72074e-05 1.71328e-05 2.86543 2.5126e-05 1.39079e-05 3.55371
592 2.74857e-05 1.77897e-05 2.93117 2.49559e-05 1.42521e-05 3.61315
593 2.65179e-05 1.83962e-05 3.03245 2.51631e-05 1.40731e-05 3.5758
594 2.74072e-05 1.77123e-05 2.9776 2.52163e-05 1.4148e-05 3.60005
595 2.78587e-05 1.71479e-05 2.86189 2.44165e-05 1.39052e-05 3.49426
596 2.6213e-05 1.74165e-05 2.95298 2.57228e-05 1.41677e-05 3.63426
597 2.73508e-05 1.76691e-05 2.85306 2.50052e-05 1.39842e-05 3.55203
598 2.69996e-05 1.75565e-05 2.88736 2.4848e-05 1.40069e-05 3.55739
599 2.71044e-05 1.83407e-05 3.01074 2.50607e-05 1.42937e-05 3.61188
600 2.68788e-05 1.7027e-05 2.81283 2.50692e-05 1.38124e-05 3.52736
601 2.72464e-05 1.73157e-05 2.91415 2.46572e-05 1.41532e-05 3.57356
602 2.77109e-05 1.77025e-05 2.9615 2.49836e-05 1.38895e-05 3.53802
603 2.72957e-05 1.79641e-05 2.90117 2.49033e-05 1.41769e-05 3.58055
604 2.71407e-05 1.70989e-05 2.90104 2.51409e-05 1.38763e-05 3.55199
605 2.75901e-05 1.66504e-05 2.73037 2.48309e-05 1.39821e-05 3.5367
606 2.67402e-05 1.73963e-05 2.89832 2.52415e-05 1.39442e-05 3.56385
607 2.71675e-05 1.6734e-05 2.78418 2.51515e-05 1.37369e-05 3.51954
608 2.70172e-05 1.72209e-05 2.81519 2.52778e-05 1.4009e-05 3.57855
609 2.76966e-05 1.70899e-05 2.82731 2.54549e-05 1.4291e-05 3.62499
610 2.73104e-05 1.74025e-05 2.90998 2.50305e-05 1.3804e-05 3.53177
611 2.74766e-05 1.74881e-05 2.93546 2.42163e-05 1.37781e-05 3.47936
612 2.8114e-05 1.64482e-05 2.77564 2.45624e-05 1.38635e-05 3.5092
613 2.67264e-05 1.76681e-05 2.91641 2.56269e-05 1.40123e-05 3.59876
614 2.75415e-05 1.68254e-05 2.80116 2.44656e-05 1.38882e-05 3.4987
615 2.70186e-05 1.78174e-05 2.9307 2.48904e-05 1.39889e-05 3.55386
616 2.64812e-05 1.74738e-05 2.89009 2.5219e-05 1.39959e-05 3.57751
617 2.70567e-05 1.68591e-05 2.83135 2.5067e-05 1.38105e-05 3.53526
618 2.73811e-05 1.75641e-05 2.92035 2.5041e-05 1.40066e-05 3.56727
619 2.66117e-05 1.79795e-05 2.94501 2.53041e-05 1.42719e-05 3.62467
620 2.75756e-05 1.75769e-05 2.86455 2.48443e-05 1.42466e-05 3.59029
621 2.75155e-05 1.75083e-05 2.98459 2.46957e-05 1.36679e-05 3.48722
622 2.72981e-05 1.81584e-05 3.01886 2.44854e-05 1.41116e-05 3.55611
623 2.69265e-05 1.74741e-05 2.80105 2.48725e-05 1.42092e-05 3.59437
624 2.74662e-05 1.56138e-05 2.65729 2.47387e-05 1.36793e-05 3.48185
625 2.68549e-05 1.74978e-05 2.83658 2.51648e-05 1.43864e-05 3.636
626 2.71524e-05 1.66346e-05 2.81405 2.48858e-05 1.40584e-05 3.57577
627 2.67718e-05 1.74804e-05 2.98734 2.56668e-05 1.41714e-05 3.63825
628 2.7865e-05 1.81155e-05 3.00947 2.46492e-05 1.42635e-05 3.58512
629 2.8385e-05 1.75358e-05 2.87615 2.44192e-05 1.40625e-05 3.54129
630 2.68861e-05 1.69779e-05 2.79858 2.50344e-05 1.4038e-05 3.56688
631 2.7487e-05 1.72869e-05 2.91696 2.51348e-05 1.3793e-05 3.53099
632 2.7325e-05 1.73455e-05 2.84475 2.43636e-05 1.39187e-05 3.51374
633 2.74007e-05 1.68112e-05 2.83467 2.55107e-05 1.4224e-05 3.62597
634 2.73336e-05 1.77628e-05 2.90875 2.47e-05 1.39837e-05 3.53127
635 2.67652e-05 1.76061e-05 2.84235 2.48671e-05 1.39976e-05 3.54857
636 2.70292e-05 1.75589e-05 2.92602 2.50814e-05 1.41932e-05 3.59904
637 2.74243e-05 1.70293e-05 2.8167 2.47059e-05 1.3802e-05 3.51524
638 2.73095e-05 1.77062e-05 2.83499 2.51931e-05 1.43448e-05 3.6298
639 2.76393e-05 1.69264e-05 2.76185 2.41273e-05 1.38167e-05 3.47624
640 2.69164e-05 1.74407e-05 2.87743 2.49309e-05 1.3815e-05 3.53361
641 2.63998e-05 1.72392e-05 2.75035 2.53841e-05 1.4029e-05 3.5869
642 2.71144e-05 1.72737e-05 2.84407 2.49038e-05 1.38802e-05 3.54303
643 2.75778e-05 1.68787e-05 2.77701 2.44524e-05 1.41014e-05 3.54598
644 2.67943e-05 1.80334e-05 3.01117 2.5377e-05 1.39903e-05 3.59253
645 2.5736e-05 1.76163e-05 2.85571 2.60214e-05 1.42858e-05 3.67205
646 2.69907e-05 1.79066e-05 2.7631 2.56829e-05 1.44003e-05 3.67074
647 2.70038e-05 1.7903e-05 3.00652 2.53134e-05 1.40205e-05 3.58983
648 2.63445e-05 1.76618e-05 2.81216 2.54269e-05 1.42741e-05 3.63581
649 2.71182e-05 1.70984e-05 2.74553 2.49295e-05 1.38757e-05 3.54397
650 2.70702e-05 1.68996e-05 2.7456 2.47805e-05 1.40322e-05 3.55369
651 2.6867e-05 1.73538e-05 2.85438 2.48188e-05 1.40793e-05 3.56094
652 2.7927e-05 1.68551e-05 2.8385 2.49468e-05 1.38144e-05 3.52942
653 2.65071e-05 1.61003e-05 2.6958 2.5295e-05 1.37305e-05 3.52392
654 2.70796e-05 1.727e-05 2.91433 2.4966e-05 1.40963e-05 3.5827
655 2.69669e-05 1.73521e-05 2.80316 2.52809e-05 1.38881e-05 3.5509
656 2.70363e-05 1.73877e-05 2.83644 2.51214e-05 1.40982e-05 3.59705
657 2.6078e-05 1.77031e-05 2.85979 2.58095e-05 1.44365e-05 3.68779
658 2.70626e-05 1.78893e-05 2.80596 2.50575e-05 1.40634e-05 3.58329
659 2.72768e-05 1.72046e-05 2.83646 2.53285e-05 1.41958e-05 3.60727
660 2.76186e-05 1.75513e-05 2.82707 2.47379e-05 1.43378e-05 3.61009
661 2.76609e-05 1.7292e-05 2.84925 2.47463e-05 1.39725e-05 3.53922
662 2.71015e-05 1.68219e-05 2.79437 2.53353e-05 1.40979e-05 3.59428
663 2.66726e-05 1.70011e-05 2.80537 2.49384e-05 1.37492e-05 3.52314
664 2.792e-05 1.74688e-05 2.80325 2.46126e-05 1.41914e-05 3.56491
665 2.77672e-05 1.65145e-05 2.69709 2.43249e-05 1.38483e-05 3.49685
666 2.65459e-05 1.74646e-05 2.77396 2.49854e-05 1.40792e-05 3.57351
667 2.66051e-05 1.65445e-05 2.72533 2.54146e-05 1.38258e-05 3.55902
668 2.76056e-05 1.73792e-05 2.87749 2.4678e-05 1.39756e-05 3.54265
669 2.70583e-05 1.75143e-05 2.80028 2.51899e-05 1.42883e-05 3.61706
670 2.67478e-05 1.76149e-05 2.85851 2.57009e-05 1.41767e-05 3.63366
671 2.73809e-05 1.66895e-05 2.72907 2.46046e-05 1.37805e-05 3.49759
672 2.64881e-05 1.70086e-05 2.66578 2.56702e-05 1.41296e-05 3.62834
673 2.73646e-05 1.7198e-05 2.74564 2.42474e-05 1.39882e-05 3.51978
674 2.67553e-05 1.71228e-05 2.74144 2.5047e-05 1.413e-05 3.58825
675 2.65931e-05 1.63332e-05 2.66783 2.46366e-05 1.37078e-05 3.49067
676 2.74504e-05 1.6627e-05 2.80268 2.45978e-05 1.38924e-05 3.52974
677 2.70306e-05 1.70359e-05 2.69357 2.46734e-05 1.41911e-05 3.58034
678 2.67387e-05 1.66191e-05 2.67872 2.51256e-05 1.40357e-05 3.57744
679 2.68928e-05 1.68743e-05 2.72714 2.50779e-05 1.39276e-05 3.56834
680 2.7408e-05 1.70195e-05 2.83805 2.4596e-05 1.37593e-05 3.49162
681 2.74528e-05 1.67635e-05 2.74923 2.49754e-05 1.40107e-05 3.56321
682 2.71876e-05 1.6856e-05 2.75465 2.4648e-05 1.38645e-05 3.51864
683 2.73436e-05 1.74117e-05 2.83916 2.45402e-05 1.38839e-05 3.5094
684 2.75779e-05 1.62806e-05 2.6907 2.48056e-05 1.38506e-05 3.52463
685 2.67009e-05 1.67462e-05 2.61288 2.48312e-05 1.3831e-05 3.53065
686 2.69422e-05 1.79896e-05 2.87903 2.50384e-05 1.42041e-05 3.60255
687 2.55042e-05 1.69212e-05 2.77905 2.54696e-05 1.40779e-05 3.6142
688 2.69922e-05 1.59277e-05 2.70343 2.50918e-05 1.3586e-05 3.49091
689 2.77238e-05 1.64743e-05 2.76375 2.40744e-05 1.37606e-05 3.46521
690 2.72788e-05 1.67265e-05 2.715 2.47465e-05 1.37885e-05 3.4972
691 2.71549e-05 1.7208e-05 2.70028 2.49906e-05 1.42665e-05 3.60728
692 2.60905e-05 1.64526e-05 2.67172 2.53294e-05 1.41149e-05 3.59953
693 2.6705e-05 1.70066e-05 2.66973 2.50309e-05 1.42883e-05 3.61379
694 2.75071e-05 1.64817e-05 2.63038 2.5084e-05 1.39718e-05 3.54914
695 2.76729e-05 1.73012e-05 2.81486 2.47678e-05 1.41039e-05 3.56388
696 2.7022e-05 1.72623e-05 2.8017 2.51561e-05 1.39564e-05 3.56267
697 2.68596e-05 1.72851e-05 2.78146 2.52207e-05 1.42201e-05 3.62243
698 2.69502e-05 1.68411e-05 2.72112 2.51632e-05 1.41245e-05 3.59017
699 2.7138e-05 1.6916e-05 2.62011 2.48051e-05 1.40497e-05 3.56214
700 2.68719e-05 1.71095e-05 2.72266 2.48688e-05 1.3891e-05 3.53928
701 2.61911e-05 1.72288e-05 2.73343 2.51663e-05 1.42472e-05 3.61718
702 2.69408e-05 1.68522e-05 2.81948 2.50208e-05 1.38932e-05 3.54198
703 2.66881e-05 1.7153e-05 2.85088 2.51568e-05 1.40218e-05 3.58054
704 2.70793e-05 1.61563e-05 2.62318 2.47808e-05 1.37726e-05 3.51432
705 2.69206e-05 1.63153e-05 2.55271 2.50922e-05 1.36208e-05 3.50214
706 2.75243e-05 1.69531e-05 2.79271 2.47525e-05 1.39485e-05 3.52994
707 2.67476e-05 1.64615e-05 2.65093 2.50119e-05 1.37299e-05 3.52256
708 2.68452e-05 1.66952e-05 2.81121 2.49104e-05 1.38055e-05 3.52067
709 2.73135e-05 1.71237e-05 2.76853 2.46633e-05 1.3975e-05 3.54063
710 2.56596e-05 1.73434e-05 2.71946 2.5771e-05 1.40796e-05 3.62559
711 2.69195e-05 1.72388e-05 2.73842 2.50714e-05 1.4017e-05 3.56196
712 2.64832e-05 1.74948e-05 2.73234 2.53106e-05 1.39789e-05 3.57801
713 2.75414e-05 1.71785e-05 2.75769 2.45943e-05 1.41451e-05 3.55754
714 2.67244e-05 1.72252e-05 2.74973 2.53905e-05 1.42503e-05 3.63679
715 2.64836e-05 1.70084e-05 2.68833 2.55917e-05 1.43948e-05 3.65866
716 2.6834e-05 1.71255e-05 2.71713 2.48877e-05 1.40629e-05 3.56772
717 2.69024e-05 1.68797e-05 2.68387 2.55154e-05 1.412e-05 3.61133
718 2.71339e-05 1.74405e-05 2.73719 2.48916e-05 1.40644e-05 3.57066
719 2.62649e-05 1.65458e-05 2.63955 2.52191e-05 1.39496e-05 3.56209
720 2.68722e-05 1.73623e-05 2.71131 2.48059e-05 1.4171e-05 3.57953
721 2.66735e-05 1.60951e-05 2.60861 2.50391e-05 1.39093e-05 3.54934
722 2.65784e-05 1.70217e-05 2.69519 2.49652e-05 1.39256e-05 3.54798
723 2.71339e-05 1.68255e-05 2.60891 2.48678e-05 1.41906e-05 3.57759
724 2.73826e-05 1.74611e-05 2.77935 2.4982e-05 1.41393e-05 3.58116
725 2.74863e-05 1.70909e-05 2.67608 2.46522e-05 1.42002e-05 3.57945
726 2.70339e-05 1.6571e-05 2.63853 2.47154e-05 1.40044e-05 3.53902
727 2.62092e-05 1.6795e-05 2.6544 2.4993e-05 1.40431e-05 3.56927
728 2.64266e-05 1.68072e-05 2.69042 2.51559e-05 1.39657e-05 3.57033
729 2.67721e-05 1.69474e-05 2.65748 2.50692e-05 1.40312e-05 3.56391
730 2.65747e-05 1.75625e-05 2.79474 2.50103e-05 1.40738e-05 3.57855
731 2.68575e-05 1.78417e-05 2.86835 2.49395e-05 1.39892e-05 3.55805
732 2.70596e-05 1.69275e-05 2.70632 2.46943e-05 1.39654e-05 3.52895
733 2.66937e-05 1.65062e-05 2.65261 2.48692e-05 1.38876e-05 3.53978
734 2.69341e-05 1.7107e-05 2.66853 2.49697e-05 1.40492e-05 3.56603
735 2.6401e-05 1.62747e-05 2.62504 2.49472e-05 1.37983e-05 3.5269
736 2.67977e-05 1.74194e-05 2.73858 2.50279e-05 1.42409e-05 3.60647
737 2.75989e-05 1.60575e-05 2.58653 2.45474e-05 1.36433e-05 3.48533
738 2.70071e-05 1.65638e-05 2.57341 2.44781e-05 1.39685e-05 3.51834
739 2.79658e-05 1.63153e-05 2.57628 2.45828e-05 1.36984e-05 3.49062
740 2.72479e-05 1.73335e-05 2.85272 2.45233e-05 1.39099e-05 3.51919
741 2.62393e-05 1.68336e-05 2.66247 2.556e-05 1.40389e-05 3.60514
742 2.74496e-05 1.66035e-05 2.71008 2.46395e-05 1.36466e-05 3.48838
743 2.66493e-05 1.66753e-05 2.73487 2.51241e-05 1.39532e-05 3.56255
744 2.67277e-05 1.73404e-05 2.76858 2.48584e-05 1.40791e-05 3.56306
745 2.66207e-05 1.6918e-05 2.73195 2.51741e-05 1.38196e-05 3.53885
746 2.59428e-05 1.7876e-05 2.7382 2.56241e-05 1.42945e-05 3.64284
747 2.64293e-05 1.57172e-05 2.48835 2.49749e-05 1.3719e-05 3.52213
748 2.67062e-05 1.82254e-05 2.74115 2.451e-05 1.427e-05 3.59507
749 2.6306e-05 1.73885e-05 2.6927 2.51411e-05 1.42065e-05 3.60527
750 2.71141e-05 1.65073e-05 2.65552 2.46578e-05 1.37781e-05 3.49881
751 2.64721e-05 1.59372e-05 2.57063 2.47511e-05 1.37077e-05 3.50337
752 2.71078e-05 1.63704e-05 2.68173 2.46144e-05 1.36557e-05 3.48275
753 2.70389e-05 1.69406e-05 2.72062 2.50039e-05 1.4019e-05 3.57038
754 2.67259e-05 1.70052e-05 2.67532 2.49192e-05 1.38569e-05 3.52292
755 2.80849e-05 1.64317e-05 2.69022 2.42871e-05 1.4028e-05 3.53119
756 2.6496e-05 1.65278e-05 2.62637 2.50231e-05 1.39845e-05 3.56243
757 2.69518e-05 1.71077e-05 2.70788 2.46432e-05 1.40451e-05 3.55466
758 2.69811e-05 1.64101e-05 2.59687 2.45726e-05 1.37105e-05 3.48811
759 2.71476e-05 1.58407e-05 2.54356 2.4496e-05 1.37065e-05 3.48529
760 2.69782e-05 1.66435e-05 2.63237 2.43224e-05 1.38528e-05 3.50604
761 2.6801e-05 1.65123e-05 2.56691 2.4698e-05 1.40376e-05 3.55484
762 2.69206e-05 1.65942e-05 2.63665 2.494e-05 1.40109e-05 3.55817
763 2.6885e-05 1.59652e-05 2.50361 2.43908e-05 1.37245e-05 3.4738
764 2.70668e-05 1.60202e-05 2.58054 2.49607e-05 1.38585e-05 3.54297
765 2.70478e-05 1.69475e-05 2.69416 2.40696e-05 1.38042e-05 3.48119
766 2.68588e-05 1.65531e-05 2.55809 2.4735e-05 1.4154e-05 3.57168
767 2.67206e-05 1.66106e-05 2.64829 2.50139e-05 1.41609e-05 3.58984
768 2.61794e-05 1.62712e-05 2.60745 2.53286e-05 1.38214e-05 3.56044
769 2.67527e-05 1.77197e-05 2.77842 2.49476e-05 1.42845e-05 3.61654
770 2.6896e-05 1.67697e-05 2.63525 2.51105e-05 1.39285e-05 3.55954
771 2.63525e-05 1.74165e-05 2.66796 2.51671e-05 1.44085e-05 3.64546
772 2.71531e-05 1.72546e-05 2.63982 2.47141e-05 1.40277e-05 3.55596
773 2.65298e-05 1.64311e-05 2.71763 2.54312e-05 1.38992e-05 3.5677
774 2.71258e-05 1.71832e-05 2.68857 2.43055e-05 1.41429e-05 3.55333
775 2.73171e-05 1.63258e-05 2.6932 2.48918e-05 1.38125e-05 3.52593
776 2.67652e-05 1.77442e-05 2.78427 2.49297e-05 1.39503e-05 3.55407
777 2.68192e-05 1.70501e-05 2.66797 2.51077e-05 1.40396e-05 3.57983
778 2.61669e-05 1.70442e-05 2.70285 2.48881e-05 1.37513e-05 3.52005
779 2.71704e-05 1.63457e-05 2.50563 2.46316e-05 1.40019e-05 3.54044
780 2.60025e-05 1.67458e-05 2.60017 2.53316e-05 1.40623e-05 3.59566
781 2.68701e-05 1.64513e-05 2.57964 2.48956e-05 1.38196e-05 3.51761
782 2.65929e-05 1.62616e-05 2.66039 2.53612e-05 1.37392e-05 3.53651
783 2.71768e-05 1.65235e-05 2.5603 2.40679e-05 1.37003e-05 3.45615
784 2.71525e-05 1.59469e-05 2.53822 2.48327e-05 1.39355e-05 3.54408
785 2.60551e-05 1.68929e-05 2.6818 2.49908e-05 1.38367e-05 3.53305
786 2.65554e-05 1.7645e-05 2.74839 2.48752e-05 1.40663e-05 3.56676
787 2.72778e-05 1.68227e-05 2.70403 2.48106e-05 1.40325e-05 3.55594
788 2.68647e-05 1.6869e-05 2.62163 2.52373e-05 1.41419e-05 3.59666
789 2.62762e-05 1.70692e-05 2.62961 2.51903e-05 1.41885e-05 3.60205
790 2.71902e-05 1.64945e-05 2.68424 2.49035e-05 1.36944e-05 3.50243
791 2.71224e-05 1.56937e-05 2.55225 2.43898e-05 1.36689e-05 3.47323
792 2.62567e-05 1.69037e-05 2.58835 2.54491e-05 1.4161e-05 3.60989
793 2.65646e-05 1.68999e-05 2.63692 2.54209e-05 1.40131e-05 3.59586
794 2.6069e-05 1.68315e-05 2.59022 2.53158e-05 1.40486e-05 3.59747
795 2.71429e-05 1.68166e-05 2.66408 2.48079e-05 1.41652e-05 3.57832
796 2.67412e-05 1.72505e-05 2.72307 2.50829e-05 1.40649e-05 3.57985
797 2.67678e-05 1.70066e-05 2.61562 2.54273e-05 1.4157e-05 3.61336
798 2.64461e-05 1.68487e-05 2.68322 2.5057e-05 1.39465e-05 3.55412
799 2.75521e-05 1.68755e-05 2.69021 2.39795e-05 1.40349e-05 3.51042
800 2.69403e-05 1.63288e-05 2.56428 2.52761e-05 1.39143e-05 3.56778
801 2.70734e-05 1.65072e-05 2.55464 2.46218e-05 1.38935e-05 3.52435
802 2.6334e-05 1.69993e-05 2.57998 2.52784e-05 1.42151e-05 3.61227
803 2.64756e-05 1.69828e-05 2.62095 2.51907e-05 1.41752e-05 3.60775
804 2.67272e-05 1.57685e-05 2.52523 2.47044e-05 1.37995e-05 3.5089
805 2.75094e-05 1.66137e-05 2.67215 2.44503e-05 1.3861e-05 3.50501
806 2.74275e-05 1.79538e-05 2.81586 2.49114e-05 1.42419e-05 3.59516
807 2.60859e-05 1.76239e-05 2.67918 2.52173e-05 1.43359e-05 3.63448
808 2.69183e-05 1.6607e-05 2.59941 2.49836e-05 1.42271e-05 3.60201
809 2.67089e-05 1.7243e-05 2.70977 2.47312e-05 1.40223e-05 3.55423
810 2.64949e-05 1.67174e-05 2.63382 2.50411e-05 1.38969e-05 3.54754
811 2.64804e-05 1.63403e-05 2.60968 2.51774e-05 1.4052e-05 3.57711
812 2.64592e-05 1.71619e-05 2.6701 2.47504e-05 1.39581e-05 3.55267
813 2.68964e-05 1.7034e-05 2.62521 2.50806e-05 1.40673e-05 3.57907
814 2.63695e-05 1.65591e-05 2.60153 2.53136e-05 1.42374e-05 3.61951
815 2.68952e-05 1.66179e-05 2.52715 2.45833e-05 1.41563e-05 3.57062
816 2.62548e-05 1.64844e-05 2.5746 2.50583e-05 1.39529e-05 3.56489
817 2.77483e-05 1.61638e-05 2.62323 2.44188e-05 1.37591e-05 3.48887
818 2.70108e-05 1.68631e-05 2.63338 2.51682e-05 1.39614e-05 3.56582
819 2.66491e-05 1.67056e-05 2.47429 2.48645e-05 1.38655e-05 3.53728
820 2.62704e-05 1.66812e-05 2.55932 2.53303e-05 1.40387e-05 3.5894
821 2.68185e-05 1.6905e-05 2.69148 2.48799e-05 1.36891e-05 3.50688
822 2.68892e-05 1.57037e-05 2.47476 2.50547e-05 1.36692e-05 3.50794
823 2.65991e-05 1.66271e-05 2.56616 2.48734e-05 1.37825e-05 3.51854
824 2.66502e-05 1.55145e-05 2.47028 2.49273e-05 1.37928e-05 3.52023
825 2.57513e-05 1.70896e-05 2.61235 2.51974e-05 1.38906e-05 3.55775
826 2.61169e-05 1.68297e-05 2.57481 2.53356e-05 1.43687e-05 3.64853
827 2.70818e-05 1.62012e-05 2.52363 2.47207e-05 1.40586e-05 3.56021
828 2.56e-05 1.73826e-05 2.68797 2.51921e-05 1.39367e-05 3.56375
829 2.65492e-05 1.62246e-05 2.44587 2.47341e-05 1.3953e-05 3.5353
830 2.68469e-05 1.68849e-05 2.61188 2.4957e-05 1.42077e-05 3.60037
831 2.6438e-05 1.66545e-05 2.60208 2.50752e-05 1.41062e-05 3.58684
832 2.60848e-05 1.59018e-05 2.39442 2.52605e-05 1.40843e-05 3.58639
833 2.65137e-05 1.72087e-05 2.62915 2.49872e-05 1.41635e-05 3.59735
834 2.70298e-05 1.5752e-05 2.46143 2.46912e-05 1.37818e-05 3.51533
835 2.63911e-05 1.59045e-05 2.53346 2.48383e-05 1.39483e-05 3.54664
836 2.64297e-05 1.76683e-05 2.71299 2.47984e-05 1.42028e-05 3.59221
837 2.64882e-05 1.64745e-05 2.61737 2.51051e-05 1.39938e-05 3.56597
838 2.63376e-05 1.62849e-05 2.51321 2.52973e-05 1.38996e-05 3.56315
839 2.67075e-05 1.61378e-05 2.48393 2.4758e-05 1.41078e-05 3.56997
840 2.63148e-05 1.69792e-05 2.6471 2.49652e-05 1.39852e-05 3.55801
841 2.63548e-05 1.66354e-05 2.54406 2.49248e-05 1.39187e-05 3.54781
842 2.64033e-05 1.68156e-05 2.5951 2.53879e-05 1.40745e-05 3.59764
843 2.63477e-05 1.61111e-05 2.51138 2.51522e-05 1.36841e-05 3.52049
844 2.67118e-05 1.62602e-05 2.53739 2.47775e-05 1.38953e-05 3.53378
845 2.66084e-05 1.60914e-05 2.49711 2.46663e-05 1.36853e-05 3.48817
846 2.63353e-05 1.6645e-05 2.60871 2.53149e-05 1.38263e-05 3.54686
847 2.69332e-05 1.59672e-05 2.52639 2.49439e-05 1.40561e-05 3.57443
848 2.65643e-05 1.6227e-05 2.4888 2.48232e-05 1.39853e-05 3.5476
849 2.65023e-05 1.68892e-05 2.56009 2.53508e-05 1.42748e-05 3.63919
850 2.63846e-05 1.64791e-05 2.62889 2.51425e-05 1.39567e-05 3.56594
851 2.61673e-05 1.71687e-05 2.65314 2.54962e-05 1.42681e-05 3.63761
852 2.62828e-05 1.68504e-05 2.57349 2.52485e-05 1.42339e-05 3.62251
853 2.55543e-05 1.75731e-05 2.57243 2.55918e-05 1.42816e-05 3.65174
854 2.6117e-05 1.72467e-05 2.61776 2.52108e-05 1.40368e-05 3.5838
855 2.69627e-05 1.63627e-05 2.48435 2.48698e-05 1.37854e-05 3.51289
856 2.65991e-05 1.66336e-05 2.52788 2.49991e-05 1.40208e-05 3.57362
857 2.70646e-05 1.71496e-05 2.65448 2.44567e-05 1.40397e-05 3.53528
858 2.68722e-05 1.64624e-05 2.60215 2.4673e-05 1.37771e-05 3.51063
859 2.71854e-05 1.65274e-05 2.5612 2.44881e-05 1.38565e-05 3.52023
860 2.57642e-05 1.66811e-05 2.46416 2.54382e-05 1.39801e-05 3.57999
861 2.616e-05 1.62555e-05 2.42921 2.53119e-05 1.40557e-05 3.58533
862 2.6436e-05 1.64029e-05 2.5139 2.5068e-05 1.40809e-05 3.58679
863 2.72523e-05 1.66349e-05 2.49218 2.40928e-05 1.39637e-05 3.51151
864 2.68785e-05 1.66351e-05 2.63207 2.46785e-05 1.3892e-05 3.53461
865 2.69344e-05 1.66967e-05 2.56044 2.50977e-05 1.41925e-05 3.59953
866 2.62412e-05 1.59639e-05 2.44235 2.5085e-05 1.38099e-05 3.52972
867 2.65763e-05 1.64456e-05 2.51364 2.48712e-05 1.37704e-05 3.51657
868 2.68451e-05 1.61e-05 2.49283 2.46772e-05 1.36896e-05 3.4853
869 2.70169e-05 1.59482e-05 2.51681 2.45687e-05 1.36114e-05 3.46952
870 2.66835e-05 1.70149e-05 2.61558 2.49767e-05 1.42023e-05 3.59661
871 2.69649e-05 1.63171e-05 2.43649 2.4676e-05 1.41647e-05 3.57776
872 2.6683e-05 1.68959e-05 2.56002 2.49389e-05 1.42456e-05 3.60258
873 2.71349e-05 1.58241e-05 2.39515 2.46133e-05 1.41893e-05 3.58069
874 2.64913e-05 1.68589e-05 2.58992 2.52056e-05 1.40622e-05 3.58206
875 2.61344e-05 1.69822e-05 2.57367 2.49398e-05 1.40708e-05 3.57026
876 2.65417e-05 1.6324e-05 2.52074 2.4947e-05 1.37813e-05 3.52787
877 2.64003e-05 1.73019e-05 2.57452 2.46145e-05 1.37715e-05 3.50045
878 2.74442e-05 1.63891e-05 2.45182 2.45187e-05 1.41743e-05 3.57012
879 2.66085e-05 1.67161e-05 2.59131 2.49618e-05 1.3935e-05 3.55301
880 2.71728e-05 1.65461e-05 2.54187 2.4138e-05 1.38812e-05 3.49787
881 2.72062e-05 1.5921e-05 2.49641 2.43047e-05 1.3715e-05 3.47732
882 2.65537e-05 1.64127e-05 2.4439 2.51333e-05 1.40473e-05 3.58546
883 2.69056e-05 1.59411e-05 2.50348 2.46608e-05 1.37085e-05 3.49187
884 2.58991e-05 1.72331e-05 2.6275 2.52753e-05 1.42027e-05 3.61952
885 2.6692e-05 1.65138e-05 2.52846 2.50249e-05 1.38776e-05 3.54547
886 2.62595e-05 1.61052e-05 2.51455 2.50824e-05 1.39839e-05 3.57213
887 2.66556e-05 1.61289e-05 2.4436 2.44407e-05 1.37958e-05 3.50074
888 2.6073e-05 1.7095e-05 2.5275 2.51586e-05 1.41905e-05 3.61203
889 2.6511e-05 1.56757e-05 2.44193 2.48724e-05 1.3808e-05 3.52722
890 2.66245e-05 1.58188e-05 2.45945 2.45578e-05 1.36468e-05 3.47793
891 2.65896e-05 1.64664e-05 2.50578 2.48715e-05 1.3828e-05 3.52953
892 2.63934e-05 1.5742e-05 2.36392 2.46961e-05 1.38166e-05 3.52368
893 2.67829e-05 1.58936e-05 2.4324 2.4745e-05 1.40014e-05 3.55301
894 2.70506e-05 1.57239e-05 2.35239 2.44499e-05 1.38899e-05 3.51767
895 2.65469e-05 1.6454e-05 2.5314 2.451e-05 1.37983e-05 3.50375
896 2.60353e-05 1.67692e-05 2.54641 2.53124e-05 1.40678e-05 3.58866
897 2.72745e-05 1.61086e-05 2.56224 2.44236e-05 1.35875e-05 3.46191
898 2.63476e-05 1.73139e-05 2.64479 2.51972e-05 1.41843e-05 3.60474
899 2.71716e-05 1.61441e-05 2.45531 2.43924e-05 1.38788e-05 3.5113
900 2.65096e-05 1.65268e-05 2.46635 2.51826e-05 1.41426e-05 3.5983
901 2.61342e-05 1.63164e-05 2.4746 2.50462e-05 1.41087e-05 3.58384
902 2.67752e-05 1.61286e-05 2.48397 2.44602e-05 1.38872e-05 3.51166
903 2.6752e-05 1.60823e-05 2.42297 2.48867e-05 1.39527e-05 3.55255
904 2.64954e-05 1.67355e-05 2.5257 2.47063e-05 1.4191e-05 3.58459
905 2.67446e-05 1.70049e-05 2.59331 2.51598e-05 1.42252e-05 3.6086
906 2.62623e-05 1.657e-05 2.44515 2.51411e-05 1.42306e-05 3.62336
907 2.61484e-05 1.73093e-05 2.60828 2.52565e-05 1.4143e-05 3.60612
908 2.67973e-05 1.65992e-05 2.58085 2.49088e-05 1.39648e-05 3.54834
909 2.653e-05 1.66784e-05 2.43898 2.48532e-05 1.40579e-05 3.55934
910 2.65642e-05 1.61129e-05 2.45359 2.48791e-05 1.39384e-05 3.5434
911 2.62684e-05 1.62543e-05 2.45989 2.48426e-05 1.36944e-05 3.49878
912 2.62576e-05 1.56054e-05 2.3983 2.53208e-05 1.38172e-05 3.55839
913 2.66505e-05 1.65988e-05 2.53195 2.52775e-05 1.39198e-05 3.56608
914 2.67441e-05 1.64752e-05 2.46132 2.47103e-05 1.40283e-05 3.55233
915 2.66531e-05 1.74624e-05 2.59482 2.45821e-05 1.41349e-05 3.56455
916 2.61536e-05 1.63686e-05 2.44454 2.54549e-05 1.38195e-05 3.56344
917 2.71412e-05 1.70493e-05 2.60514 2.4539e-05 1.39568e-05 3.53692
918 2.64195e-05 1.64989e-05 2.52599 2.52291e-05 1.41199e-05 3.59463
919 2.59514e-05 1.62747e-05 2.47013 2.53304e-05 1.39379e-05 3.57954
920 2.69435e-05 1.57505e-05 2.44459 2.45734e-05 1.35218e-05 3.45719
921 2.69731e-05 1.57015e-05 2.43197 2.49363e-05 1.39306e-05 3.54668
922 2.62936e-05 1.59641e-05 2.45533 2.47218e-05 1.38177e-05 3.51618
923 2.62793e-05 1.63057e-05 2.40473 2.49691e-05 1.39914e-05 3.56366
924 2.58159e-05 1.68519e-05 2.54824 2.57579e-05 1.40173e-05 3.60636
925 2.7216e-05 1.63064e-05 2.52137 2.45376e-05 1.39704e-05 3.5358
926 2.72089e-05 1.62582e-05 2.45148 2.42716e-05 1.39002e-05 3.50612
927 2.64681e-05 1.67027e-05 2.46535 2.48307e-05 1.39845e-05 3.55213
928 2.56678e-05 1.61707e-05 2.4995 2.54643e-05 1.40209e-05 3.59471
929 2.63761e-05 1.59943e-05 2.41081 2.49849e-05 1.39552e-05 3.56326
930 2.62669e-05 1.61753e-05 2.44322 2.50417e-05 1.37911e-05 3.5275
931 2.69327e-05 1.61402e-05 2.4928 2.48939e-05 1.38328e-05 3.52666
932 2.60479e-05 1.60901e-05 2.42993 2.52304e-05 1.4042e-05 3.58708
933 2.65763e-05 1.64974e-05 2.47742 2.49668e-05 1.39246e-05 3.54856
934 2.7035e-05 1.65354e-05 2.48776 2.46532e-05 1.38273e-05 3.50833
935 2.71224e-05 1.60569e-05 2.43537 2.46439e-05 1.40267e-05 3.54949
936 2.58457e-05 1.72279e-05 2.5638 2.51689e-05 1.41666e-05 3.60397
937 2.58226e-05 1.64349e-05 2.47525 2.56271e-05 1.41093e-05 3.61634
938 2.62575e-05 1.64582e-05 2.52559 2.54473e-05 1.40369e-05 3.60191
939 2.65271e-05 1.58736e-05 2.39648 2.49562e-05 1.41103e-05 3.57957
940 2.70735e-05 1.63021e-05 2.49664 2.48151e-05 1.4008e-05 3.55516
941 2.58791e-05 1.65751e-05 2.53069 2.54883e-05 1.3941e-05 3.58591
942 2.76386e-05 1.57558e-05 2.40947 2.42862e-05 1.38621e-05 3.49608
943 2.70512e-05 1.6392e-05 2.50569 2.49194e-05 1.40093e-05 3.56688
944 2.66545e-05 1.63525e-05 2.43202 2.4627e-05 1.39155e-05 3.52578
945 2.62228e-05 1.66841e-05 2.47925 2.49861e-05 1.39197e-05 3.54738
946 2.67337e-05 1.60534e-05 2.41292 2.46231e-05 1.39365e-05 3.53158
947 2.59532e-05 1.69605e-05 2.46047 2.52791e-05 1.40489e-05 3.59423
948 2.67584e-05 1.61632e-05 2.44887 2.49449e-05 1.40204e-05 3.56928
949 2.60755e-05 1.62687e-05 2.43363 2.45514e-05 1.38499e-05 3.51681
950 2.67036e-05 1.60046e-05 2.38397 2.46752e-05 1.37778e-05 3.51309
951 2.57084e-05 1.66987e-05 2.52126 2.52543e-05 1.40913e-05 3.58898
952 2.64248e-05 1.62998e-05 2.42128 2.49937e-05 1.39678e-05 3.55773
953 2.59824e-05 1.5976e-05 2.39452 2.51188e-05 1.38111e-05 3.53701
954 2.62398e-05 1.62341e-05 2.39118 2.49805e-05 1.38614e-05 3.53974
955 2.61644e-05 1.62711e-05 2.34202 2.47122e-05 1.3953e-05 3.54467
956 2.698e-05 1.67103e-05 2.51854 2.45853e-05 1.39246e-05 3.53113
957 2.71528e-05 1.58628e-05 2.4327 2.43048e-05 1.37463e-05 3.48579
958 2.66455e-05 1.59592e-05 2.38926 2.4928e-05 1.38688e-05 3.54077
959 2.55729e-05 1.67859e-05 2.52947 2.51427e-05 1.4106e-05 3.58785
960 2.64597e-05 1.56407e-05 2.33113 2.54988e-05 1.40208e-05 3.5959
961 2.68316e-05 1.54046e-05 2.39201 2.49112e-05 1.38567e-05 3.5371
962 2.56308e-05 1.68062e-05 2.44179 2.55844e-05 1.40352e-05 3.59582
963 2.6672e-05 1.60477e-05 2.57492 2.47373e-05 1.38935e-05 3.53139
964 2.64693e-05 1.58582e-05 2.39369 2.46381e-05 1.37974e-05 3.51377
965 2.65004e-05 1.57327e-05 2.3151 2.48144e-05 1.3839e-05 3.52544
966 2.57176e-05 1.60338e-05 2.40194 2.54398e-05 1.39627e-05 3.58444
967 2.60735e-05 1.69229e-05 2.55654 2.49317e-05 1.39367e-05 3.54814
968 2.61289e-05 1.63664e-05 2.48669 2.51243e-05 1.42132e-05 3.60899
969 2.60882e-05 1.62244e-05 2.38406 2.49823e-05 1.42931e-05 3.61243
970 2.6067e-05 1.63376e-05 2.39739 2.50632e-05 1.3997e-05 3.56722
971 2.59172e-05 1.63924e-05 2.35737 2.53685e-05 1.39793e-05 3.58096
972 2.63423e-05 1.57162e-05 2.40827 2.51385e-05 1.38744e-05 3.54745
973 2.64514e-05 1.53529e-05 2.38402 2.53722e-05 1.39376e-05 3.57267
974 2.64687e-05 1.61027e-05 2.37462 2.46253e-05 1.40353e-05 3.55419
975 2.60768e-05 1.65638e-05 2.45991 2.53151e-05 1.42098e-05 3.61745
976 2.55928e-05 1.67506e-05 2.4715 2.55045e-05 1.40891e-05 3.61737
977 2.62444e-05 1.63397e-05 2.40415 2.51077e-05 1.41065e-05 3.58965
978 2.61814e-05 1.62076e-05 2.43629 2.48926e-05 1.39902e-05 3.55479
979 2.6584e-05 1.60297e-05 2.44874 2.51813e-05 1.40427e-05 3.582
980 2.61223e-05 1.69888e-05 2.4718 2.55231e-05 1.41208e-05 3.61339
981 2.57381e-05 1.66723e-05 2.48324 2.54926e-05 1.41028e-05 3.60813
982 2.66764e-05 1.63962e-05 2.47923 2.48096e-05 1.40491e-05 3.56067
983 2.55574e-05 1.63912e-05 2.372 2.51835e-05 1.40603e-05 3.59223
984 2.68387e-05 1.61223e-05 2.37958 2.4191e-05 1.38509e-05 3.49025
985 2.6214e-05 1.69815e-05 2.50454 2.50507e-05 1.4126e-05 3.59021
986 2.65145e-05 1.64155e-05 2.45702 2.48806e-05 1.37655e-05 3.5189
987 2.59155e-05 1.71386e-05 2.508 2.5254e-05 1.42828e-05 3.6306
988 2.59367e-05 1.67224e-05 2.52748 2.51148e-05 1.40027e-05 3.57537
989 2.56859e-05 1.707e-05 2.52382 2.52607e-05 1.3836e-05 3.55519
990 2.69117e-05 1.60759e-05 2.38374 2.4646e-05 1.38808e-05 3.52077
991 2.66322e-05 1.67211e-05 2.40532 2.50191e-05 1.4054e-05 3.57259
992 2.6425e-05 1.67856e-05 2.48201 2.48074e-05 1.4058e-05 3.56372
993 2.72085e-05 1.57465e-05 2.33295 2.43176e-05 1.38222e-05 3.48956
994 2.68549e-05 1.61998e-05 2.41979 2.45297e-05 1.39216e-05 3.52989
995 2.63315e-05 1.65147e-05 2.44545 2.50398e-05 1.40197e-05 3.57346
996 2.58192e-05 1.60815e-05 2.4446 2.53149e-05 1.39552e-05 3.58054
997 2.61341e-05 1.55183e-05 2.31644 2.4846e-05 1.36723e-05 3.49376
998 2.55655e-05 1.6297e-05 2.35088 2.54926e-05 1.41851e-05 3.62446
999 2.59916e-05 1.60664e-05 2.42274 2.48286e-05 1.38038e-05 3.52113
1000 2.69376e-05 1.63714e-05 2.38499 2.42534e-05 1.38211e-05 3.4885
