# ../optics --mode=conv_modified_vs_classical --conv-start=10 --conv-end=1000 --values-start=0.5 --values-end=1 --repetitions=1000 --xsigma=0.9 --output-file=comparison_1000_32_1000_xsigma0.9.txt --multiplier=32 ldata.txt
10 0.000128006 6.99782e-05 15.3864 9.51253e-05 4.53821e-05 10.902
11 17.53 6.87467e-05 14.8992 8.76737e-05 4.15999e-05 10.0043
12 0.000123308 6.99818e-05 15.1619 8.48812e-05 4.06987e-05 9.81344
13 0.000102963 5.89667e-05 12.7956 7.94653e-05 3.66825e-05 8.78587
14 0.000102311 6.24954e-05 13.3962 7.69934e-05 3.55988e-05 8.86369
15 9.94924e-05 6.04912e-05 12.7698 7.42417e-05 3.65853e-05 8.73408
16 9.48915e-05 5.24139e-05 11.3271 6.94738e-05 3.08758e-05 7.59262
17 8.86913e-05 5.62769e-05 11.4342 7.07931e-05 3.36539e-05 8.11665
18 8.76792e-05 5.22285e-05 11.183 6.9154e-05 3.28711e-05 8.12713
19 8.83919e-05 5.01207e-05 10.7914 6.69556e-05 2.98017e-05 7.31335
20 8.56241e-05 5.07609e-05 10.8141 6.32706e-05 2.94251e-05 7.17214
21 8.07761e-05 4.86166e-05 10.5763 6.20023e-05 2.93895e-05 7.1566
22 8.15398e-05 4.90191e-05 10.315 6.33797e-05 2.89129e-05 7.30079
23 7.70957e-05 4.83017e-05 10.2397 5.68127e-05 2.73792e-05 6.45145
24 7.36291e-05 4.78785e-05 9.90364 5.78842e-05 2.72487e-05 6.72221
25 7.65932e-05 4.73497e-05 9.96638 5.75319e-05 2.75019e-05 6.74835
26 6.86387e-05 4.7356e-05 9.5625 5.35032e-05 2.59964e-05 6.32843
27 7.13705e-05 4.30055e-05 8.92733 5.349e-05 2.45165e-05 6.01687
28 6.98385e-05 4.48469e-05 9.32171 5.36449e-05 2.54486e-05 6.16918
29 7.14093e-05 4.28936e-05 9.01683 5.25693e-05 2.51499e-05 5.99166
30 6.96756e-05 4.21189e-05 8.87526 5.31919e-05 2.41097e-05 6.01183
31 6.63891e-05 4.1272e-05 8.62267 4.89122e-05 2.31846e-05 5.60278
32 6.45082e-05 3.99053e-05 8.54356 5.05826e-05 2.28759e-05 5.69573
33 6.24962e-05 4.18829e-05 8.46091 4.82608e-05 2.3843e-05 5.77583
34 6.4341e-05 3.89392e-05 8.35091 4.60579e-05 2.16004e-05 5.25454
35 6.6252e-05 4.18483e-05 8.61324 4.70271e-05 2.3008e-05 5.51215
36 6.25093e-05 4.01058e-05 8.3575 4.56715e-05 2.20657e-05 5.33325
37 6.15635e-05 4.01735e-05 8.31369 4.46955e-05 2.19729e-05 5.27611
38 6.06842e-05 3.52795e-05 7.69135 4.59482e-05 2.09934e-05 5.13148
39 6.01118e-05 3.80016e-05 7.9373 4.49797e-05 2.13371e-05 5.23992
40 6.13387e-05 3.81794e-05 8.07532 4.6678e-05 2.16157e-05 5.38322
41 6.00053e-05 3.66148e-05 7.66865 4.4594e-05 2.13888e-05 5.2357
42 5.59636e-05 3.77125e-05 7.62599 4.22702e-05 2.07896e-05 5.0864
43 5.81141e-05 3.74683e-05 7.87886 4.46608e-05 2.01015e-05 5.06847
44 5.91225e-05 3.74388e-05 7.63169 4.36369e-05 2.00671e-05 4.90101
45 5.8232e-05 3.57774e-05 7.32748 4.24775e-05 2.07517e-05 5.04667
46 6.02017e-05 3.62953e-05 7.63852 4.30115e-05 2.01544e-05 4.87449
47 5.61338e-05 3.32269e-05 7.21139 4.16105e-05 1.91448e-05 4.73278
48 5.6522e-05 3.46404e-05 7.282 4.29206e-05 1.90372e-05 4.75762
49 5.32431e-05 3.4668e-05 7.07385 4.10798e-05 1.89092e-05 4.68359
50 5.51452e-05 3.57048e-05 7.27606 4.07861e-05 1.9426e-05 4.80116
51 5.43363e-05 3.27688e-05 6.90038 4.04233e-05 1.84296e-05 4.55283
52 5.61845e-05 3.41879e-05 7.18658 4.28147e-05 1.93644e-05 4.84653
53 5.54606e-05 3.4745e-05 7.42715 3.95347e-05 1.91286e-05 4.70445
54 5.47155e-05 3.28479e-05 6.83843 3.7872e-05 1.82334e-05 4.33123
55 5.52133e-05 3.44753e-05 7.16891 3.86857e-05 1.8581e-05 4.56647
56 5.23708e-05 3.42826e-05 6.96986 3.84883e-05 1.87899e-05 4.51308
57 5.55979e-05 3.28514e-05 7.02741 3.8664e-05 1.76903e-05 4.33221
58 5.21058e-05 3.16462e-05 6.61749 3.78849e-05 1.78368e-05 4.32276
59 5.3238e-05 3.2722e-05 6.82366 3.82603e-05 1.81524e-05 4.50165
60 5.15942e-05 3.2809e-05 6.82827 3.86181e-05 1.91046e-05 4.66645
61 5.35161e-05 3.36769e-05 6.92071 3.69529e-05 1.79016e-05 4.31229
62 5.11576e-05 3.068e-05 6.55457 3.64922e-05 1.66537e-05 4.16386
63 5.08457e-05 3.0542e-05 6.47331 3.81421e-05 1.74637e-05 4.32237
64 5.1896e-05 3.35567e-05 6.99731 3.67094e-05 1.76337e-05 4.33268
65 4.98879e-05 2.98448e-05 6.25739 3.71048e-05 1.67259e-05 4.18744
66 4.94355e-05 3.03671e-05 6.42275 3.5483e-05 1.67719e-05 4.15004
67 5.24602e-05 3.03259e-05 6.4812 3.65441e-05 1.64768e-05 4.148
68 5.05302e-05 2.89897e-05 6.2513 3.62045e-05 1.64423e-05 4.05675
69 5.15874e-05 3.08792e-05 6.53098 3.66385e-05 1.66894e-05 4.17892
70 4.77604e-05 3.02429e-05 6.19492 3.57181e-05 1.73459e-05 4.25336
71 4.90394e-05 3.11936e-05 6.51373 3.43264e-05 1.70413e-05 4.16427
72 4.91367e-05 2.80529e-05 5.98236 3.48047e-05 1.63367e-05 4.01887
73 4.92396e-05 2.96903e-05 6.20763 3.38389e-05 1.64512e-05 4.00929
74 4.90127e-05 3.26514e-05 6.76991 3.3156e-05 1.63764e-05 3.8821
75 4.80788e-05 2.99101e-05 6.06019 3.42012e-05 1.58859e-05 3.93405
76 4.97168e-05 2.84762e-05 6.06526 3.361e-05 1.62313e-05 3.92372
77 4.76761e-05 2.97056e-05 6.15929 3.60514e-05 1.63865e-05 4.12482
78 4.75627e-05 2.86845e-05 6.01782 3.43782e-05 1.5202e-05 3.90667
79 5.09694e-05 2.90567e-05 6.2986 3.3703e-05 1.56653e-05 3.8991
80 4.74663e-05 3.07042e-05 6.43105 3.47772e-05 1.58504e-05 4.00594
81 4.84684e-05 2.81605e-05 5.87589 3.42135e-05 1.5541e-05 3.82609
82 4.62901e-05 3.01449e-05 6.21948 3.3082e-05 1.58374e-05 3.95923
83 4.67527e-05 2.81705e-05 5.92482 3.28715e-05 1.49425e-05 3.70027
84 4.81512e-05 2.74939e-05 5.94279 3.23105e-05 1.53057e-05 3.75768
85 4.61611e-05 2.99374e-05 6.12755 3.13761e-05 1.58767e-05 3.84143
86 4.68586e-05 2.78968e-05 5.86132 3.23235e-05 1.5511e-05 3.80273
87 4.70346e-05 2.74348e-05 5.75659 3.36952e-05 1.52469e-05 3.87181
88 4.41995e-05 2.85824e-05 5.82233 3.28651e-05 1.58846e-05 3.9167
89 4.68082e-05 2.79469e-05 5.87185 3.29528e-05 1.49127e-05 3.70618
90 4.43863e-05 2.78039e-05 5.58863 3.17244e-05 1.56369e-05 3.78712
91 4.70146e-05 2.83909e-05 5.99233 3.30725e-05 1.5e-05 3.72459
92 4.51375e-05 2.9087e-05 6.07057 3.22976e-05 1.51605e-05 3.7382
93 4.89016e-05 2.78624e-05 5.89564 3.1737e-05 1.48678e-05 3.62492
94 4.61825e-05 2.79076e-05 5.7993 3.09552e-05 1.51584e-05 3.73615
95 4.55572e-05 2.81493e-05 5.842 3.09109e-05 1.57966e-05 3.81616
96 4.482e-05 2.91275e-05 5.97303 3.15269e-05 1.51024e-05 3.7289
97 4.69944e-05 2.69738e-05 5.67744 3.18613e-05 1.41738e-05 3.54042
98 4.59311e-05 2.8145e-05 5.80918 3.11017e-05 1.5276e-05 3.71401
99 4.38983e-05 2.8576e-05 5.79409 3.13757e-05 1.46195e-05 3.63149
100 4.45972e-05 2.82959e-05 5.71637 3.06699e-05 1.54229e-05 3.76059
101 4.43294e-05 2.66787e-05 5.68546 3.19253e-05 1.43217e-05 3.64065
102 4.40197e-05 2.59413e-05 5.2386 2.90259e-05 1.43971e-05 3.47017
103 4.37705e-05 2.7141e-05 5.63116 3.00109e-05 1.47511e-05 3.67096
104 4.52146e-05 2.81942e-05 5.85089 3.04833e-05 1.42671e-05 3.49588
105 4.33528e-05 2.57071e-05 5.45378 3.02331e-05 1.42721e-05 3.53974
106 4.51578e-05 2.61863e-05 5.51527 3.0648e-05 1.44771e-05 3.55768
107 4.27031e-05 2.63345e-05 5.32986 2.9403e-05 1.42844e-05 3.43875
108 4.42191e-05 2.5688e-05 5.26436 2.89303e-05 1.39463e-05 3.39266
109 4.48198e-05 2.6065e-05 5.45671 2.93763e-05 1.37488e-05 3.42815
110 4.34483e-05 2.69728e-05 5.55133 2.94568e-05 1.45423e-05 3.58921
111 4.56509e-05 2.54951e-05 5.37371 2.81229e-05 1.35121e-05 3.3209
112 4.27178e-05 2.56554e-05 5.32775 2.8885e-05 1.3924e-05 3.4154
113 4.37615e-05 2.64492e-05 5.39355 3.00524e-05 1.39449e-05 3.45949
114 4.26822e-05 2.60648e-05 5.35063 3.07438e-05 1.43879e-05 3.56594
115 4.52471e-05 2.63484e-05 5.54893 2.79782e-05 1.35983e-05 3.31653
116 4.33968e-05 2.69879e-05 5.45602 3.0009e-05 1.38169e-05 3.47896
117 4.26812e-05 2.54137e-05 5.2991 2.98725e-05 1.35141e-05 3.40692
118 4.31444e-05 2.5463e-05 5.29686 2.98852e-05 1.35094e-05 3.42537
119 4.28212e-05 2.53369e-05 5.2459 2.86172e-05 1.36267e-05 3.415
120 4.33559e-05 2.39388e-05 5.01069 2.95555e-05 1.37487e-05 3.41295
121 4.20871e-05 2.4931e-05 5.27577 2.96869e-05 1.3673e-05 3.45048
122 4.48013e-05 2.46895e-05 5.24901 2.82575e-05 1.33336e-05 3.2553
123 4.2185e-05 2.66777e-05 5.43228 2.89733e-05 1.38817e-05 3.45822
124 4.30959e-05 2.63658e-05 5.45753 2.84394e-05 1.29515e-05 3.28578
125 4.27014e-05 2.34534e-05 5.06401 2.79977e-05 1.2908e-05 3.21406
126 4.34358e-05 2.44054e-05 5.21916 2.81749e-05 1.30126e-05 3.20653
127 4.34505e-05 2.5592e-05 5.20142 2.85982e-05 1.36598e-05 3.383
128 4.24665e-05 2.50142e-05 5.2096 2.67684e-05 1.32878e-05 3.25002
129 4.20852e-05 2.39622e-05 4.96107 2.79322e-05 1.3322e-05 3.35107
130 4.19993e-05 2.49968e-05 5.13125 2.82091e-05 1.34539e-05 3.33266
131 4.35845e-05 2.69616e-05 5.50207 2.88198e-05 1.37069e-05 3.38707
132 4.05693e-05 2.55307e-05 5.14478 2.79586e-05 1.36019e-05 3.3236
133 4.1944e-05 2.46807e-05 5.04966 2.76221e-05 1.3258e-05 3.21657
134 4.14566e-05 2.41427e-05 5.05884 2.85196e-05 1.29951e-05 3.27948
135 4.21613e-05 2.42258e-05 5.05808 2.73996e-05 1.32685e-05 3.27214
136 4.22227e-05 2.52669e-05 5.27846 2.78631e-05 1.3295e-05 3.27378
137 4.25974e-05 2.57322e-05 5.22703 2.71352e-05 1.32152e-05 3.25636
138 4.27379e-05 2.38925e-05 4.90173 2.72365e-05 1.31489e-05 3.23377
139 4.16669e-05 2.41612e-05 5.00787 2.79832e-05 1.294e-05 3.23298
140 4.18439e-05 2.50041e-05 5.1611 2.80011e-05 1.30308e-05 3.24845
141 4.23618e-05 2.3691e-05 5.06959 2.7953e-05 1.24704e-05 3.15962
142 4.05656e-05 2.44115e-05 4.90368 2.80147e-05 1.29954e-05 3.25011
143 4.22835e-05 2.31688e-05 4.84753 2.63546e-05 1.27844e-05 3.12829
144 4.12582e-05 2.38922e-05 4.97364 2.76098e-05 1.28015e-05 3.18853
145 4.29794e-05 2.41917e-05 5.00463 2.58095e-05 1.28603e-05 3.14611
146 4.19885e-05 2.46031e-05 5.04535 2.70334e-05 1.29708e-05 3.22475
147 4.18767e-05 2.61429e-05 5.31828 2.7003e-05 1.33385e-05 3.25185
148 4.07022e-05 2.34918e-05 4.81312 2.74876e-05 1.27759e-05 3.20105
149 4.10566e-05 2.3994e-05 4.97314 2.74024e-05 1.25069e-05 3.14249
150 4.20546e-05 2.40381e-05 4.88576 2.65428e-05 1.29412e-05 3.1599
151 4.10215e-05 2.45452e-05 5.10929 2.69006e-05 1.26158e-05 3.15083
152 4.08541e-05 2.39282e-05 4.96368 2.71266e-05 1.28466e-05 3.23005
153 4.10831e-05 2.36817e-05 4.91233 2.73045e-05 1.25091e-05 3.14381
154 4.055e-05 2.31688e-05 4.91532 2.72877e-05 1.22387e-05 3.08946
155 3.96e-05 2.31205e-05 4.72839 2.67284e-05 1.25878e-05 3.15676
156 4.03388e-05 2.24785e-05 4.71564 2.638e-05 1.24395e-05 3.11156
157 4.14092e-05 2.38618e-05 4.92738 2.60621e-05 1.25861e-05 3.11222
158 4.11822e-05 2.34839e-05 4.79095 2.67112e-05 1.32873e-05 3.2471
159 3.94751e-05 2.27629e-05 4.72272 2.76724e-05 1.21803e-05 3.14798
160 3.96603e-05 2.15465e-05 4.51396 2.69363e-05 1.22982e-05 3.10251
161 4.20498e-05 2.28737e-05 4.75668 2.6298e-05 1.20566e-05 3.01691
162 4.01147e-05 2.37071e-05 4.68611 2.63738e-05 1.24174e-05 3.1318
163 4.10645e-05 2.39482e-05 4.92902 2.52981e-05 1.24076e-05 3.09081
164 4.17065e-05 2.52852e-05 5.24327 2.71299e-05 1.24079e-05 3.14758
165 4.02245e-05 2.32959e-05 4.79802 2.69324e-05 1.25126e-05 3.15863
166 3.97145e-05 2.18287e-05 4.5694 2.62228e-05 1.19699e-05 3.04888
167 4.13439e-05 2.28267e-05 4.87534 2.57843e-05 1.22043e-05 3.05086
168 4.05016e-05 2.19728e-05 4.57216 2.55417e-05 1.18539e-05 2.96815
169 3.93009e-05 2.19113e-05 4.49815 2.60059e-05 1.24102e-05 3.09967
170 3.94531e-05 2.30181e-05 4.60218 2.47114e-05 1.25123e-05 2.99104
171 4.1217e-05 2.30047e-05 4.70187 2.51958e-05 1.21244e-05 2.99379
172 3.87809e-05 2.44341e-05 4.97182 2.66728e-05 1.2368e-05 3.11148
173 4.0731e-05 2.22717e-05 4.60034 2.59998e-05 1.1763e-05 2.99957
174 4.04106e-05 2.23172e-05 4.71177 2.59685e-05 1.18911e-05 2.99515
175 3.96575e-05 2.23629e-05 4.51769 2.61054e-05 1.22705e-05 3.06413
176 3.98276e-05 2.30549e-05 4.68498 2.55546e-05 1.20443e-05 3.02707
177 3.87085e-05 2.28737e-05 4.58065 2.57458e-05 1.23488e-05 3.04486
178 3.91879e-05 2.14522e-05 4.50101 2.50322e-05 1.20918e-05 2.98406
179 3.99678e-05 2.2298e-05 4.65056 2.51686e-05 1.16206e-05 2.90919
180 3.92475e-05 2.16655e-05 4.52084 2.58969e-05 1.21299e-05 3.0393
181 3.968e-05 2.41023e-05 4.8057 2.51309e-05 1.22597e-05 3.00593
182 3.90984e-05 2.30744e-05 4.54372 2.50538e-05 1.25485e-05 3.06756
183 3.92736e-05 2.27709e-05 4.63845 2.41684e-05 1.21426e-05 2.96125
184 4.08189e-05 2.19335e-05 4.48492 2.44558e-05 1.19715e-05 2.9161
185 3.87671e-05 2.33664e-05 4.56852 2.707e-05 1.25763e-05 3.14647
186 3.93287e-05 2.30606e-05 4.67152 2.53403e-05 1.22859e-05 3.03328
187 3.99353e-05 2.14469e-05 4.38786 2.50025e-05 1.21167e-05 2.99301
188 3.90129e-05 2.20814e-05 4.54918 2.47896e-05 1.18867e-05 2.99204
189 4.02227e-05 2.13023e-05 4.45104 2.55518e-05 1.19905e-05 2.97373
190 3.90718e-05 2.32427e-05 4.64579 2.67567e-05 1.21367e-05 3.10748
191 3.97623e-05 2.24518e-05 4.58925 2.56991e-05 1.17992e-05 2.97113
192 3.98343e-05 2.16653e-05 4.64596 2.5658e-05 1.16145e-05 2.98747
193 3.93942e-05 2.30893e-05 4.73622 2.59286e-05 1.20721e-05 3.0468
194 3.83052e-05 2.26585e-05 4.51831 2.55297e-05 1.19978e-05 2.9753
195 3.84621e-05 2.3359e-05 4.68993 2.50361e-05 1.21785e-05 3.01998
196 3.99502e-05 2.18687e-05 4.4352 2.40794e-05 1.20814e-05 2.95036
197 3.91755e-05 2.31124e-05 4.71867 2.54033e-05 1.19832e-05 3.02419
198 3.92944e-05 2.27121e-05 4.48039 2.42046e-05 1.22906e-05 3.00423
199 3.92803e-05 2.10443e-05 4.272 2.42782e-05 1.1864e-05 2.90689
200 3.82633e-05 2.17453e-05 4.51025 2.50522e-05 1.16768e-05 2.94121
201 4.02943e-05 2.15265e-05 4.45062 2.39006e-05 1.16315e-05 2.86948
202 3.9785e-05 2.10796e-05 4.26051 2.55361e-05 1.18343e-05 2.97922
203 3.79668e-05 2.1832e-05 4.48901 2.47431e-05 1.18619e-05 2.93226
204 3.79015e-05 2.29583e-05 4.53638 2.59718e-05 1.18231e-05 3.04036
205 3.85562e-05 2.1487e-05 4.51543 2.48093e-05 1.14172e-05 2.89123
206 3.9025e-05 2.04051e-05 4.22419 2.39536e-05 1.10049e-05 2.75797
207 3.94115e-05 2.26949e-05 4.74469 2.51289e-05 1.18139e-05 2.96129
208 3.79883e-05 2.1919e-05 4.35559 2.44214e-05 1.20069e-05 2.93791
209 3.86215e-05 2.23433e-05 4.56628 2.41846e-05 1.17952e-05 2.9431
210 3.87917e-05 2.12361e-05 4.33936 2.44097e-05 1.13662e-05 2.84894
211 3.75468e-05 2.20238e-05 4.52104 2.55645e-05 1.17302e-05 3.00368
212 3.92918e-05 2.17694e-05 4.27472 2.44494e-05 1.19418e-05 2.9579
213 3.88294e-05 2.14324e-05 4.31433 2.45999e-05 1.21508e-05 2.9966
214 3.80042e-05 2.16557e-05 4.43917 2.46184e-05 1.15183e-05 2.92123
215 3.81279e-05 2.12905e-05 4.37364 2.4693e-05 1.17909e-05 2.89991
216 3.85384e-05 2.17898e-05 4.35208 2.47168e-05 1.15256e-05 2.90603
217 3.90586e-05 2.18424e-05 4.34796 2.40525e-05 1.19488e-05 2.94284
218 3.85201e-05 2.10419e-05 4.29384 2.44819e-05 1.18294e-05 2.94782
219 3.88378e-05 2.20804e-05 4.48162 2.3623e-05 1.12708e-05 2.79551
220 3.72833e-05 2.05544e-05 4.12511 2.38435e-05 1.12957e-05 2.81767
221 3.90355e-05 2.19679e-05 4.4733 2.38287e-05 1.12493e-05 2.82096
222 3.85258e-05 2.11364e-05 4.27239 2.37437e-05 1.18008e-05 2.89286
223 3.71533e-05 2.13098e-05 4.26728 2.45312e-05 1.15001e-05 2.89785
224 3.83501e-05 2.01037e-05 4.1215 2.43764e-05 1.13754e-05 2.863
225 3.7819e-05 2.12594e-05 4.22568 2.40786e-05 1.17116e-05 2.88501
226 3.81664e-05 2.15595e-05 4.36576 2.34028e-05 1.17853e-05 2.88678
227 3.84836e-05 2.0847e-05 4.25697 2.38942e-05 1.16992e-05 2.88201
228 3.82356e-05 2.05889e-05 4.2227 2.34821e-05 1.10705e-05 2.77744
229 3.78356e-05 2.17407e-05 4.2307 2.40832e-05 1.15701e-05 2.8886
230 3.77595e-05 2.08903e-05 4.14513 2.47481e-05 1.15233e-05 2.9074
231 3.81557e-05 2.11866e-05 4.28641 2.41169e-05 1.11515e-05 2.81483
232 3.67401e-05 2.14075e-05 4.23005 2.40114e-05 1.16566e-05 2.88195
233 3.91023e-05 1.96579e-05 4.20504 2.34087e-05 1.10162e-05 2.72447
234 3.73352e-05 2.16977e-05 4.33225 2.4235e-05 1.08746e-05 2.78847
235 3.6975e-05 2.12244e-05 4.14468 2.38153e-05 1.17477e-05 2.9456
236 3.91986e-05 2.08007e-05 4.27619 2.25978e-05 1.10801e-05 2.72102
237 3.69498e-05 2.13167e-05 4.28169 2.371e-05 1.14954e-05 2.8704
238 3.78162e-05 2.17904e-05 4.3359 2.40358e-05 1.16025e-05 2.91154
239 3.86345e-05 2.1477e-05 4.36239 2.32118e-05 1.13964e-05 2.78164
240 3.88579e-05 2.00406e-05 4.13971 2.35001e-05 1.11247e-05 2.75358
241 3.74996e-05 2.01546e-05 4.0426 2.32974e-05 1.11499e-05 2.7719
242 3.80181e-05 2.01992e-05 4.25102 2.2938e-05 1.09832e-05 2.71965
243 3.94277e-05 1.96216e-05 4.13412 2.2537e-05 1.0814e-05 2.69959
244 3.82411e-05 2.23013e-05 4.43144 2.38935e-05 1.12585e-05 2.81794
245 3.67771e-05 2.06267e-05 4.11188 2.42676e-05 1.12427e-05 2.85586
246 3.95135e-05 2.07016e-05 4.18409 2.262e-05 1.12099e-05 2.77334
247 3.75507e-05 2.06844e-05 4.14533 2.27811e-05 1.11607e-05 2.79287
248 3.77877e-05 2.05783e-05 4.28744 2.43352e-05 1.11415e-05 2.85531
249 3.76455e-05 2.21462e-05 4.39217 2.33163e-05 1.16181e-05 2.87659
250 3.7373e-05 2.1248e-05 4.22453 2.40291e-05 1.11387e-05 2.83372
251 3.80795e-05 2.12714e-05 4.3018 2.29327e-05 1.09159e-05 2.74829
252 3.70781e-05 1.987e-05 4.12133 2.28336e-05 1.09211e-05 2.72495
253 3.71124e-05 1.93628e-05 3.94035 2.31011e-05 1.11254e-05 2.79768
254 3.83702e-05 1.97273e-05 3.93218 2.2838e-05 1.05781e-05 2.65891
255 3.89177e-05 1.97558e-05 4.03522 2.16018e-05 1.0466e-05 2.60349
256 3.85039e-05 2.07279e-05 4.10714 2.33895e-05 1.12153e-05 2.804
257 3.66483e-05 2.13646e-05 4.09814 2.29341e-05 1.11467e-05 2.75268
258 3.72221e-05 2.10454e-05 4.11024 2.37471e-05 1.13066e-05 2.85089
259 3.70194e-05 2.1677e-05 4.2334 2.31126e-05 1.1367e-05 2.84041
260 3.70411e-05 2.09681e-05 4.14299 2.39244e-05 1.12102e-05 2.81878
261 3.63453e-05 1.9855e-05 3.9094 2.30358e-05 1.12079e-05 2.77746
262 3.74262e-05 2.09185e-05 4.05373 2.35017e-05 1.14372e-05 2.85493
263 3.7338e-05 2.12883e-05 4.12267 2.31752e-05 1.11021e-05 2.7747
264 3.84135e-05 1.97105e-05 3.98924 2.21806e-05 1.10104e-05 2.71362
265 3.69036e-05 2.01553e-05 3.93534 2.29634e-05 1.11044e-05 2.74276
266 3.78952e-05 1.92114e-05 4.04492 2.27983e-05 1.09918e-05 2.76148
267 3.8176e-05 1.89487e-05 3.91707 2.1703e-05 1.038e-05 2.57618
268 3.71944e-05 1.95021e-05 3.87841 2.23512e-05 1.06299e-05 2.62871
269 3.75979e-05 1.99756e-05 3.96774 2.23402e-05 1.10157e-05 2.72512
270 3.65389e-05 1.94982e-05 3.84565 2.27939e-05 1.05165e-05 2.64715
271 3.67597e-05 1.98583e-05 3.98643 2.38241e-05 1.1324e-05 2.85482
272 3.78407e-05 2.00617e-05 4.07262 2.36336e-05 1.07054e-05 2.72915
273 3.64613e-05 2.03802e-05 4.00238 2.31316e-05 1.11842e-05 2.79312
274 3.73242e-05 2.07094e-05 4.03483 2.27621e-05 1.13661e-05 2.83344
275 3.73611e-05 2.07923e-05 4.13056 2.183e-05 1.08227e-05 2.66015
276 3.82031e-05 2.02818e-05 4.07672 2.28375e-05 1.1117e-05 2.75344
277 3.65183e-05 2.05961e-05 4.05575 2.32097e-05 1.11685e-05 2.76425
278 3.71739e-05 2.04925e-05 4.01058 2.28502e-05 1.12202e-05 2.79328
279 3.76506e-05 1.97341e-05 3.98838 2.28844e-05 1.07683e-05 2.68942
280 3.72852e-05 2.00548e-05 4.105 2.33934e-05 1.086e-05 2.78337
281 3.8444e-05 2.00965e-05 4.0442 2.2046e-05 1.07234e-05 2.67421
282 3.82353e-05 1.97609e-05 4.0349 2.26916e-05 1.06433e-05 2.69444
283 3.68589e-05 2.1326e-05 4.072 2.28737e-05 1.11426e-05 2.76064
284 3.63022e-05 2.02038e-05 3.91352 2.32163e-05 1.08248e-05 2.76733
285 3.69434e-05 1.87628e-05 3.82802 2.23867e-05 1.06105e-05 2.67323
286 3.63352e-05 2.02776e-05 3.92857 2.24994e-05 1.13419e-05 2.81363
287 3.73329e-05 2.10282e-05 4.11715 2.27244e-05 1.10627e-05 2.7471
288 3.72531e-05 2.02707e-05 3.95694 2.24828e-05 1.10363e-05 2.73125
289 3.7776e-05 2.03837e-05 3.99414 2.25616e-05 1.09244e-05 2.7003
290 3.77442e-05 2.00418e-05 3.99183 2.23395e-05 1.06444e-05 2.6662
291 3.68264e-05 1.97477e-05 3.95736 2.23819e-05 1.0612e-05 2.67147
292 3.61108e-05 2.00773e-05 3.83805 2.31879e-05 1.1199e-05 2.81737
293 3.74898e-05 2.0547e-05 3.93279 2.19565e-05 1.09389e-05 2.7065
294 3.6397e-05 1.89971e-05 3.73714 2.36131e-05 1.11498e-05 2.80613
295 3.70765e-05 2.05767e-05 3.9675 2.2576e-05 1.12727e-05 2.79205
296 3.76832e-05 1.99707e-05 4.08291 2.22981e-05 1.0581e-05 2.64857
297 3.64123e-05 2.0338e-05 4.0121 2.35322e-05 1.06677e-05 2.75381
298 3.70094e-05 1.91273e-05 3.85749 2.27073e-05 1.09976e-05 2.73096
299 3.67192e-05 1.95659e-05 3.75799 2.18143e-05 1.07909e-05 2.66571
300 3.61422e-05 2.08026e-05 3.9607 2.27089e-05 1.11673e-05 2.81692
301 3.67475e-05 2.00444e-05 3.93798 2.24449e-05 1.07449e-05 2.66922
302 3.71638e-05 1.96464e-05 4.00141 2.24422e-05 1.04179e-05 2.6504
303 3.73888e-05 2.026e-05 3.98347 2.24394e-05 1.08217e-05 2.68366
304 3.74033e-05 1.86229e-05 3.78674 2.14905e-05 1.05418e-05 2.61941
305 3.7684e-05 1.94213e-05 3.85055 2.12767e-05 1.05125e-05 2.58966
306 3.635e-05 2.01159e-05 3.97367 2.23162e-05 1.08299e-05 2.71363
307 3.68871e-05 1.9467e-05 3.78862 2.2398e-05 1.05537e-05 2.65907
308 3.75303e-05 1.94282e-05 3.85795 2.15025e-05 1.04969e-05 2.59741
309 3.78092e-05 2.02287e-05 3.89088 2.22827e-05 1.06967e-05 2.67399
310 3.56497e-05 1.85886e-05 3.54297 2.22864e-05 1.08162e-05 2.72239
311 3.72979e-05 1.96367e-05 3.85434 2.16764e-05 1.06515e-05 2.63905
312 3.62748e-05 1.99427e-05 3.99493 2.24149e-05 1.06935e-05 2.68703
313 3.61768e-05 2.04002e-05 3.93087 2.1827e-05 1.07116e-05 2.66889
314 3.68483e-05 1.8998e-05 3.75125 2.21702e-05 1.05961e-05 2.69172
315 3.70922e-05 1.82649e-05 3.73796 2.21335e-05 1.05387e-05 2.66075
316 3.5858e-05 1.88297e-05 3.59446 2.21019e-05 1.07103e-05 2.67591
317 3.57862e-05 1.88604e-05 3.78804 2.23186e-05 1.05742e-05 2.66288
318 3.67292e-05 1.97766e-05 3.86927 2.22022e-05 1.07967e-05 2.68792
319 3.63638e-05 1.88115e-05 3.71169 2.14696e-05 1.05435e-05 2.61086
320 3.68783e-05 1.87736e-05 3.82923 2.18598e-05 1.02808e-05 2.58516
321 3.72753e-05 1.83893e-05 3.76543 2.15633e-05 1.05178e-05 2.58341
322 3.70126e-05 1.87473e-05 3.62887 2.15866e-05 1.05339e-05 2.61114
323 3.64322e-05 1.86683e-05 3.61458 2.19e-05 1.0811e-05 2.71052
324 3.73485e-05 1.85444e-05 3.76527 2.21531e-05 1.047e-05 2.6354
325 3.62799e-05 1.89772e-05 3.6691 2.18796e-05 1.08869e-05 2.69308
326 3.60691e-05 1.79066e-05 3.63777 2.16974e-05 9.76694e-06 2.51748
327 3.59617e-05 1.99698e-05 3.8372 2.23211e-05 1.07836e-05 2.70181
328 3.6917e-05 1.90115e-05 3.67824 2.16459e-05 1.04898e-05 2.63325
329 3.75314e-05 1.87614e-05 3.78174 2.20676e-05 1.04612e-05 2.61493
330 3.61128e-05 1.89646e-05 3.74943 2.29981e-05 1.06458e-05 2.72487
331 3.55309e-05 1.86598e-05 3.61079 2.28147e-05 1.06376e-05 2.70166
332 3.56143e-05 1.93911e-05 3.77854 2.24222e-05 1.03524e-05 2.64098
333 3.52327e-05 1.94979e-05 3.6157 2.23648e-05 1.1084e-05 2.74092
334 3.59714e-05 1.97254e-05 3.7503 2.24062e-05 1.08905e-05 2.71247
335 3.61878e-05 1.94782e-05 3.7599 2.1996e-05 1.04776e-05 2.63103
336 3.71143e-05 1.85093e-05 3.67051 2.07927e-05 1.02253e-05 2.50713
337 3.66061e-05 1.96973e-05 3.92136 2.18274e-05 1.0596e-05 2.6594
338 3.65716e-05 1.9162e-05 3.69265 2.16516e-05 1.07923e-05 2.65475
339 3.70608e-05 1.87816e-05 3.7939 2.15726e-05 1.06833e-05 2.63908
340 3.56465e-05 1.98281e-05 3.82491 2.18932e-05 1.02544e-05 2.60536
341 3.64572e-05 1.884e-05 3.84153 2.21961e-05 1.0286e-05 2.63305
342 3.70154e-05 1.83155e-05 3.6557 2.08573e-05 1.02529e-05 2.53967
343 3.6075e-05 1.93472e-05 3.6813 2.20084e-05 1.06491e-05 2.68408
344 3.61406e-05 1.95311e-05 3.74699 2.15391e-05 1.06346e-05 2.63435
345 3.45856e-05 1.97042e-05 3.74262 2.25023e-05 1.07336e-05 2.72467
346 3.60641e-05 1.8789e-05 3.67713 2.15192e-05 1.06456e-05 2.64245
347 3.56909e-05 1.99825e-05 3.73533 2.18738e-05 1.05574e-05 2.6525
348 3.65785e-05 1.99527e-05 3.83454 2.20323e-05 1.06955e-05 2.66737
349 3.65104e-05 1.89739e-05 3.64916 2.15651e-05 1.05812e-05 2.61953
350 3.58324e-05 1.84042e-05 3.54277 2.18443e-05 1.05918e-05 2.64754
351 3.56578e-05 1.82886e-05 3.53826 2.15417e-05 1.04066e-05 2.60141
352 3.6118e-05 1.97869e-05 3.87478 2.23342e-05 1.05823e-05 2.67832
353 3.58271e-05 1.85026e-05 3.50425 2.17052e-05 1.05974e-05 2.65088
354 3.58062e-05 1.82039e-05 3.53526 2.15515e-05 1.05622e-05 2.6378
355 3.62348e-05 1.77061e-05 3.48034 2.18841e-05 1.02216e-05 2.58133
356 3.54e-05 1.76703e-05 3.58523 2.20657e-05 1.03892e-05 2.66367
357 3.49314e-05 1.905e-05 3.68489 2.21521e-05 1.04138e-05 2.67022
358 3.63116e-05 1.93037e-05 3.69892 2.12959e-05 1.05287e-05 2.5831
359 3.64356e-05 1.86966e-05 3.57575 2.03401e-05 1.01752e-05 2.50514
360 3.63544e-05 1.92082e-05 3.70668 2.13154e-05 1.02451e-05 2.56393
361 3.65249e-05 2.00782e-05 3.75037 2.14561e-05 1.05465e-05 2.63738
362 3.57532e-05 1.79926e-05 3.58982 2.25218e-05 1.03723e-05 2.62548
363 3.58246e-05 1.87467e-05 3.65691 2.11806e-05 1.02505e-05 2.57089
364 3.53811e-05 2.07774e-05 3.86922 2.12264e-05 1.06049e-05 2.63956
365 3.62036e-05 1.86068e-05 3.62996 2.10882e-05 1.00809e-05 2.51842
366 3.56337e-05 1.8452e-05 3.58323 2.11677e-05 1.0422e-05 2.59696
367 3.65012e-05 1.85718e-05 3.61873 2.09645e-05 1.02469e-05 2.56114
368 3.64243e-05 1.8894e-05 3.65456 2.13391e-05 1.01747e-05 2.56189
369 3.53653e-05 1.94383e-05 3.69508 2.15656e-05 1.06612e-05 2.65361
370 3.54245e-05 2.00397e-05 3.78106 2.22803e-05 1.05788e-05 2.67742
371 3.65035e-05 1.74869e-05 3.39564 2.10388e-05 1.02443e-05 2.55685
372 3.64843e-05 1.7511e-05 3.6187 2.1666e-05 1.0169e-05 2.57782
373 3.53318e-05 1.88173e-05 3.54072 2.13204e-05 1.05249e-05 2.6005
374 3.55468e-05 1.86861e-05 3.55147 2.22433e-05 1.03963e-05 2.62362
375 3.5261e-05 1.87752e-05 3.64921 2.16528e-05 1.01529e-05 2.58758
376 3.58504e-05 1.90809e-05 3.59928 2.10769e-05 1.05927e-05 2.62642
377 3.72704e-05 1.88502e-05 3.56727 2.11454e-05 1.00731e-05 2.52936
378 3.65592e-05 1.80295e-05 3.58495 2.0876e-05 1.0356e-05 2.5928
379 3.51225e-05 1.86321e-05 3.62062 2.18872e-05 1.05452e-05 2.66006
380 3.7243e-05 1.97139e-05 3.70467 2.02494e-05 1.01417e-05 2.47241
381 3.67445e-05 1.76201e-05 3.51902 2.11357e-05 1.03502e-05 2.57902
382 3.57854e-05 1.8321e-05 3.50816 2.11749e-05 1.01727e-05 2.54229
383 3.57041e-05 1.81e-05 3.46741 2.14284e-05 1.0405e-05 2.60052
384 3.59489e-05 1.85366e-05 3.46385 2.16879e-05 1.04531e-05 2.63386
385 3.55785e-05 1.90753e-05 3.62405 2.1635e-05 1.04505e-05 2.63031
386 3.58335e-05 1.84508e-05 3.55147 2.15046e-05 1.02397e-05 2.60767
387 3.65041e-05 1.73643e-05 3.34094 2.08854e-05 1.0155e-05 2.52781
388 3.44395e-05 1.80862e-05 3.42059 2.1691e-05 1.00832e-05 2.57138
389 3.58027e-05 1.81371e-05 3.50113 2.1274e-05 1.01257e-05 2.54694
390 3.60442e-05 1.87446e-05 3.65499 2.19878e-05 1.05975e-05 2.66979
391 3.51099e-05 1.86046e-05 3.5823 2.17716e-05 1.04575e-05 2.65099
392 3.60111e-05 1.81651e-05 3.41631 2.12456e-05 1.02954e-05 2.56112
393 3.59228e-05 1.84036e-05 3.5716 2.13843e-05 1.01168e-05 2.56256
394 3.48829e-05 1.8446e-05 3.51873 2.19672e-05 1.01338e-05 2.60128
395 3.60785e-05 1.80654e-05 3.51809 2.11077e-05 1.00487e-05 2.52212
396 3.57785e-05 1.77233e-05 3.48538 2.0973e-05 1.00527e-05 2.53235
397 3.49904e-05 1.78051e-05 3.40336 2.11284e-05 1.03247e-05 2.58861
398 3.68045e-05 1.7575e-05 3.42912 2.04005e-05 1.03461e-05 2.53909
399 3.53843e-05 1.83353e-05 3.54025 2.13644e-05 1.03841e-05 2.58849
400 3.51856e-05 1.90894e-05 3.51602 2.08117e-05 1.05857e-05 2.6153
401 3.55365e-05 1.81653e-05 3.43126 2.13138e-05 1.01009e-05 2.55074
402 3.60981e-05 1.8416e-05 3.54338 2.11281e-05 1.01634e-05 2.55281
403 3.48184e-05 1.85447e-05 3.46398 2.21459e-05 1.03865e-05 2.65481
404 3.6442e-05 1.84021e-05 3.65092 2.08655e-05 1.00443e-05 2.52486
405 3.61188e-05 1.7878e-05 3.44357 2.03855e-05 1.0304e-05 2.54053
406 3.64355e-05 1.77047e-05 3.4763 2.08577e-05 1.02189e-05 2.54888
407 3.58649e-05 1.83558e-05 3.49037 2.13407e-05 1.02381e-05 2.5693
408 3.63533e-05 1.8244e-05 3.52944 2.08813e-05 1.03679e-05 2.56176
409 3.51827e-05 1.80069e-05 3.44453 2.13252e-05 1.0061e-05 2.54628
410 3.52703e-05 1.97208e-05 3.75396 2.15535e-05 1.04165e-05 2.61629
411 3.66273e-05 1.73831e-05 3.45408 2.08558e-05 9.90957e-06 2.49174
412 3.59056e-05 1.90859e-05 3.55682 2.08008e-05 1.02021e-05 2.54028
413 3.56025e-05 1.81814e-05 3.41322 2.04826e-05 1.0221e-05 2.52214
414 3.6384e-05 1.85226e-05 3.43574 2.06772e-05 1.015e-05 2.52561
415 3.58084e-05 1.80256e-05 3.48875 2.11467e-05 9.97205e-06 2.52937
416 3.53002e-05 1.84829e-05 3.4762 2.13435e-05 1.06081e-05 2.64056
417 3.52837e-05 1.78263e-05 3.44902 2.12295e-05 9.96032e-06 2.5442
418 3.60341e-05 1.76918e-05 3.37413 2.05823e-05 1.00225e-05 2.51646
419 3.50066e-05 1.81495e-05 3.38299 2.08499e-05 1.00936e-05 2.53174
420 3.57556e-05 1.83992e-05 3.48209 2.07472e-05 1.00767e-05 2.52657
421 3.58729e-05 1.7401e-05 3.42643 2.10326e-05 1.00443e-05 2.52814
422 3.66918e-05 1.75417e-05 3.34983 2.01681e-05 9.99568e-06 2.45689
423 3.46834e-05 1.7324e-05 3.25779 2.13237e-05 9.99913e-06 2.53335
424 3.65443e-05 1.75038e-05 3.36503 2.04608e-05 9.82632e-06 2.43411
425 3.54268e-05 1.77376e-05 3.46035 2.12673e-05 1.03647e-05 2.61735
426 3.58765e-05 1.77118e-05 3.44213 2.06822e-05 1.01781e-05 2.53444
427 3.41757e-05 1.85882e-05 3.47215 2.12034e-05 1.03424e-05 2.60017
428 3.491e-05 1.83275e-05 3.47435 2.12979e-05 1.02125e-05 2.56948
429 3.5622e-05 1.80522e-05 3.36904 2.12874e-05 1.0459e-05 2.59598
430 3.50602e-05 1.84086e-05 3.50288 2.05265e-05 9.99941e-06 2.49733
431 3.52644e-05 1.79824e-05 3.3675 2.12019e-05 1.03213e-05 2.60625
432 3.45862e-05 1.78593e-05 3.39364 2.13538e-05 9.99682e-06 2.53411
433 3.50304e-05 1.67998e-05 3.31924 2.11301e-05 1.0099e-05 2.56105
434 3.60737e-05 1.79845e-05 3.39901 2.08613e-05 1.03028e-05 2.58768
435 3.55608e-05 1.77571e-05 3.40799 2.05489e-05 1.01181e-05 2.53272
436 3.55984e-05 1.74781e-05 3.32824 2.07053e-05 9.80297e-06 2.45413
437 3.51849e-05 1.84759e-05 3.54376 2.10864e-05 1.04324e-05 2.60976
438 3.51007e-05 1.83488e-05 3.41869 2.11009e-05 1.00859e-05 2.54807
439 3.56847e-05 1.84194e-05 3.52318 2.10654e-05 1.03178e-05 2.59655
440 3.66793e-05 1.82208e-05 3.51203 2.06364e-05 1.00304e-05 2.5274
441 3.58227e-05 1.76622e-05 3.41131 2.08668e-05 9.75777e-06 2.4903
442 3.53327e-05 1.77979e-05 3.31835 2.06932e-05 9.90768e-06 2.5127
443 3.54321e-05 1.82213e-05 3.41293 2.11471e-05 1.00258e-05 2.5614
444 3.48895e-05 1.87577e-05 3.47523 2.13421e-05 1.03375e-05 2.62102
445 3.66529e-05 1.70176e-05 3.38716 2.03292e-05 9.81943e-06 2.46771
446 3.52606e-05 1.74193e-05 3.31526 2.11033e-05 9.78079e-06 2.50297
447 3.50545e-05 1.72838e-05 3.28359 2.07454e-05 1.00297e-05 2.53719
448 3.49987e-05 1.71235e-05 3.28895 2.10395e-05 9.91866e-06 2.52261
449 3.54035e-05 1.75821e-05 3.36243 2.08798e-05 1.03255e-05 2.59558
450 3.6607e-05 1.75436e-05 3.35288 1.98286e-05 9.94105e-06 2.44317
451 3.58862e-05 1.72523e-05 3.20596 2.064e-05 1.03138e-05 2.57905
452 3.53792e-05 1.75034e-05 3.39945 2.12667e-05 1.00243e-05 2.55095
453 3.63337e-05 1.77794e-05 3.33431 2.00032e-05 1.01591e-05 2.52988
454 3.47286e-05 1.90836e-05 3.45981 2.10221e-05 1.03429e-05 2.59545
455 3.57618e-05 1.76412e-05 3.27713 2.05837e-05 1.01201e-05 2.52022
456 3.57565e-05 1.70118e-05 3.32617 2.09385e-05 1.03131e-05 2.58989
457 3.53362e-05 1.76274e-05 3.27527 2.06993e-05 9.83507e-06 2.48392
458 3.57207e-05 1.8177e-05 3.3696 2.05059e-05 1.00882e-05 2.51552
459 3.45696e-05 1.79377e-05 3.36818 2.13931e-05 1.02798e-05 2.61345
460 3.55315e-05 1.71216e-05 3.17745 2.02768e-05 1.02765e-05 2.55098
461 3.49071e-05 1.75876e-05 3.33263 2.17433e-05 1.02827e-05 2.63525
462 3.62762e-05 1.77884e-05 3.33571 2.01224e-05 9.91929e-06 2.47327
463 3.5141e-05 1.81288e-05 3.35227 2.08272e-05 1.033e-05 2.58891
464 3.53503e-05 1.73401e-05 3.24912 2.1099e-05 1.02784e-05 2.5895
465 3.54094e-05 1.74887e-05 3.40828 2.06462e-05 9.881e-06 2.49036
466 3.51262e-05 1.70951e-05 3.23391 2.09675e-05 1.00421e-05 2.54949
467 3.48127e-05 1.8362e-05 3.41498 2.06941e-05 1.00652e-05 2.5448
468 3.57249e-05 1.73116e-05 3.28213 2.05344e-05 1.00129e-05 2.50763
469 3.53957e-05 1.76607e-05 3.38627 2.04006e-05 9.78812e-06 2.46173
470 3.52587e-05 1.80498e-05 3.41747 2.09194e-05 1.01229e-05 2.55883
471 3.52116e-05 1.74819e-05 3.23636 2.02888e-05 1.00065e-05 2.49716
472 3.55076e-05 1.73498e-05 3.29899 2.03304e-05 9.7719e-06 2.46192
473 3.49079e-05 1.73221e-05 3.26054 2.09495e-05 9.94744e-06 2.5235
474 3.50889e-05 1.68565e-05 3.15727 2.02546e-05 1.00852e-05 2.5242
475 3.51345e-05 1.69512e-05 3.26938 2.08182e-05 9.95376e-06 2.53724
476 3.50089e-05 1.74057e-05 3.17211 2.10799e-05 1.01247e-05 2.55504
477 3.56159e-05 1.6801e-05 3.19762 2.09993e-05 1.01915e-05 2.57629
478 3.47759e-05 1.82874e-05 3.30479 2.08249e-05 1.04191e-05 2.60801
479 3.53004e-05 1.78426e-05 3.45085 2.02935e-05 9.76503e-06 2.46317
480 3.53513e-05 1.69628e-05 3.26711 2.0553e-05 9.94359e-06 2.5011
481 3.46823e-05 1.78024e-05 3.27776 2.12406e-05 1.01293e-05 2.58567
482 3.49063e-05 1.7383e-05 3.21843 2.09032e-05 1.00197e-05 2.53114
483 3.50615e-05 1.76226e-05 3.2189 2.0472e-05 9.96563e-06 2.50538
484 3.4701e-05 1.83134e-05 3.35701 2.03048e-05 1.00626e-05 2.509
485 3.49715e-05 1.85109e-05 3.3419 2.07661e-05 9.97619e-06 2.51357
486 3.6272e-05 1.71235e-05 3.4056 1.97423e-05 9.91732e-06 2.43857
487 3.49773e-05 1.76435e-05 3.35139 2.06788e-05 1.01194e-05 2.54863
488 3.53156e-05 1.62253e-05 3.03812 2.04356e-05 1.00119e-05 2.50839
489 3.5008e-05 1.6543e-05 3.06524 2.01539e-05 1.00262e-05 2.48395
490 3.52403e-05 1.746e-05 3.32362 2.03544e-05 9.9014e-06 2.47866
491 3.48874e-05 1.75346e-05 3.20769 2.10724e-05 1.03888e-05 2.6094
492 3.46613e-05 1.76088e-05 3.26992 2.06722e-05 9.77504e-06 2.49892
493 3.48026e-05 1.74633e-05 3.32579 2.03985e-05 1.00291e-05 2.50094
494 3.50139e-05 1.73774e-05 3.27503 2.03453e-05 9.88509e-06 2.48644
495 3.52643e-05 1.7454e-05 3.25981 2.05002e-05 9.90271e-06 2.5004
496 3.57966e-05 1.78058e-05 3.3603 1.97649e-05 9.99731e-06 2.47418
497 3.44331e-05 1.76683e-05 3.24097 2.09547e-05 1.01793e-05 2.5828
498 3.54446e-05 1.68243e-05 3.15799 2.06085e-05 9.49181e-06 2.42992
499 3.44654e-05 1.89391e-05 3.40187 2.11391e-05 1.05624e-05 2.65932
500 3.59681e-05 1.71508e-05 3.21361 1.9721e-05 9.69788e-06 2.40499
501 3.53935e-05 1.7006e-05 3.24078 2.03253e-05 1.00057e-05 2.49214
502 3.50092e-05 1.76906e-05 3.27837 2.03036e-05 9.78399e-06 2.45429
503 3.53915e-05 1.76082e-05 3.21906 1.97896e-05 9.85738e-06 2.45448
504 3.56983e-05 1.735e-05 3.24045 1.99139e-05 9.94734e-06 2.47013
505 3.54778e-05 1.7151e-05 3.19786 2.0048e-05 9.64201e-06 2.42146
506 3.46314e-05 1.76302e-05 3.24118 2.10949e-05 1.04391e-05 2.61066
507 3.5345e-05 1.76059e-05 3.19013 1.99911e-05 9.88045e-06 2.44902
508 3.49985e-05 1.6935e-05 3.21074 2.0658e-05 1.00083e-05 2.52125
509 3.51457e-05 1.85856e-05 3.41388 2.05656e-05 1.01095e-05 2.55044
510 3.45289e-05 1.68755e-05 3.12026 2.03074e-05 9.77581e-06 2.46708
511 3.51983e-05 1.72009e-05 3.25566 2.08324e-05 9.81173e-06 2.48189
512 3.52214e-05 1.65359e-05 3.15638 2.07698e-05 1.00927e-05 2.56321
513 3.51238e-05 1.69808e-05 3.20221 1.97392e-05 9.7423e-06 2.42886
514 3.39285e-05 1.69962e-05 3.1602 2.09429e-05 1.01976e-05 2.57175
515 3.47445e-05 1.84291e-05 3.38762 2.05999e-05 1.01555e-05 2.54774
516 3.5714e-05 1.79857e-05 3.2698 2.02945e-05 9.94832e-06 2.48488
517 3.48137e-05 1.76521e-05 3.30383 2.07202e-05 9.95035e-06 2.50478
518 3.51271e-05 1.74103e-05 3.22395 2.00675e-05 1.0085e-05 2.50358
519 3.47706e-05 1.67065e-05 3.1182 2.00249e-05 9.70913e-06 2.43886
520 3.49816e-05 1.72385e-05 3.13299 2.0463e-05 1.02422e-05 2.54531
521 3.57334e-05 1.73041e-05 3.11065 1.99637e-05 1.01317e-05 2.48889
522 3.4977e-05 1.66112e-05 3.09307 2.07776e-05 1.00337e-05 2.53829
523 3.50049e-05 1.73009e-05 3.23699 2.09139e-05 1.01276e-05 2.58355
524 3.55316e-05 1.75183e-05 3.23024 2.01564e-05 9.86057e-06 2.47656
525 3.49866e-05 1.63586e-05 3.10183 2.03468e-05 9.7062e-06 2.452
526 3.54434e-05 1.60483e-05 3.11108 2.02797e-05 9.76701e-06 2.46383
527 3.5051e-05 1.65633e-05 3.11337 2.05292e-05 9.64675e-06 2.46098
528 3.43983e-05 1.68614e-05 3.09299 2.05592e-05 9.6759e-06 2.4639
529 3.58208e-05 1.68618e-05 3.14666 1.98669e-05 9.97763e-06 2.47706
530 3.58556e-05 1.64544e-05 3.09984 1.98345e-05 9.94348e-06 2.47019
531 3.59351e-05 1.6667e-05 3.09795 1.93795e-05 9.59033e-06 2.37975
532 3.47227e-05 1.69399e-05 3.07538 2.01457e-05 9.75826e-06 2.43889
533 3.578e-05 1.74879e-05 3.20644 1.95233e-05 9.68985e-06 2.41206
534 3.56387e-05 1.6412e-05 3.07538 1.97246e-05 9.89099e-06 2.46785
535 3.38808e-05 1.69401e-05 2.9854 2.11158e-05 1.02607e-05 2.59713
536 3.44591e-05 1.6927e-05 3.22537 2.07617e-05 9.7764e-06 2.50605
537 3.50507e-05 1.68475e-05 3.17756 2.03008e-05 9.72483e-06 2.45305
538 3.51678e-05 1.60779e-05 3.1477 2.06672e-05 9.91941e-06 2.52476
539 3.5505e-05 1.69879e-05 3.27607 1.99049e-05 9.55894e-06 2.41321
540 3.50702e-05 1.70379e-05 3.18873 2.02962e-05 9.65567e-06 2.43084
541 3.47054e-05 1.68067e-05 3.09695 2.0781e-05 1.00006e-05 2.52151
542 3.45756e-05 1.6289e-05 3.02374 2.00195e-05 9.84942e-06 2.47319
543 3.44335e-05 1.68495e-05 3.12405 2.0526e-05 9.77702e-06 2.48627
544 3.50587e-05 1.69611e-05 3.00376 2.02499e-05 9.8018e-06 2.4695
545 3.36364e-05 1.67635e-05 3.07563 2.10697e-05 9.85378e-06 2.52577
546 3.47624e-05 1.66832e-05 3.06031 2.04563e-05 9.87311e-06 2.49251
547 3.46281e-05 1.74739e-05 3.12625 2.05311e-05 9.99761e-06 2.52254
548 3.58096e-05 1.72915e-05 3.15122 1.94829e-05 9.72033e-06 2.42064
549 3.60459e-05 1.64461e-05 3.12189 1.93399e-05 9.75172e-06 2.41812
550 3.53356e-05 1.83071e-05 3.29044 1.98979e-05 1.02169e-05 2.53169
551 3.53242e-05 1.73422e-05 3.17356 1.98569e-05 9.69125e-06 2.43719
552 3.52273e-05 1.66158e-05 3.04555 1.99501e-05 9.67655e-06 2.4408
553 3.49111e-05 1.63204e-05 3.06566 2.0285e-05 9.53489e-06 2.43673
554 3.48788e-05 1.73426e-05 3.20996 2.03527e-05 9.9562e-06 2.48265
555 3.50897e-05 1.69049e-05 3.10156 2.01867e-05 9.93697e-06 2.47005
556 3.50881e-05 1.68506e-05 3.10291 2.01021e-05 9.86491e-06 2.4729
557 3.50636e-05 1.61412e-05 3.03161 2.00952e-05 9.55929e-06 2.41112
558 3.5341e-05 1.71631e-05 3.25382 2.00529e-05 9.54062e-06 2.42811
559 3.49942e-05 1.68217e-05 3.04426 2.08375e-05 1.01978e-05 2.56217
560 3.55223e-05 1.62745e-05 3.13072 2.00488e-05 9.64158e-06 2.42364
561 3.54472e-05 1.76236e-05 3.17605 1.97349e-05 1.01488e-05 2.50893
562 3.33858e-05 1.68685e-05 3.10805 2.07101e-05 9.75453e-06 2.50784
563 3.53396e-05 1.63084e-05 3.01808 1.99474e-05 9.68609e-06 2.44223
564 3.38726e-05 1.65535e-05 2.90067 2.02711e-05 9.81064e-06 2.48014
565 3.38351e-05 1.6671e-05 3.05952 2.04035e-05 9.90513e-06 2.50141
566 3.57775e-05 1.65574e-05 3.0276 1.99986e-05 9.71692e-06 2.42588
567 3.52991e-05 1.69848e-05 3.17252 2.02805e-05 9.72479e-06 2.45538
568 3.46344e-05 1.74415e-05 3.08182 2.0204e-05 9.89166e-06 2.48002
569 3.4656e-05 1.75897e-05 3.11005 2.0544e-05 9.87602e-06 2.50305
570 3.46303e-05 1.6717e-05 3.00128 2.03099e-05 9.84112e-06 2.47998
571 3.56412e-05 1.60915e-05 3.04623 1.94871e-05 9.69865e-06 2.41907
572 3.50307e-05 1.79877e-05 3.18414 2.02795e-05 1.0059e-05 2.50855
573 3.48681e-05 1.66693e-05 3.08644 2.01496e-05 9.79179e-06 2.47488
574 3.4633e-05 1.64858e-05 2.9964 2.0222e-05 9.4153e-06 2.4124
575 3.4738e-05 1.63105e-05 3.04293 2.0403e-05 9.47979e-06 2.43147
576 3.56409e-05 1.59604e-05 3.03532 1.98605e-05 9.64909e-06 2.42138
577 3.46326e-05 1.65886e-05 3.0447 2.04161e-05 9.90706e-06 2.505
578 3.45775e-05 1.71543e-05 3.08534 2.04368e-05 1.00644e-05 2.51651
579 3.42091e-05 1.77295e-05 3.30783 2.07861e-05 9.78575e-06 2.48994
580 3.54357e-05 1.72267e-05 3.09519 1.99794e-05 9.84903e-06 2.46467
581 3.52623e-05 1.68872e-05 3.09328 2.00527e-05 9.6411e-06 2.41889
582 3.45284e-05 1.68751e-05 3.03154 2.0328e-05 1.00486e-05 2.52163
583 3.49635e-05 1.65172e-05 3.07074 1.99164e-05 9.63006e-06 2.42837
584 3.39748e-05 1.75392e-05 3.11496 2.0598e-05 1.00103e-05 2.52219
585 3.54239e-05 1.73056e-05 3.1013 1.99131e-05 1.00351e-05 2.49583
586 3.49291e-05 1.63055e-05 3.02102 2.01774e-05 9.49403e-06 2.41874
587 3.50648e-05 1.68425e-05 3.13295 2.00515e-05 9.65112e-06 2.44484
588 3.47627e-05 1.69424e-05 3.03841 2.06001e-05 9.79492e-06 2.51068
589 3.57509e-05 1.61473e-05 2.93026 1.96657e-05 9.96454e-06 2.46925
590 3.54665e-05 1.55729e-05 2.88872 1.93137e-05 9.58762e-06 2.39932
591 3.50827e-05 1.67534e-05 3.03741 1.95031e-05 9.78811e-06 2.44983
592 3.37924e-05 1.73772e-05 3.10481 2.05682e-05 1.01339e-05 2.53366
593 3.47911e-05 1.60659e-05 3.0226 2.04794e-05 9.84511e-06 2.49405
594 3.41969e-05 1.75169e-05 3.13359 2.08176e-05 9.85335e-06 2.51593
595 3.38727e-05 1.65339e-05 2.9273 2.04647e-05 9.86702e-06 2.50103
596 3.51855e-05 1.64946e-05 3.03986 2.00103e-05 9.56039e-06 2.4072
597 3.42804e-05 1.74206e-05 3.09543 2.01911e-05 9.70168e-06 2.45258
598 3.4849e-05 1.62192e-05 2.90665 1.98924e-05 9.78473e-06 2.44724
599 3.46952e-05 1.68782e-05 2.98523 1.98712e-05 9.718e-06 2.45193
600 3.46147e-05 1.61049e-05 2.96286 2.01089e-05 9.90174e-06 2.48727
601 3.50059e-05 1.63073e-05 2.98002 2.00704e-05 9.85809e-06 2.46886
602 3.52351e-05 1.61337e-05 2.9316 1.96876e-05 9.85317e-06 2.46696
603 3.50152e-05 1.73709e-05 3.09303 2.00633e-05 9.68014e-06 2.44359
604 3.50334e-05 1.58939e-05 2.86678 1.97674e-05 9.56732e-06 2.40859
605 3.45002e-05 1.67328e-05 3.01786 2.00721e-05 9.74441e-06 2.4625
606 3.39944e-05 1.6984e-05 2.89964 2.04231e-05 9.93266e-06 2.51454
607 3.5004e-05 1.58153e-05 2.97297 2.02486e-05 9.80077e-06 2.47424
608 3.54994e-05 1.64536e-05 2.97583 1.99109e-05 9.76374e-06 2.43943
609 3.465e-05 1.68064e-05 2.99113 2.00395e-05 9.86699e-06 2.46473
610 3.50963e-05 1.58959e-05 2.90528 2.02431e-05 9.75689e-06 2.47888
611 3.55443e-05 1.65418e-05 2.98561 1.94315e-05 9.8111e-06 2.44413
612 3.46722e-05 1.67283e-05 2.9445 1.96642e-05 9.73323e-06 2.4324
613 3.46084e-05 1.71677e-05 2.96524 1.97035e-05 9.6526e-06 2.4132
614 3.41819e-05 1.63263e-05 2.93653 2.0674e-05 9.81004e-06 2.50461
615 3.53932e-05 1.64617e-05 3.04158 1.98057e-05 9.54889e-06 2.40542
616 3.44517e-05 1.58087e-05 2.94236 2.0213e-05 9.57814e-06 2.43731
617 3.56974e-05 1.66834e-05 3.01104 1.93361e-05 9.56456e-06 2.38899
618 3.42692e-05 1.63869e-05 2.9069 2.02599e-05 9.57762e-06 2.44943
619 3.47506e-05 1.60182e-05 2.91509 1.99022e-05 9.6615e-06 2.41118
620 3.44773e-05 1.63207e-05 2.96718 2.05146e-05 9.69318e-06 2.47632
621 3.46354e-05 1.65278e-05 3.00063 2.00686e-05 9.84238e-06 2.46912
622 3.44426e-05 1.59668e-05 2.8768 2.01716e-05 9.66425e-06 2.44663
623 3.42647e-05 1.63642e-05 2.924 2.02918e-05 9.76096e-06 2.46442
624 3.5748e-05 1.61036e-05 3.05597 1.99682e-05 9.7433e-06 2.45297
625 3.48236e-05 1.59836e-05 2.99404 1.98707e-05 9.81603e-06 2.47923
626 3.57063e-05 1.61681e-05 2.93404 1.90552e-05 9.5743e-06 2.36887
627 3.5185e-05 1.64571e-05 2.97519 1.98042e-05 9.64806e-06 2.431
628 3.44898e-05 1.7426e-05 3.09621 1.98515e-05 9.85899e-06 2.48757
629 3.46215e-05 1.56093e-05 2.84766 1.95799e-05 9.38871e-06 2.38075
630 3.39387e-05 1.64914e-05 2.89196 2.02434e-05 9.45613e-06 2.42341
631 3.50957e-05 1.64785e-05 2.90782 1.98256e-05 1.00232e-05 2.49987
632 3.47627e-05 1.60778e-05 2.8729 2.01267e-05 9.71281e-06 2.45132
633 3.43322e-05 1.66627e-05 2.96513 2.02148e-05 9.83399e-06 2.48149
634 3.40067e-05 1.67059e-05 2.88027 2.05544e-05 9.82248e-06 2.50951
635 3.48102e-05 1.70625e-05 2.99665 1.95871e-05 9.57938e-06 2.40426
636 3.44327e-05 1.65897e-05 3.02328 2.03575e-05 9.55613e-06 2.43939
637 3.42833e-05 1.69593e-05 2.99831 1.98411e-05 9.65403e-06 2.44274
638 3.46935e-05 1.66756e-05 2.86493 2.02578e-05 9.97472e-06 2.49763
639 3.33626e-05 1.63705e-05 2.87711 2.09326e-05 9.88379e-06 2.51712
640 3.54173e-05 1.59527e-05 2.95088 1.95324e-05 9.66695e-06 2.41729
641 3.52512e-05 1.65815e-05 2.96976 1.90157e-05 9.72634e-06 2.39055
642 3.57976e-05 1.57905e-05 2.97573 1.97092e-05 9.66171e-06 2.40576
643 3.42949e-05 1.64623e-05 2.93791 2.0021e-05 9.68468e-06 2.44867
644 3.42784e-05 1.62101e-05 2.81668 2.04619e-05 1.00515e-05 2.52859
645 3.49302e-05 1.64124e-05 3.05147 1.96713e-05 9.40195e-06 2.38336
646 3.43731e-05 1.73337e-05 2.88383 2.02894e-05 9.99093e-06 2.51837
647 3.43376e-05 1.61924e-05 2.87456 1.96511e-05 9.63459e-06 2.42479
648 3.43278e-05 1.63535e-05 2.90085 2.01963e-05 9.58264e-06 2.44247
649 3.3429e-05 1.77809e-05 2.95347 2.06157e-05 1.00628e-05 2.55047
650 3.4632e-05 1.60383e-05 2.8922 1.99653e-05 9.50021e-06 2.41934
651 3.37457e-05 1.63057e-05 2.79586 2.03163e-05 1.00566e-05 2.5242
652 3.47982e-05 1.61731e-05 2.96334 1.96327e-05 9.41037e-06 2.38031
653 3.48021e-05 1.67086e-05 3.03781 2.01075e-05 9.74745e-06 2.46081
654 3.42478e-05 1.64018e-05 3.00008 2.00459e-05 9.62666e-06 2.43687
655 3.40346e-05 1.67651e-05 2.95558 2.02389e-05 9.81508e-06 2.48434
656 3.54039e-05 1.64078e-05 2.93357 1.95975e-05 9.6245e-06 2.39745
657 3.41815e-05 1.6905e-05 2.91839 2.02744e-05 9.74973e-06 2.47112
658 3.44053e-05 1.68287e-05 2.88104 1.98946e-05 1.00745e-05 2.50227
659 3.42775e-05 1.60437e-05 2.82275 2.03299e-05 9.96833e-06 2.51256
660 3.36343e-05 1.59307e-05 2.91347 2.03829e-05 9.6086e-06 2.45238
661 3.45131e-05 1.60452e-05 2.8364 2.00284e-05 9.72849e-06 2.46352
662 3.36183e-05 1.72688e-05 2.97954 2.0819e-05 9.94351e-06 2.54956
663 3.42703e-05 1.66369e-05 2.89916 2.00843e-05 9.8409e-06 2.47689
664 3.4548e-05 1.62592e-05 2.97178 1.98254e-05 9.71004e-06 2.44807
665 3.44211e-05 1.6386e-05 2.91183 1.97296e-05 9.71057e-06 2.45111
666 3.49528e-05 1.59354e-05 2.85913 1.95858e-05 9.61295e-06 2.41237
667 3.45988e-05 1.64695e-05 2.93356 2.00031e-05 9.80904e-06 2.48821
668 3.37696e-05 1.61036e-05 2.80789 1.9939e-05 9.61204e-06 2.44986
669 3.45316e-05 1.66254e-05 2.91433 1.94613e-05 9.69247e-06 2.41662
670 3.39363e-05 1.65002e-05 2.93269 2.00224e-05 9.65903e-06 2.43413
671 3.399e-05 1.67865e-05 2.9361 2.03728e-05 9.82721e-06 2.49578
672 3.38851e-05 1.69296e-05 2.99298 2.02557e-05 9.4774e-06 2.42625
673 3.43221e-05 1.64309e-05 2.98593 2.03044e-05 9.51083e-06 2.43743
674 3.39006e-05 1.60624e-05 2.88686 2.01353e-05 9.58853e-06 2.45256
675 3.47065e-05 1.56461e-05 2.80646 2.00292e-05 9.66865e-06 2.43964
676 3.50052e-05 1.51479e-05 2.86955 1.96263e-05 9.42122e-06 2.40222
677 3.44521e-05 1.64561e-05 2.88868 2.03147e-05 9.66641e-06 2.46263
678 3.41938e-05 1.69365e-05 2.92413 2.02415e-05 9.92606e-06 2.52619
679 3.42914e-05 1.62368e-05 2.85067 2.0017e-05 9.61448e-06 2.42544
680 3.48146e-05 1.58859e-05 2.78552 1.93272e-05 9.51728e-06 2.38564
681 3.47631e-05 1.66182e-05 2.74695 1.94707e-05 9.95177e-06 2.46924
682 3.47939e-05 1.62741e-05 2.93806 2.01816e-05 9.42186e-06 2.39921
683 3.44055e-05 1.56578e-05 2.75729 2.02647e-05 9.65661e-06 2.46412
684 3.51357e-05 1.65697e-05 2.92727 1.90907e-05 9.53407e-06 2.37049
685 3.4403e-05 1.74596e-05 2.94141 1.9565e-05 9.76976e-06 2.44112
686 3.4908e-05 1.5799e-05 2.82613 1.92234e-05 9.72961e-06 2.41507
687 3.43677e-05 1.69758e-05 2.99488 1.95772e-05 9.52518e-06 2.40649
688 3.42566e-05 1.59618e-05 2.81159 1.97544e-05 9.52847e-06 2.41191
689 3.48714e-05 1.50432e-05 2.79336 1.98582e-05 9.3808e-06 2.39192
690 3.47006e-05 1.60655e-05 2.87902 1.97206e-05 9.78453e-06 2.45233
691 3.37158e-05 1.65901e-05 2.85875 1.9701e-05 9.55833e-06 2.42979
692 3.5055e-05 1.57407e-05 2.80578 1.88624e-05 9.71957e-06 2.38658
693 3.36287e-05 1.69718e-05 2.78492 2.03286e-05 9.9396e-06 2.51328
694 3.47945e-05 1.63554e-05 2.89163 1.92967e-05 9.64191e-06 2.40381
695 3.42322e-05 1.62002e-05 2.92345 1.96591e-05 9.47486e-06 2.39381
696 3.40497e-05 1.62647e-05 2.78887 1.99631e-05 9.72962e-06 2.45438
697 3.44498e-05 1.59133e-05 2.78186 1.96751e-05 9.78342e-06 2.45522
698 3.48491e-05 1.66354e-05 2.93406 1.95949e-05 9.61699e-06 2.41746
699 3.40995e-05 1.61083e-05 2.77508 1.99792e-05 9.54876e-06 2.44212
700 3.42207e-05 1.63588e-05 2.86654 2.00728e-05 9.62141e-06 2.43621
701 3.43203e-05 1.60115e-05 2.80078 1.97475e-05 9.6907e-06 2.42834
702 3.41039e-05 1.61113e-05 2.83789 1.96561e-05 9.49756e-06 2.40921
703 3.40764e-05 1.60287e-05 2.8051 1.99325e-05 9.79933e-06 2.46489
704 3.41486e-05 1.58708e-05 2.76492 1.97943e-05 9.68701e-06 2.43196
705 3.47029e-05 1.59279e-05 2.83008 1.95577e-05 9.65907e-06 2.42669
706 3.48157e-05 1.58696e-05 2.8224 1.96566e-05 9.6531e-06 2.42419
707 3.42594e-05 1.4809e-05 2.70257 1.97522e-05 9.48633e-06 2.40827
708 3.36012e-05 1.62161e-05 2.87302 2.01697e-05 9.57333e-06 2.44427
709 3.42748e-05 1.52403e-05 2.75938 1.94965e-05 9.48269e-06 2.38582
710 3.4432e-05 1.63076e-05 2.80288 2.00669e-05 9.76035e-06 2.46384
711 3.42112e-05 1.57752e-05 2.74053 1.96563e-05 9.47401e-06 2.39917
712 3.3302e-05 1.62727e-05 2.81129 2.06707e-05 9.52173e-06 2.46358
713 3.45355e-05 1.56736e-05 2.79654 1.98161e-05 9.53552e-06 2.42274
714 3.40024e-05 1.53716e-05 2.74649 2.008e-05 9.54481e-06 2.42938
715 3.46283e-05 1.67229e-05 2.96379 1.99043e-05 9.82321e-06 2.47475
716 3.48386e-05 1.58071e-05 2.87604 1.92076e-05 9.21293e-06 2.32462
717 3.5014e-05 1.52054e-05 2.76125 1.96108e-05 9.29326e-06 2.36569
718 3.43698e-05 1.64324e-05 2.85536 1.98871e-05 9.61467e-06 2.42636
719 3.49752e-05 1.53177e-05 2.81035 1.93882e-05 9.65103e-06 2.41037
720 3.5088e-05 1.49828e-05 2.83659 1.95086e-05 9.33581e-06 2.35543
721 3.47889e-05 1.58543e-05 2.86089 1.95603e-05 9.62384e-06 2.43507
722 3.47458e-05 1.64076e-05 2.77748 1.9596e-05 9.77534e-06 2.43871
723 3.36715e-05 1.68653e-05 2.89574 2.02379e-05 9.9231e-06 2.50174
724 3.451e-05 1.58841e-05 2.85767 1.96424e-05 9.43629e-06 2.39234
725 3.43456e-05 1.66303e-05 2.82908 1.95656e-05 9.67262e-06 2.42594
726 3.47074e-05 1.55575e-05 2.67332 1.97904e-05 9.81649e-06 2.45547
727 3.4605e-05 1.6003e-05 2.83548 1.97641e-05 9.42145e-06 2.39146
728 3.40508e-05 1.67049e-05 2.89003 2.01818e-05 9.66896e-06 2.46468
729 3.49459e-05 1.545e-05 2.71917 1.93867e-05 9.49433e-06 2.38366
730 3.48812e-05 1.55649e-05 2.68642 1.9125e-05 9.40569e-06 2.36384
731 3.43536e-05 1.57804e-05 2.78845 1.96058e-05 9.56306e-06 2.42182
732 3.43242e-05 1.5713e-05 2.73309 1.95654e-05 9.71861e-06 2.44224
733 3.37044e-05 1.63903e-05 2.79497 2.0214e-05 9.69041e-06 2.46341
734 3.41076e-05 1.60443e-05 2.77226 2.01692e-05 9.53828e-06 2.4497
735 3.3692e-05 1.66223e-05 2.80767 2.00485e-05 9.62583e-06 2.45399
736 3.47568e-05 1.6187e-05 2.82658 1.91351e-05 9.67994e-06 2.40959
737 3.41586e-05 1.69106e-05 2.99183 1.99655e-05 9.64573e-06 2.44375
738 3.45548e-05 1.46193e-05 2.76726 1.98569e-05 9.17622e-06 2.3512
739 3.48529e-05 1.58068e-05 2.75817 1.91798e-05 9.35092e-06 2.34302
740 3.4034e-05 1.59462e-05 2.77041 1.98854e-05 9.73082e-06 2.44538
741 3.41758e-05 1.57076e-05 2.69242 2.01205e-05 9.7938e-06 2.46703
742 3.33736e-05 1.67411e-05 2.87577 1.99395e-05 9.5261e-06 2.42273
743 3.37738e-05 1.61138e-05 2.71005 1.9784e-05 9.72611e-06 2.44811
744 3.45974e-05 1.55309e-05 2.72138 1.92353e-05 9.4882e-06 2.37876
745 3.37465e-05 1.61184e-05 2.72614 1.99533e-05 9.78114e-06 2.46539
746 3.52386e-05 1.53356e-05 2.77074 1.89198e-05 9.43372e-06 2.36024
747 3.42189e-05 1.62961e-05 2.82196 1.98143e-05 9.7318e-06 2.45161
748 3.39943e-05 1.57107e-05 2.78216 1.99463e-05 9.52713e-06 2.42224
749 3.55524e-05 1.59583e-05 2.70482 1.88336e-05 9.52815e-06 2.35771
750 3.36762e-05 1.62767e-05 2.89138 2.04301e-05 9.73788e-06 2.48377
751 3.37149e-05 1.59888e-05 2.7864 2.0607e-05 9.89001e-06 2.52347
752 3.41327e-05 1.60468e-05 2.81523 1.97421e-05 9.74912e-06 2.44961
753 3.43499e-05 1.63222e-05 2.78114 1.95344e-05 9.71647e-06 2.43862
754 3.38808e-05 1.60388e-05 2.81633 1.9957e-05 9.61839e-06 2.43698
755 3.43818e-05 1.6208e-05 2.87091 1.94653e-05 9.70012e-06 2.43079
756 3.47737e-05 1.51847e-05 2.54677 1.92673e-05 9.49509e-06 2.38998
757 3.33307e-05 1.65108e-05 2.81408 2.07821e-05 9.78114e-06 2.50968
758 3.43103e-05 1.49615e-05 2.68669 1.9282e-05 9.36091e-06 2.36665
759 3.42191e-05 1.62892e-05 2.73876 1.99248e-05 9.62628e-06 2.43756
760 3.42833e-05 1.55928e-05 2.71464 1.95566e-05 9.51257e-06 2.39577
761 3.34323e-05 1.62924e-05 2.8526 2.01837e-05 9.46097e-06 2.42482
762 3.44063e-05 1.64854e-05 2.70588 1.9797e-05 9.78146e-06 2.4654
763 3.34796e-05 1.68796e-05 2.76697 2.03986e-05 9.76852e-06 2.48931
764 3.40983e-05 1.63038e-05 2.83825 2.00681e-05 9.93362e-06 2.49707
765 3.48136e-05 1.61739e-05 2.71545 1.95125e-05 9.85976e-06 2.46107
766 3.37958e-05 1.70857e-05 2.8586 1.97307e-05 9.5175e-06 2.40863
767 3.40706e-05 1.56865e-05 2.74416 2.01287e-05 9.64308e-06 2.46367
768 3.4317e-05 1.59048e-05 2.73983 1.9667e-05 9.61511e-06 2.42057
769 3.38482e-05 1.56517e-05 2.68401 1.97599e-05 9.70807e-06 2.45049
770 3.41184e-05 1.58389e-05 2.71272 1.97585e-05 9.73764e-06 2.44911
771 3.43443e-05 1.54124e-05 2.63682 1.9554e-05 9.65847e-06 2.43315
772 3.50213e-05 1.54114e-05 2.68776 1.90227e-05 9.55885e-06 2.37369
773 3.41911e-05 1.59602e-05 2.66236 2.00478e-05 9.63723e-06 2.44164
774 3.38263e-05 1.56315e-05 2.66687 1.99961e-05 9.82968e-06 2.47987
775 3.44772e-05 1.64904e-05 2.8373 1.93684e-05 9.71672e-06 2.42701
776 3.45054e-05 1.50783e-05 2.68276 1.9948e-05 9.45957e-06 2.41344
777 3.48158e-05 1.63001e-05 2.79891 1.94151e-05 9.52291e-06 2.39574
778 3.42162e-05 1.55914e-05 2.68152 1.92981e-05 9.6658e-06 2.40807
779 3.39669e-05 1.71445e-05 2.80298 1.99488e-05 9.93981e-06 2.50124
780 3.44653e-05 1.56661e-05 2.64968 1.94403e-05 9.5893e-06 2.40658
781 3.40984e-05 1.59949e-05 2.64046 1.94107e-05 9.55185e-06 2.40245
782 3.40197e-05 1.60672e-05 2.80279 2.00172e-05 9.67172e-06 2.45723
783 3.43428e-05 1.59311e-05 2.63674 1.94256e-05 9.66596e-06 2.43269
784 3.37087e-05 1.50848e-05 2.58729 1.97072e-05 9.63383e-06 2.43889
785 3.37418e-05 1.57235e-05 2.75805 1.95674e-05 9.34782e-06 2.38242
786 3.38197e-05 1.50439e-05 2.64975 2.00976e-05 9.6872e-06 2.47322
787 3.47778e-05 1.5539e-05 2.7214 1.93907e-05 9.48379e-06 2.38064
788 3.38313e-05 1.61931e-05 2.71185 1.98479e-05 9.79757e-06 2.46755
789 3.34723e-05 1.61004e-05 2.72434 2.00456e-05 9.60152e-06 2.45934
790 3.40675e-05 1.5859e-05 2.73516 1.99145e-05 9.56153e-06 2.44217
791 3.3791e-05 1.52929e-05 2.76193 2.01106e-05 9.37136e-06 2.40225
792 3.42161e-05 1.61664e-05 2.71497 1.96942e-05 9.46018e-06 2.39788
793 3.54322e-05 1.49519e-05 2.69957 1.87768e-05 9.23189e-06 2.31392
794 3.44755e-05 1.60614e-05 2.81562 1.93964e-05 9.55999e-06 2.41327
795 3.45607e-05 1.59252e-05 2.65728 1.96161e-05 9.62716e-06 2.41975
796 3.40482e-05 1.57423e-05 2.61303 1.97459e-05 9.53172e-06 2.4063
797 3.43777e-05 1.52779e-05 2.65506 1.91049e-05 9.35717e-06 2.35031
798 3.43642e-05 1.52788e-05 2.6361 1.9605e-05 9.72106e-06 2.44521
799 3.43099e-05 1.69032e-05 2.72339 1.94401e-05 9.71462e-06 2.4285
800 3.39894e-05 1.58988e-05 2.77976 2.00336e-05 9.52743e-06 2.44366
801 3.46488e-05 1.52984e-05 2.62648 1.95631e-05 9.85982e-06 2.46319
802 3.2986e-05 1.55293e-05 2.57892 2.0378e-05 9.71398e-06 2.48263
803 3.48758e-05 1.57122e-05 2.65744 1.92832e-05 9.67166e-06 2.41233
804 3.41359e-05 1.55101e-05 2.68625 1.95953e-05 9.72111e-06 2.44387
805 3.29553e-05 1.57091e-05 2.58334 2.01623e-05 9.50206e-06 2.43853
806 3.41345e-05 1.5242e-05 2.73088 1.97109e-05 9.3973e-06 2.4032
807 3.40224e-05 1.57085e-05 2.63367 1.96493e-05 9.75622e-06 2.44374
808 3.44848e-05 1.48042e-05 2.65525 1.95511e-05 9.6122e-06 2.41604
809 3.46088e-05 1.5738e-05 2.75365 1.9437e-05 9.52463e-06 2.40416
810 3.48043e-05 1.51487e-05 2.70761 1.93113e-05 9.3534e-06 2.36876
811 3.41749e-05 1.60479e-05 2.73273 1.92619e-05 9.46229e-06 2.37813
812 3.39173e-05 1.62429e-05 2.75068 1.96376e-05 9.4149e-06 2.39526
813 3.42434e-05 1.50999e-05 2.57298 1.9533e-05 9.67062e-06 2.43942
814 3.39482e-05 1.5728e-05 2.7193 1.96227e-05 9.52499e-06 2.40888
815 3.35434e-05 1.5256e-05 2.57774 1.97453e-05 9.55257e-06 2.43122
816 3.40075e-05 1.54837e-05 2.61394 1.93742e-05 9.59111e-06 2.42105
817 3.41976e-05 1.55587e-05 2.60534 1.92227e-05 9.27031e-06 2.35444
818 3.41468e-05 1.60607e-05 2.65384 1.9661e-05 9.85821e-06 2.4745
819 3.35829e-05 1.48598e-05 2.56183 2.04845e-05 9.42757e-06 2.44458
820 3.37962e-05 1.66321e-05 2.77605 1.97624e-05 9.58106e-06 2.42709
821 3.46669e-05 1.59719e-05 2.71048 1.94816e-05 9.58785e-06 2.41177
822 3.39189e-05 1.57678e-05 2.55585 1.97689e-05 9.90661e-06 2.49056
823 3.44793e-05 1.45448e-05 2.56195 1.92559e-05 9.34862e-06 2.36242
824 3.42899e-05 1.57491e-05 2.77022 1.96296e-05 9.61166e-06 2.43049
825 3.39291e-05 1.53262e-05 2.63837 1.99422e-05 9.66323e-06 2.45569
826 3.42334e-05 1.62502e-05 2.76151 1.94092e-05 9.55585e-06 2.40954
827 3.42526e-05 1.54557e-05 2.63471 1.93914e-05 9.45515e-06 2.39158
828 3.47109e-05 1.52939e-05 2.68616 1.90745e-05 9.32572e-06 2.34548
829 3.38236e-05 1.58156e-05 2.65694 1.98747e-05 9.5022e-06 2.42356
830 3.42305e-05 1.55223e-05 2.60949 1.96075e-05 9.59709e-06 2.41894
831 3.40461e-05 1.44576e-05 2.52879 1.96529e-05 9.38197e-06 2.39193
832 3.47929e-05 1.59068e-05 2.72034 1.91258e-05 9.40947e-06 2.36703
833 3.42566e-05 1.53295e-05 2.60293 1.94631e-05 9.70941e-06 2.43217
834 3.4512e-05 1.59209e-05 2.67817 1.94035e-05 9.57779e-06 2.40027
835 3.42373e-05 1.59108e-05 2.71814 1.95524e-05 9.64052e-06 2.42891
836 3.4175e-05 1.56845e-05 2.67425 1.96822e-05 9.58518e-06 2.41995
837 3.44162e-05 1.53825e-05 2.65469 1.96295e-05 9.38798e-06 2.38298
838 3.45366e-05 1.62302e-05 2.68525 1.88179e-05 9.62828e-06 2.37376
839 3.42725e-05 1.55738e-05 2.68985 1.96379e-05 9.60116e-06 2.42797
840 3.48686e-05 1.56095e-05 2.66232 1.89212e-05 9.34022e-06 2.33027
841 3.37679e-05 1.58094e-05 2.65772 1.99661e-05 9.91031e-06 2.49284
842 3.42981e-05 1.5295e-05 2.59582 1.89914e-05 9.30125e-06 2.34472
843 3.35114e-05 1.61643e-05 2.74888 1.99261e-05 9.71534e-06 2.46003
844 3.38059e-05 1.50219e-05 2.53012 1.96014e-05 9.45745e-06 2.40289
845 3.36413e-05 1.57274e-05 2.56358 1.98404e-05 9.81371e-06 2.47532
846 3.35781e-05 1.59269e-05 2.64206 1.95784e-05 9.64866e-06 2.42886
847 3.41379e-05 1.51213e-05 2.63799 1.96743e-05 9.60253e-06 2.43185
848 3.43049e-05 1.49913e-05 2.60029 1.94357e-05 9.38973e-06 2.38325
849 3.41835e-05 1.57158e-05 2.6117 1.94771e-05 9.39694e-06 2.39792
850 3.42967e-05 1.51788e-05 2.67238 1.90032e-05 9.3094e-06 2.33672
851 3.38756e-05 1.57575e-05 2.60484 1.93215e-05 9.45179e-06 2.38148
852 3.35791e-05 1.52912e-05 2.57416 2.02263e-05 9.60407e-06 2.46778
853 3.38666e-05 1.55807e-05 2.57865 1.96869e-05 9.64975e-06 2.44715
854 3.30421e-05 1.6188e-05 2.76704 2.04773e-05 9.76017e-06 2.51311
855 3.48355e-05 1.56029e-05 2.63412 1.90437e-05 9.54289e-06 2.38892
856 3.39882e-05 1.50341e-05 2.64096 1.96241e-05 9.5851e-06 2.42442
857 3.36475e-05 1.5535e-05 2.58417 1.94638e-05 9.41931e-06 2.3977
858 3.39745e-05 1.53888e-05 2.54942 1.99634e-05 9.60476e-06 2.43648
859 3.41895e-05 1.52369e-05 2.62046 1.95718e-05 9.64472e-06 2.43114
860 3.32666e-05 1.6022e-05 2.58899 2.00867e-05 9.85887e-06 2.50019
861 3.3841e-05 1.43453e-05 2.53216 1.95616e-05 9.21237e-06 2.34819
862 3.38297e-05 1.48e-05 2.60949 1.99098e-05 9.32216e-06 2.39418
863 3.382e-05 1.56982e-05 2.59763 1.9595e-05 9.457e-06 2.414
864 3.47667e-05 1.49617e-05 2.55615 1.93522e-05 9.32107e-06 2.36866
865 3.4225e-05 1.51784e-05 2.62223 1.92809e-05 9.39419e-06 2.37601
866 3.42997e-05 1.60101e-05 2.62971 1.91269e-05 9.37361e-06 2.35796
867 3.30632e-05 1.57903e-05 2.70165 1.97998e-05 9.34289e-06 2.38492
868 3.35265e-05 1.4985e-05 2.55173 1.97675e-05 9.60901e-06 2.43329
869 3.39163e-05 1.57233e-05 2.6929 1.97433e-05 9.47491e-06 2.40299
870 3.33893e-05 1.61784e-05 2.70155 2.02761e-05 9.78405e-06 2.4997
871 3.36386e-05 1.61046e-05 2.69142 1.97626e-05 9.69216e-06 2.45326
872 3.40795e-05 1.53967e-05 2.56149 1.95835e-05 9.38324e-06 2.39205
873 3.45214e-05 1.53147e-05 2.63707 1.9316e-05 9.60258e-06 2.40053
874 3.4496e-05 1.52482e-05 2.67387 1.92195e-05 9.462e-06 2.37952
875 3.42904e-05 1.57508e-05 2.58043 1.95076e-05 9.59461e-06 2.41338
876 3.35369e-05 1.52611e-05 2.47677 1.99568e-05 9.61493e-06 2.45863
877 3.35514e-05 1.62921e-05 2.6983 1.98113e-05 9.77397e-06 2.46272
878 3.37076e-05 1.49415e-05 2.59597 1.94677e-05 9.33876e-06 2.38123
879 3.44612e-05 1.50184e-05 2.58004 1.88878e-05 9.25563e-06 2.32229
880 3.40318e-05 1.53656e-05 2.53816 1.94534e-05 9.47634e-06 2.39699
881 3.40716e-05 1.65371e-05 2.73238 1.92311e-05 9.85888e-06 2.44161
882 3.40978e-05 1.57386e-05 2.57692 1.89033e-05 9.29962e-06 2.32879
883 3.43372e-05 1.55978e-05 2.63729 1.95707e-05 9.44652e-06 2.39534
884 3.43866e-05 1.49994e-05 2.52736 1.92814e-05 9.57882e-06 2.40594
885 3.34634e-05 1.6098e-05 2.61125 1.99408e-05 9.66728e-06 2.45152
886 3.41674e-05 1.55345e-05 2.55574 1.92341e-05 9.63001e-06 2.41417
887 3.34977e-05 1.58587e-05 2.60668 1.99512e-05 9.58986e-06 2.44035
888 3.31473e-05 1.56664e-05 2.6224 1.98382e-05 9.41976e-06 2.41269
889 3.40999e-05 1.51188e-05 2.61815 1.98297e-05 9.30147e-06 2.38297
890 3.40942e-05 1.52699e-05 2.55115 1.91325e-05 9.40698e-06 2.36615
891 3.36559e-05 1.50366e-05 2.55328 1.969e-05 9.65942e-06 2.43749
892 3.35945e-05 1.55311e-05 2.53712 1.96168e-05 9.51483e-06 2.40282
893 3.43506e-05 1.48109e-05 2.60169 1.8998e-05 9.27329e-06 2.33604
894 3.45357e-05 1.57364e-05 2.566 1.8878e-05 9.43778e-06 2.35326
895 3.34941e-05 1.46574e-05 2.46367 1.96916e-05 9.34469e-06 2.39633
896 3.44947e-05 1.56573e-05 2.57304 1.87918e-05 9.54399e-06 2.37793
897 3.34796e-05 1.62109e-05 2.72624 1.99347e-05 9.4146e-06 2.41839
898 3.44409e-05 1.50361e-05 2.56358 1.92514e-05 9.45791e-06 2.38489
899 3.45331e-05 1.50789e-05 2.51491 1.92815e-05 9.45418e-06 2.37566
900 3.40054e-05 1.52705e-05 2.59528 1.97614e-05 9.49723e-06 2.41852
901 3.38952e-05 1.56759e-05 2.56881 1.949e-05 9.49542e-06 2.4087
902 3.40049e-05 1.51952e-05 2.53332 1.91347e-05 9.28605e-06 2.34701
903 3.39695e-05 1.58814e-05 2.65694 1.93121e-05 9.5409e-06 2.40308
904 3.38179e-05 1.5551e-05 2.63029 1.95029e-05 9.36314e-06 2.38898
905 3.41689e-05 1.55769e-05 2.61901 1.9131e-05 9.47376e-06 2.38636
906 3.37023e-05 1.50279e-05 2.47698 1.97103e-05 9.66926e-06 2.446
907 3.4539e-05 1.52528e-05 2.50167 1.90769e-05 9.5188e-06 2.38263
908 3.39617e-05 1.54641e-05 2.61186 1.97548e-05 9.53167e-06 2.4205
909 3.46813e-05 1.50024e-05 2.58902 1.87634e-05 9.26502e-06 2.32075
910 3.37441e-05 1.51094e-05 2.48688 1.9625e-05 9.69324e-06 2.44572
911 3.45287e-05 1.53098e-05 2.54202 1.94052e-05 9.52508e-06 2.40448
912 3.47242e-05 1.54228e-05 2.55457 1.87794e-05 9.5169e-06 2.35553
913 3.43349e-05 1.55905e-05 2.66548 1.90677e-05 9.55037e-06 2.38303
914 3.43462e-05 1.4997e-05 2.55206 1.9424e-05 9.48285e-06 2.38844
915 3.39028e-05 1.52834e-05 2.667 1.95552e-05 9.41641e-06 2.39408
916 3.39211e-05 1.49682e-05 2.56304 1.937e-05 9.38622e-06 2.37667
917 3.45296e-05 1.40809e-05 2.46463 1.89689e-05 9.1839e-06 2.32499
918 3.33153e-05 1.52074e-05 2.46861 2.007e-05 9.50766e-06 2.43286
919 3.42998e-05 1.48082e-05 2.51786 1.92277e-05 9.54104e-06 2.38402
920 3.36351e-05 1.50732e-05 2.45399 1.95575e-05 9.53432e-06 2.41125
921 3.41906e-05 1.52116e-05 2.53848 1.91109e-05 9.34857e-06 2.35236
922 3.44661e-05 1.47635e-05 2.55234 1.89911e-05 9.45777e-06 2.37091
923 3.39416e-05 1.52042e-05 2.54223 1.97136e-05 9.6787e-06 2.45083
924 3.37374e-05 1.56816e-05 2.65345 1.92381e-05 9.53094e-06 2.39997
925 3.39899e-05 1.58545e-05 2.53442 1.95184e-05 9.59789e-06 2.41822
926 3.46218e-05 1.45474e-05 2.47497 1.87105e-05 8.95893e-06 2.26975
927 3.41216e-05 1.51118e-05 2.56068 1.94439e-05 9.58863e-06 2.41705
928 3.37773e-05 1.55951e-05 2.50946 1.9507e-05 9.69384e-06 2.42675
929 3.31106e-05 1.56623e-05 2.55711 1.9842e-05 9.69449e-06 2.45892
930 3.43896e-05 1.56156e-05 2.59927 1.90683e-05 9.42805e-06 2.36865
931 3.29339e-05 1.54291e-05 2.58146 2.00849e-05 9.46183e-06 2.43206
932 3.48922e-05 1.51215e-05 2.58146 1.8753e-05 9.23176e-06 2.31516
933 3.39422e-05 1.54765e-05 2.64526 1.94796e-05 9.38708e-06 2.3861
934 3.46025e-05 1.50528e-05 2.53217 1.91431e-05 9.48679e-06 2.3822
935 3.42965e-05 1.52746e-05 2.57464 1.92061e-05 9.29287e-06 2.351
936 3.41161e-05 1.52044e-05 2.55471 1.95549e-05 9.49516e-06 2.40065
937 3.37906e-05 1.61007e-05 2.56555 1.93947e-05 9.61296e-06 2.41394
938 3.41872e-05 1.49361e-05 2.44358 1.9181e-05 9.53503e-06 2.39767
939 3.40103e-05 1.5557e-05 2.53874 1.96308e-05 9.45066e-06 2.40031
940 3.30992e-05 1.56837e-05 2.51373 1.98967e-05 9.68686e-06 2.46367
941 3.41567e-05 1.56811e-05 2.50392 1.9261e-05 9.64729e-06 2.40991
942 3.39034e-05 1.47286e-05 2.62189 1.94965e-05 9.38538e-06 2.37895
943 3.34307e-05 1.55869e-05 2.56033 1.97473e-05 9.62198e-06 2.44
944 3.43763e-05 1.57419e-05 2.57559 1.89895e-05 9.66739e-06 2.40192
945 3.42945e-05 1.5252e-05 2.51962 1.93852e-05 9.45158e-06 2.39204
946 3.38256e-05 1.52465e-05 2.51851 1.95994e-05 9.40508e-06 2.38663
947 3.4716e-05 1.51421e-05 2.5121 1.89955e-05 9.34897e-06 2.35758
948 3.40617e-05 1.55026e-05 2.56157 1.98366e-05 9.71986e-06 2.45474
949 3.40229e-05 1.51669e-05 2.5064 1.95023e-05 9.60236e-06 2.41914
950 3.38559e-05 1.53135e-05 2.47631 1.96839e-05 9.61212e-06 2.43591
951 3.30443e-05 1.53934e-05 2.46747 1.98855e-05 9.53054e-06 2.42821
952 3.35192e-05 1.59326e-05 2.45913 2.01587e-05 9.78058e-06 2.48804
953 3.43438e-05 1.47769e-05 2.52518 1.92702e-05 9.28573e-06 2.35889
954 3.395e-05 1.50955e-05 2.48332 1.96178e-05 9.50971e-06 2.4118
955 3.38684e-05 1.55564e-05 2.518 1.91789e-05 9.37224e-06 2.36273
956 3.38849e-05 1.48422e-05 2.46756 1.9282e-05 9.36259e-06 2.37511
957 3.39064e-05 1.49337e-05 2.40393 1.94636e-05 9.42422e-06 2.38739
958 3.3432e-05 1.48929e-05 2.45436 1.99804e-05 9.42177e-06 2.41882
959 3.34224e-05 1.52238e-05 2.45804 1.97682e-05 9.49521e-06 2.41885
960 3.34235e-05 1.48116e-05 2.37625 1.96955e-05 9.40089e-06 2.39437
961 3.34266e-05 1.56532e-05 2.52663 1.97069e-05 9.77291e-06 2.46254
962 3.41038e-05 1.52176e-05 2.51498 1.91554e-05 9.6528e-06 2.41524
963 3.40956e-05 1.54532e-05 2.50182 1.92251e-05 9.33796e-06 2.34638
964 3.37749e-05 1.54746e-05 2.49521 1.90751e-05 9.47282e-06 2.36509
965 3.37759e-05 1.51034e-05 2.48011 1.9796e-05 9.32538e-06 2.38621
966 3.39108e-05 1.61793e-05 2.60673 1.91924e-05 9.62613e-06 2.41005
967 3.44109e-05 1.57207e-05 2.58199 1.94358e-05 9.55428e-06 2.39962
968 3.36887e-05 1.45005e-05 2.36778 1.95827e-05 9.58e-06 2.42421
969 3.47876e-05 1.49397e-05 2.4743 1.8805e-05 9.37481e-06 2.34215
970 3.35424e-05 1.48672e-05 2.55244 1.98551e-05 9.38736e-06 2.40961
971 3.34746e-05 1.55785e-05 2.60416 1.96496e-05 9.32256e-06 2.38777
972 3.38219e-05 1.56765e-05 2.50764 1.96244e-05 9.81261e-06 2.47566
973 3.34189e-05 1.62364e-05 2.5821 1.96054e-05 9.63642e-06 2.43864
974 3.4469e-05 1.44621e-05 2.43623 1.89346e-05 9.33686e-06 2.34726
975 3.37044e-05 1.47126e-05 2.52241 1.94287e-05 9.52999e-06 2.40863
976 3.40639e-05 1.56527e-05 2.45142 1.98253e-05 9.77381e-06 2.46866
977 3.3439e-05 1.50472e-05 2.48601 2.00794e-05 9.28869e-06 2.39132
978 3.38516e-05 1.44254e-05 2.42651 1.95574e-05 9.4243e-06 2.39933
979 3.32523e-05 1.52736e-05 2.48465 1.97224e-05 9.4014e-06 2.40484
980 3.36912e-05 1.54957e-05 2.51496 1.95488e-05 9.37651e-06 2.39269
981 3.39156e-05 1.47146e-05 2.43077 1.91806e-05 9.38354e-06 2.36534
982 3.38769e-05 1.46342e-05 2.46916 1.9528e-05 9.36491e-06 2.38717
983 3.42633e-05 1.5111e-05 2.47948 1.89609e-05 9.3637e-06 2.3565
984 3.36134e-05 1.46485e-05 2.39323 1.92866e-05 9.39225e-06 2.38369
985 3.37462e-05 1.521e-05 2.49376 1.9346e-05 9.47154e-06 2.38872
986 3.3597e-05 1.55454e-05 2.43371 1.97661e-05 9.57122e-06 2.42552
987 3.3011e-05 1.5698e-05 2.46035 1.9737e-05 9.6044e-06 2.43523
988 3.36942e-05 1.56992e-05 2.50164 1.90254e-05 9.46151e-06 2.37693
989 3.38921e-05 1.54777e-05 2.51557 1.92651e-05 9.51692e-06 2.39898
990 3.35155e-05 1.58003e-05 2.5934 1.93601e-05 9.64334e-06 2.42845
991 3.40038e-05 1.49887e-05 2.44951 1.92795e-05 9.27882e-06 2.35796
992 3.40214e-05 1.58865e-05 2.60706 1.95015e-05 9.53465e-06 2.40232
993 3.35428e-05 1.49427e-05 2.36652 1.96871e-05 9.75653e-06 2.46523
994 3.37157e-05 1.49579e-05 2.53568 1.94815e-05 9.34538e-06 2.3814
995 3.40155e-05 1.48025e-05 2.49605 1.94041e-05 9.41049e-06 2.38444
996 3.37752e-05 1.4933e-05 2.4426 1.96305e-05 9.62885e-06 2.43446
997 3.4392e-05 1.51183e-05 2.42951 1.9323e-05 9.40023e-06 2.37454
998 3.3784e-05 1.56096e-05 2.47643 1.9535e-05 9.57432e-06 2.42766
999 3.40864e-05 1.51553e-05 2.49536 1.95813e-05 9.55746e-06 2.41356
1000 3.37505e-05 1.46705e-05 2.43053 1.9124e-05 9.33639e-06 2.35645
