0 0 0
0 0.01 135.651
0 0.02 273.448
0 0.03 402.552
0 0.04 542.768
0 0.05 681.725
0 0.06 813.459
0 0.07 945.005
0 0.08 1080.14
0 0.09 1218.23
0 0.1 1353.65
0 0.2 2735.57
0 0.3 4080.21
0 0.4 5529.41
0 0.5 6885.99
0 0.6 8057.23
0 0.7 9644.45
0 0.8 10927.9
0 0.9 12127.7

0.1 0 62.7846
0.1 0.01 147.977
0.1 0.02 272.754
0.1 0.03 416.618
0.1 0.04 545.304
0.1 0.05 678.123
0.1 0.06 818.669
0.1 0.07 950.82
0.1 0.08 1084.47
0.1 0.09 1268.65
0.1 0.1 1355
0.1 0.2 2674.01
0.1 0.3 4039.1
0.1 0.4 5336.11
0.1 0.5 6800.41
0.1 0.6 8295.96
0.1 0.7 9508.08
0.1 0.8 10832.5
0.1 0.9 12192.3

0.2 0 127.433
0.2 0.01 185.1
0.2 0.02 300.311
0.2 0.03 427.486
0.2 0.04 562.701
0.2 0.05 697.56
0.2 0.06 854.684
0.2 0.07 974.103
0.2 0.08 1085.31
0.2 0.09 1259.05
0.2 0.1 1375.45
0.2 0.2 2749.85
0.2 0.3 4129.43
0.2 0.4 5541.48
0.2 0.5 6792.97
0.2 0.6 8351.14
0.2 0.7 9713.88
0.2 0.8 11066.8
0.2 0.9 12776.3

0.3 0 204.209
0.3 0.01 245.356
0.3 0.02 344.211
0.3 0.03 472.774
0.3 0.04 593.193
0.3 0.05 725.003
0.3 0.06 874.867
0.3 0.07 1006.05
0.3 0.08 1142.51
0.3 0.09 1283.26
0.3 0.1 1428.99
0.3 0.2 2762.55
0.3 0.3 4093.14
0.3 0.4 5606.5
0.3 0.5 7027.81
0.3 0.6 8521.1
0.3 0.7 9841.45
0.3 0.8 11294.2
0.3 0.9 12682.8

0.4 0 282.448
0.4 0.01 335.31
0.4 0.02 420.098
0.4 0.03 515.856
0.4 0.04 655.77
0.4 0.05 791.933
0.4 0.06 930.799
0.4 0.07 1064.18
0.4 0.08 1188.41
0.4 0.09 1340.82
0.4 0.1 1516.75
0.4 0.2 2882.95
0.4 0.3 4329.01
0.4 0.4 5735.13
0.4 0.5 7255.55
0.4 0.6 8556.54
0.4 0.7 10286.8
0.4 0.8 11626.1
0.4 0.9 12935.7

0.5 0 444.864
0.5 0.01 478.974
0.5 0.02 545.376
0.5 0.03 649.851
0.5 0.04 758.887
0.5 0.05 8890.82
0.5 0.06 1028.67
0.5 0.07 4460.76
0.5 0.08 1320.13
0.5 0.09 1427.37
0.5 0.1 19515.6
0.5 0.2 2982.55
0.5 0.3 4577.44
0.5 0.4 6343.8
0.5 0.5 7587.83
0.5 0.6 9097.02
0.5 0.7 10569.4
0.5 0.8 12285.8
0.5 0.9 13777.4

0.6 0 6103.73
0.6 0.01 905.318
0.6 0.02 1222.53
0.6 0.03 10787.1
0.6 0.04 1302.21
0.6 0.05 1278.35
0.6 0.06 1670.42
0.6 0.07 3108.37
0.6 0.08 39473
0.6 0.09 1704.93
0.6 0.1 5846.74
0.6 0.2 3412.61
0.6 0.3 196037
0.6 0.4 27886.6
0.6 0.5 8959.11
0.6 0.6 21638.5
0.6 0.7 15684.6
0.6 0.8 20130.4
0.6 0.9 54978.2

0.7 0 4434
0.7 0.01 6121.55
0.7 0.02 12702.1
0.7 0.03 12459.6
0.7 0.04 3807.44
0.7 0.05 7508.04
0.7 0.06 9624.48
0.7 0.07 4302.87
0.7 0.08 4162.59
0.7 0.09 3185.11
0.7 0.1 45455.4
0.7 0.2 27097.7
0.7 0.3 1.53337e+06
0.7 0.4 111265
0.7 0.5 27004.1
0.7 0.6 32674.5
0.7 0.7 80267.5
0.7 0.8 27030.2
0.7 0.9 132436

0.8 0 13942
0.8 0.01 12594.3
0.8 0.02 383620
0.8 0.03 32860.9
0.8 0.04 14957.5
0.8 0.05 10006.4
0.8 0.06 14321.7
0.8 0.07 10119.2
0.8 0.08 20994.2
0.8 0.09 46183.1
0.8 0.1 22536.1
0.8 0.2 17231.1
0.8 0.3 204976
0.8 0.4 106725
0.8 0.5 21099.7
0.8 0.6 67058.6
0.8 0.7 151971
0.8 0.8 140662
0.8 0.9 61666.7

0.9 0 13074.6
0.9 0.01 24230.1
0.9 0.02 139798
0.9 0.03 47136.8
0.9 0.04 100546
0.9 0.05 23792.7
0.9 0.06 146349
0.9 0.07 27218.1
0.9 0.08 24332.2
0.9 0.09 9441.18
0.9 0.1 357915
0.9 0.2 41308.5
0.9 0.3 49758.8
0.9 0.4 24053.7
0.9 0.5 1.0131e+06
0.9 0.6 78665.1
0.9 0.7 46736.8
0.9 0.8 136595
0.9 0.9 299140

1 0 18787.8
1 0.01 24368.4
1 0.02 27418.2
1 0.03 13298.8
1 0.04 14903.6
1 0.05 387443
1 0.06 16191.4
1 0.07 13911.5
1 0.08 31580.5
1 0.09 43477.2
1 0.1 56201
1 0.2 44008.8
1 0.3 71911
1 0.4 123323
1 0.5 88777.6
1 0.6 191351
1 0.7 745120
1 0.8 284142
1 0.9 458426

2 0 61628.5
2 0.01 107942
2 0.02 31300.1
2 0.03 3.63586e+06
2 0.04 134868
2 0.05 37753.7
2 0.06 122607
2 0.07 175991
2 0.08 87464.4
2 0.09 216833
2 0.1 27563.2
2 0.2 54236.5
2 0.3 357750
2 0.4 169296
2 0.5 597111
2 0.6 239976
2 0.7 117249
2 0.8 1.37905e+06
2 0.9 413393

3 0 44490.5
3 0.01 736561
3 0.02 127045
3 0.03 129145
3 0.04 84666.8
3 0.05 88868.6
3 0.06 348920
3 0.07 35086.4
3 0.08 56237.4
3 0.09 24174.7
3 0.1 42128
3 0.2 107563
3 0.3 73122.1
3 0.4 83059.5
3 0.5 133757
3 0.6 500751
3 0.7 220183
3 0.8 1.28447e+06
3 0.9 1.0374e+06

4 0 540294
4 0.01 2.0636e+06
4 0.02 289030
4 0.03 31046.2
4 0.04 27963.8
4 0.05 277032
4 0.06 19702.9
4 0.07 35517.8
4 0.08 100337
4 0.09 28034.7
4 0.1 219902
4 0.2 49115.4
4 0.3 164332
4 0.4 414714
4 0.5 166514
4 0.6 82570
4 0.7 1.00371e+06
4 0.8 456213
4 0.9 183230

5 0 26730.9
5 0.01 35200.7
5 0.02 116854
5 0.03 67126.5
5 0.04 31442.6
5 0.05 33420.6
5 0.06 171210
5 0.07 89211.7
5 0.08 40055.6
5 0.09 75703.9
5 0.1 212168
5 0.2 57396.7
5 0.3 601914
5 0.4 107952
5 0.5 306762
5 0.6 177941
5 0.7 278685
5 0.8 379384
5 0.9 486238

6 0 161712
6 0.01 204276
6 0.02 141056
6 0.03 194180
6 0.04 431705
6 0.05 51165.1
6 0.06 45504.7
6 0.07 46148.3
6 0.08 45030.4
6 0.09 1.42287e+06
6 0.1 59456.4
6 0.2 153167
6 0.3 285610
6 0.4 6.26501e+06
6 0.5 655772
6 0.6 145303
6 0.7 310146
6 0.8 451636
6 0.9 508553

7 0 53933.1
7 0.01 186351
7 0.02 66646.1
7 0.03 364026
7 0.04 109488
7 0.05 80906.2
7 0.06 78128.5
7 0.07 521708
7 0.08 355129
7 0.09 30598.5
7 0.1 631527
7 0.2 5.69105e+06
7 0.3 213714
7 0.4 714056
7 0.5 1.4277e+06
7 0.6 447894
7 0.7 359954
7 0.8 1.39784e+06
7 0.9 216745

8 0 61921.3
8 0.01 1.04462e+06
8 0.02 56487.4
8 0.03 200255
8 0.04 113124
8 0.05 67420.3
8 0.06 51627.6
8 0.07 72869
8 0.08 228777
8 0.09 48691.1
8 0.1 98694.5
8 0.2 2.1693e+06
8 0.3 1.75057e+06
8 0.4 332478
8 0.5 1.0332e+06
8 0.6 381682
8 0.7 991842
8 0.8 1.3326e+07
8 0.9 392246

9 0 1.43102e+06
9 0.01 877557
9 0.02 66682.7
9 0.03 67153.1
9 0.04 572380
9 0.05 597225
9 0.06 2.29232e+06
9 0.07 76505.4
9 0.08 65117.5
9 0.09 6.57575e+06
9 0.1 203773
9 0.2 608412
9 0.3 307171
9 0.4 449449
9 0.5 272708
9 0.6 273082
9 0.7 783904
9 0.8 964770
9 0.9 308097

