0 0 0.000503762
0 0.01 135.157
0 0.02 272.419
0 0.03 401.067
0 0.04 540.743
0 0.05 679.193
0 0.06 810.449
0 0.07 941.44
0 0.08 1076.27
0 0.09 1213.67
0 0.1 1348.71
0 0.2 2725.51
0 0.3 4065.17
0 0.4 5509.43
0 0.5 6860.36
0 0.6 8027.52
0 0.7 9608.96
0 0.8 10888.3
0 0.9 12082.8

0.1 0 62.5068
0.1 0.01 147.421
0.1 0.02 271.721
0.1 0.03 415.087
0.1 0.04 543.233
0.1 0.05 675.584
0.1 0.06 815.593
0.1 0.07 947.34
0.1 0.08 1080.38
0.1 0.09 1263.96
0.1 0.1 1349.96
0.1 0.2 2664.34
0.1 0.3 4024.73
0.1 0.4 5315.71
0.1 0.5 6775.18
0.1 0.6 8265.15
0.1 0.7 9471.64
0.1 0.8 10792.7
0.1 0.9 12147.3

0.2 0 126.864
0.2 0.01 184.354
0.2 0.02 299.179
0.2 0.03 425.858
0.2 0.04 560.538
0.2 0.05 695.013
0.2 0.06 851.42
0.2 0.07 970.329
0.2 0.08 1081.21
0.2 0.09 1254.35
0.2 0.1 1370.22
0.2 0.2 2740.15
0.2 0.3 4113.99
0.2 0.4 5520.58
0.2 0.5 6768.43
0.2 0.6 8319.98
0.2 0.7 9677.43
0.2 0.8 11024.9
0.2 0.9 12730.1

0.3 0 203.317
0.3 0.01 244.294
0.3 0.02 342.906
0.3 0.03 470.993
0.3 0.04 590.96
0.3 0.05 722.208
0.3 0.06 871.603
0.3 0.07 1002.29
0.3 0.08 1138.2
0.3 0.09 1278.41
0.3 0.1 1423.63
0.3 0.2 2751.88
0.3 0.3 4077.22
0.3 0.4 5585.09
0.3 0.5 7001
0.3 0.6 8489.47
0.3 0.7 9805.34
0.3 0.8 11251.6
0.3 0.9 12634.3

0.4 0 281.254
0.4 0.01 333.903
0.4 0.02 418.309
0.4 0.03 513.746
0.4 0.04 653.214
0.4 0.05 788.823
0.4 0.06 927.079
0.4 0.07 1060.15
0.4 0.08 1183.9
0.4 0.09 1335.5
0.4 0.1 1510.89
0.4 0.2 2871.46
0.4 0.3 4313.04
0.4 0.4 5713.57
0.4 0.5 7228.49
0.4 0.6 8524.66
0.4 0.7 10248.6
0.4 0.8 11582.9
0.4 0.9 12888.1

0.5 0 443.026
0.5 0.01 476.849
0.5 0.02 542.932
0.5 0.03 647.298
0.5 0.04 755.92
0.5 0.05 8827.83
0.5 0.06 1024.66
0.5 0.07 4440.51
0.5 0.08 1315.04
0.5 0.09 1421.9
0.5 0.1 19458
0.5 0.2 2971.22
0.5 0.3 4559.68
0.5 0.4 6318.57
0.5 0.5 7559.14
0.5 0.6 9062.74
0.5 0.7 10529.7
0.5 0.8 12238.9
0.5 0.9 13724

0.6 0 6079.16
0.6 0.01 900.311
0.6 0.02 1217.33
0.6 0.03 10760
0.6 0.04 1296.56
0.6 0.05 1273.28
0.6 0.06 1663.9
0.6 0.07 3092.14
0.6 0.08 39174.8
0.6 0.09 1697.23
0.6 0.1 5815.81
0.6 0.2 3398.92
0.6 0.3 195400
0.6 0.4 27835.1
0.6 0.5 8922.68
0.6 0.6 21551.8
0.6 0.7 15631
0.6 0.8 20067.4
0.6 0.9 54616.6

0.7 0 4424.06
0.7 0.01 6093.39
0.7 0.02 12657.6
0.7 0.03 12407.8
0.7 0.04 3797.56
0.7 0.05 7477
0.7 0.06 9546.34
0.7 0.07 4286.96
0.7 0.08 4137.15
0.7 0.09 3170.16
0.7 0.1 45212
0.7 0.2 26935.3
0.7 0.3 1.52547e+06
0.7 0.4 110971
0.7 0.5 26851.9
0.7 0.6 32694.3
0.7 0.7 79783.6
0.7 0.8 26909.1
0.7 0.9 131818

0.8 0 13837.7
0.8 0.01 12492.2
0.8 0.02 381610
0.8 0.03 32791.2
0.8 0.04 14908.5
0.8 0.05 9958.15
0.8 0.06 14233.5
0.8 0.07 10073.3
0.8 0.08 20981.9
0.8 0.09 45915
0.8 0.1 22447.8
0.8 0.2 17151.1
0.8 0.3 203903
0.8 0.4 106367
0.8 0.5 21031.1
0.8 0.6 66727.2
0.8 0.7 151616
0.8 0.8 139929
0.8 0.9 61263.9

0.9 0 12982.8
0.9 0.01 24113.6
0.9 0.02 139587
0.9 0.03 46988.1
0.9 0.04 99778.3
0.9 0.05 23676.2
0.9 0.06 146596
0.9 0.07 27128.2
0.9 0.08 24226.7
0.9 0.09 9402.44
0.9 0.1 356898
0.9 0.2 40954.7
0.9 0.3 49684.1
0.9 0.4 23965.3
0.9 0.5 1.01052e+06
0.9 0.6 78370.1
0.9 0.7 46536.9
0.9 0.8 136098
0.9 0.9 297212

1 0 18705.4
1 0.01 24272
1 0.02 27220.9
1 0.03 13227.6
1 0.04 14886.5
1 0.05 387401
1 0.06 16145.2
1 0.07 13868.8
1 0.08 31274.6
1 0.09 43288.6
1 0.1 55664.1
1 0.2 43838.5
1 0.3 71375.8
1 0.4 123560
1 0.5 88360.3
1 0.6 190435
1 0.7 737580
1 0.8 283921
1 0.9 455311

2 0 61484.4
2 0.01 106796
2 0.02 31232.7
2 0.03 3.60696e+06
2 0.04 134329
2 0.05 37418.4
2 0.06 121750
2 0.07 175595
2 0.08 87606.1
2 0.09 216338
2 0.1 27327.5
2 0.2 53795.5
2 0.3 355534
2 0.4 168966
2 0.5 590214
2 0.6 239101
2 0.7 117094
2 0.8 1.36579e+06
2 0.9 409491

3 0 44497.7
3 0.01 735099
3 0.02 129623
3 0.03 126580
3 0.04 84196.7
3 0.05 88298.4
3 0.06 344243
3 0.07 35041
3 0.08 56073.2
3 0.09 24143.3
3 0.1 41931.5
3 0.2 106649
3 0.3 73456.2
3 0.4 82734.1
3 0.5 132217
3 0.6 494922
3 0.7 220000
3 0.8 1.28495e+06
3 0.9 1.03854e+06

4 0 540967
4 0.01 2.03496e+06
4 0.02 282751
4 0.03 30589
4 0.04 28271.1
4 0.05 274928
4 0.06 19506.7
4 0.07 35271.5
4 0.08 100173
4 0.09 28038.3
4 0.1 219378
4 0.2 48892.8
4 0.3 157314
4 0.4 413945
4 0.5 166072
4 0.6 82628.2
4 0.7 1.00099e+06
4 0.8 456019
4 0.9 183317

5 0 26716
5 0.01 35376
5 0.02 119973
5 0.03 66685.9
5 0.04 31734.9
5 0.05 33159.8
5 0.06 174381
5 0.07 87843.6
5 0.08 39768.4
5 0.09 75282.5
5 0.1 208263
5 0.2 57132.6
5 0.3 599407
5 0.4 107905
5 0.5 305618
5 0.6 176113
5 0.7 278757
5 0.8 378359
5 0.9 482725

6 0 159569
6 0.01 205360
6 0.02 139514
6 0.03 198414
6 0.04 449299
6 0.05 50319.3
6 0.06 46177.6
6 0.07 46954.9
6 0.08 45130
6 0.09 1.46407e+06
6 0.1 60438.8
6 0.2 156818
6 0.3 283822
6 0.4 6.30068e+06
6 0.5 660892
6 0.6 144805
6 0.7 311059
6 0.8 451757
6 0.9 511810

7 0 55303.3
7 0.01 183750
7 0.02 65036.4
7 0.03 371845
7 0.04 110766
7 0.05 80609.8
7 0.06 79813.8
7 0.07 453539
7 0.08 369267
7 0.09 30479.1
7 0.1 623444
7 0.2 5.79394e+06
7 0.3 210865
7 0.4 714240
7 0.5 1.46549e+06
7 0.6 452904
7 0.7 358437
7 0.8 1.3835e+06
7 0.9 212058

8 0 64495
8 0.01 1.06038e+06
8 0.02 56525.7
8 0.03 203609
8 0.04 113398
8 0.05 67750.8
8 0.06 52892
8 0.07 72933.6
8 0.08 220744
8 0.09 49148.6
8 0.1 104446
8 0.2 2.26786e+06
8 0.3 1.7513e+06
8 0.4 337574
8 0.5 1.05217e+06
8 0.6 376286
8 0.7 996689
8 0.8 1.33295e+07
8 0.9 400358

9 0 1.3569e+06
9 0.01 845022
9 0.02 67958.1
9 0.03 65034.7
9 0.04 609474
9 0.05 590112
9 0.06 2.43939e+06
9 0.07 77116.6
9 0.08 64924.5
9 0.09 6.50998e+06
9 0.1 207901
9 0.2 613348
9 0.3 301894
9 0.4 429004
9 0.5 276798
9 0.6 275728
9 0.7 782454
9 0.8 970704
9 0.9 310096

