0 0 0
0 0.01 135.596
0 0.02 273.334
0 0.03 402.387
0 0.04 542.543
0 0.05 681.443
0 0.06 813.122
0 0.07 944.607
0 0.08 1079.71
0 0.09 1217.73
0 0.1 1353.1
0 0.2 2734.45
0 0.3 4078.53
0 0.4 5527.18
0 0.5 6883.14
0 0.6 8053.93
0 0.7 9640.5
0 0.8 10923.5
0 0.9 12122.7

0.1 0 62.7531
0.1 0.01 147.915
0.1 0.02 272.638
0.1 0.03 416.448
0.1 0.04 545.074
0.1 0.05 677.84
0.1 0.06 818.327
0.1 0.07 950.433
0.1 0.08 1084.01
0.1 0.09 1268.13
0.1 0.1 1354.44
0.1 0.2 2672.94
0.1 0.3 4037.5
0.1 0.4 5333.84
0.1 0.5 6797.61
0.1 0.6 8292.54
0.1 0.7 9504.03
0.1 0.8 10828
0.1 0.9 12187.3

0.2 0 127.368
0.2 0.01 185.016
0.2 0.02 300.185
0.2 0.03 427.305
0.2 0.04 562.46
0.2 0.05 697.277
0.2 0.06 854.32
0.2 0.07 973.682
0.2 0.08 1084.86
0.2 0.09 1258.52
0.2 0.1 1374.87
0.2 0.2 2748.77
0.2 0.3 4127.71
0.2 0.4 5539.16
0.2 0.5 6790.24
0.2 0.6 8347.67
0.2 0.7 9709.83
0.2 0.8 11062.1
0.2 0.9 12771.1

0.3 0 204.107
0.3 0.01 245.236
0.3 0.02 344.066
0.3 0.03 472.576
0.3 0.04 592.943
0.3 0.05 724.69
0.3 0.06 874.504
0.3 0.07 1005.63
0.3 0.08 1142.03
0.3 0.09 1282.72
0.3 0.1 1428.4
0.3 0.2 2761.37
0.3 0.3 4091.36
0.3 0.4 5604.11
0.3 0.5 7024.83
0.3 0.6 8517.59
0.3 0.7 9837.42
0.3 0.8 11289.4
0.3 0.9 12677.4

0.4 0 282.314
0.4 0.01 335.152
0.4 0.02 419.897
0.4 0.03 515.618
0.4 0.04 655.484
0.4 0.05 791.583
0.4 0.06 930.381
0.4 0.07 1063.73
0.4 0.08 1187.91
0.4 0.09 1340.22
0.4 0.1 1516.09
0.4 0.2 2881.66
0.4 0.3 4327.24
0.4 0.4 5732.73
0.4 0.5 7252.53
0.4 0.6 8552.98
0.4 0.7 10282.5
0.4 0.8 11621.3
0.4 0.9 12930.3

0.5 0 444.664
0.5 0.01 478.741
0.5 0.02 545.1
0.5 0.03 649.561
0.5 0.04 758.555
0.5 0.05 8883.18
0.5 0.06 1028.22
0.5 0.07 4458.13
0.5 0.08 1319.56
0.5 0.09 1426.76
0.5 0.1 19509.8
0.5 0.2 2981.3
0.5 0.3 4575.45
0.5 0.4 6340.91
0.5 0.5 7584.66
0.5 0.6 9093.2
0.5 0.7 10565
0.5 0.8 12280.6
0.5 0.9 13771.4

0.6 0 6101.44
0.6 0.01 904.77
0.6 0.02 1221.98
0.6 0.03 10784.5
0.6 0.04 1301.51
0.6 0.05 1277.77
0.6 0.06 1669.69
0.6 0.07 3106.64
0.6 0.08 39440.4
0.6 0.09 1704.04
0.6 0.1 5842.9
0.6 0.2 3411.08
0.6 0.3 195981
0.6 0.4 27883.9
0.6 0.5 8955.07
0.6 0.6 21630.4
0.6 0.7 15679.4
0.6 0.8 20124.7
0.6 0.9 54933.9

0.7 0 4433.42
0.7 0.01 6118.34
0.7 0.02 12697.4
0.7 0.03 12454
0.7 0.04 3806.63
0.7 0.05 7504.56
0.7 0.06 9615.05
0.7 0.07 4300.97
0.7 0.08 4159.87
0.7 0.09 3183.39
0.7 0.1 45428.5
0.7 0.2 27081.1
0.7 0.3 1.53283e+06
0.7 0.4 111230
0.7 0.5 26984.7
0.7 0.6 32680.4
0.7 0.7 80212.3
0.7 0.8 27016
0.7 0.9 132354

0.8 0 13927.6
0.8 0.01 12582.6
0.8 0.02 383392
0.8 0.03 32856
0.8 0.04 14951.5
0.8 0.05 10000.6
0.8 0.06 14310.3
0.8 0.07 10114.5
0.8 0.08 20991.5
0.8 0.09 46159.2
0.8 0.1 22527.1
0.8 0.2 17222.8
0.8 0.3 204820
0.8 0.4 106683
0.8 0.5 21091.9
0.8 0.6 67026.2
0.8 0.7 151920
0.8 0.8 140585
0.8 0.9 61619.3

0.9 0 13064.3
0.9 0.01 24218.1
0.9 0.02 139776
0.9 0.03 47122.1
0.9 0.04 100459
0.9 0.05 23779.8
0.9 0.06 146379
0.9 0.07 27206.3
0.9 0.08 24323.2
0.9 0.09 9437.03
0.9 0.1 357808
0.9 0.2 41268.4
0.9 0.3 49751.1
0.9 0.4 24043.7
0.9 0.5 1.01265e+06
0.9 0.6 78636.4
0.9 0.7 46714.3
0.9 0.8 136530
0.9 0.9 298907

1 0 18778.4
1 0.01 24358.1
1 0.02 27393.5
1 0.03 13290.8
1 0.04 14903.4
1 0.05 387556
1 0.06 16188.5
1 0.07 13906.8
1 0.08 31545.4
1 0.09 43457.1
1 0.1 56137.5
1 0.2 43987.1
1 0.3 71848
1 0.4 123372
1 0.5 88727
1 0.6 191268
1 0.7 744271
1 0.8 284112
1 0.9 458056

2 0 61618.2
2 0.01 107790
2 0.02 31291.7
2 0.03 3.63304e+06
2 0.04 134820
2 0.05 37719.9
2 0.06 122487
2 0.07 175943
2 0.08 87480.6
2 0.09 216817
2 0.1 27538.2
2 0.2 54179.2
2 0.3 357586
2 0.4 169272
2 0.5 596150
2 0.6 239857
2 0.7 117231
2 0.8 1.37743e+06
2 0.9 412952

3 0 44500
3 0.01 736576
3 0.02 127414
3 0.03 128794
3 0.04 84577.7
3 0.05 88813.4
3 0.06 348413
3 0.07 35082
3 0.08 56223.9
3 0.09 24173.9
3 0.1 42113.2
3 0.2 107478
3 0.3 73163.1
3 0.4 83031
3 0.5 133608
3 0.6 500034
3 0.7 220192
3 0.8 1.28472e+06
3 0.9 1.03758e+06

4 0 540303
4 0.01 2.05933e+06
4 0.02 288357
4 0.03 31006.1
4 0.04 28000.9
4 0.05 276684
4 0.06 19675.5
4 0.07 35489
4 0.08 100337
4 0.09 28030.9
4 0.1 219705
4 0.2 49074.3
4 0.3 163401
4 0.4 414340
4 0.5 166469
4 0.6 82564.8
4 0.7 1.00351e+06
4 0.8 456212
4 0.9 183280

5 0 26728.7
5 0.01 35220.8
5 0.02 117260
5 0.03 67062.9
5 0.04 31478.5
5 0.05 33385.1
5 0.06 171597
5 0.07 89039.5
5 0.08 40032.7
5 0.09 75636.8
5 0.1 211731
5 0.2 57354.6
5 0.3 601464
5 0.4 107955
5 0.5 306636
5 0.6 177780
5 0.7 278641
5 0.8 379057
5 0.9 485892

6 0 161365
6 0.01 204303
6 0.02 140966
6 0.03 194801
6 0.04 433485
6 0.05 51055.1
6 0.06 45595.9
6 0.07 46253.3
6 0.08 45050.4
6 0.09 1.42913e+06
6 0.1 59543.8
6 0.2 153599
6 0.3 285247
6 0.4 6.26269e+06
6 0.5 656704
6 0.6 145220
6 0.7 310049
6 0.8 451460
6 0.9 508756

7 0 54109.7
7 0.01 186109
7 0.02 66472.3
7 0.03 365200
7 0.04 109622
7 0.05 80855.3
7 0.06 78342.6
7 0.07 512501
7 0.08 356850
7 0.09 30578.2
7 0.1 630440
7 0.2 5.69893e+06
7 0.3 213248
7 0.4 713388
7 0.5 1.43139e+06
7 0.6 448511
7 0.7 359772
7 0.8 1.39661e+06
7 0.9 216180

8 0 62213.2
8 0.01 1.04669e+06
8 0.02 56462.9
8 0.03 200544
8 0.04 113089
8 0.05 67485.1
8 0.06 51754
8 0.07 72835.7
8 0.08 227999
8 0.09 48778.7
8 0.1 99380.5
8 0.2 2.17743e+06
8 0.3 1.75459e+06
8 0.4 332916
8 0.5 1.03515e+06
8 0.6 380680
8 0.7 992708
8 0.8 1.33102e+07
8 0.9 393311

9 0 1.42322e+06
9 0.01 872459
9 0.02 66809.3
9 0.03 66841.7
9 0.04 576685
9 0.05 596231
9 0.06 2.31025e+06
9 0.07 76544.6
9 0.08 65073.3
9 0.09 6.56572e+06
9 0.1 204216
9 0.2 609617
9 0.3 306527
9 0.4 447141
9 0.5 273152
9 0.6 273609
9 0.7 783362
9 0.8 966187
9 0.9 308402

