0 0 0
0 0.01 133.977
0 0.02 258.583
0 0.03 404.147
0 0.04 554.835
0 0.05 661.376
0 0.06 833.665
0 0.07 959.361
0 0.08 1097.52
0 0.09 1235.15
0 0.1 1323.21
0 0.2 2645.98
0 0.3 4060.35
0 0.4 5321.44
0 0.5 7123.6
0 0.6 8231.37
0 0.7 9526.56
0 0.8 10348.6
0 0.9 12511.1

0.1 0 60.6112
0.1 0.01 151.62
0.1 0.02 276.107
0.1 0.03 401.777
0.1 0.04 541.592
0.1 0.05 675.627
0.1 0.06 819.869
0.1 0.07 971.991
0.1 0.08 1070.97
0.1 0.09 1212.18
0.1 0.1 1350.96
0.1 0.2 2689.67
0.1 0.3 4131.09
0.1 0.4 5250.29
0.1 0.5 6919.49
0.1 0.6 7815.89
0.1 0.7 9435.48
0.1 0.8 10741.7
0.1 0.9 12239.2

0.2 0 128.266
0.2 0.01 186.391
0.2 0.02 309.792
0.2 0.03 439.278
0.2 0.04 530.081
0.2 0.05 711.647
0.2 0.06 819.183
0.2 0.07 970.362
0.2 0.08 1125.96
0.2 0.09 1263.1
0.2 0.1 1417.07
0.2 0.2 2876.62
0.2 0.3 4107.53
0.2 0.4 5368.6
0.2 0.5 6625.24
0.2 0.6 7828.82
0.2 0.7 9669.83
0.2 0.8 10899.2
0.2 0.9 12897.5

0.3 0 193.043
0.3 0.01 242.19
0.3 0.02 347.065
0.3 0.03 481.509
0.3 0.04 600.6
0.3 0.05 718.392
0.3 0.06 841.126
0.3 0.07 952.211
0.3 0.08 1146.06
0.3 0.09 1263.58
0.3 0.1 1482.79
0.3 0.2 2799.85
0.3 0.3 4300.4
0.3 0.4 5518.99
0.3 0.5 6836.32
0.3 0.6 8791.88
0.3 0.7 9636.34
0.3 0.8 10558.5
0.3 0.9 12482.4

0.4 0 282.51
0.4 0.01 344.908
0.4 0.02 418.107
0.4 0.03 581.224
0.4 0.04 660.123
0.4 0.05 807.396
0.4 0.06 886.52
0.4 0.07 1105.98
0.4 0.08 1199.23
0.4 0.09 1346.99
0.4 0.1 1487.53
0.4 0.2 2995.72
0.4 0.3 4290.03
0.4 0.4 6200.97
0.4 0.5 7124.64
0.4 0.6 8846.7
0.4 0.7 10182.5
0.4 0.8 11512.8
0.4 0.9 13182.8

0.5 0 586.177
0.5 0.01 410.032
0.5 0.02 586.428
0.5 0.03 658.859
0.5 0.04 1035.25
0.5 0.05 828.756
0.5 0.06 987.426
0.5 0.07 1109.23
0.5 0.08 1390.59
0.5 0.09 1409.86
0.5 0.1 1556.49
0.5 0.2 3072.62
0.5 0.3 4399.81
0.5 0.4 6213.71
0.5 0.5 7578.94
0.5 0.6 9066.65
0.5 0.7 10335
0.5 0.8 11448.3
0.5 0.9 13398

0.6 0 1303.32
0.6 0.01 831.299
0.6 0.02 813.78
0.6 0.03 936.817
0.6 0.04 101865
0.6 0.05 983.086
0.6 0.06 1106.69
0.6 0.07 1292.4
0.6 0.08 2618.26
0.6 0.09 1721.89
0.6 0.1 1958.03
0.6 0.2 3374.18
0.6 0.3 4865.39
0.6 0.4 8100.04
0.6 0.5 18231.9
0.6 0.6 9832.57
0.6 0.7 11657.2
0.6 0.8 17759.4
0.6 0.9 21593.2

0.7 0 1047.26
0.7 0.01 17046.6
0.7 0.02 1366.53
0.7 0.03 2000.41
0.7 0.04 6576.93
0.7 0.05 1384.03
0.7 0.06 3049.52
0.7 0.07 1826.64
0.7 0.08 2682.39
0.7 0.09 2965.01
0.7 0.1 2569.17
0.7 0.2 4506.87
0.7 0.3 34431.8
0.7 0.4 7003.95
0.7 0.5 24485.7
0.7 0.6 34507.9
0.7 0.7 14283.1
0.7 0.8 17044.8
0.7 0.9 16676.5

0.8 0 2487.23
0.8 0.01 4213.48
0.8 0.02 14227.6
0.8 0.03 6481.95
0.8 0.04 17639.1
0.8 0.05 6643.14
0.8 0.06 4604.4
0.8 0.07 59958.2
0.8 0.08 5160.02
0.8 0.09 4663.48
0.8 0.1 26175.2
0.8 0.2 14712.8
0.8 0.3 13982.2
0.8 0.4 29777.3
0.8 0.5 71179.3
0.8 0.6 225588
0.8 0.7 29366.8
0.8 0.8 204607
0.8 0.9 51793.7

0.9 0 16246.9
0.9 0.01 5173.18
0.9 0.02 10248.3
0.9 0.03 5097.96
0.9 0.04 10032
0.9 0.05 3219.35
0.9 0.06 8768.12
0.9 0.07 5229.43
0.9 0.08 2314.4
0.9 0.09 28788.6
0.9 0.1 22230.9
0.9 0.2 15503.3
0.9 0.3 40383.2
0.9 0.4 148015
0.9 0.5 89856.9
0.9 0.6 240261
0.9 0.7 28378.9
0.9 0.8 91964.2
0.9 0.9 203127

1 0 10769.7
1 0.01 8333.73
1 0.02 10236.4
1 0.03 49386.1
1 0.04 20500.9
1 0.05 6925.75
1 0.06 98084.6
1 0.07 18697
1 0.08 25249.5
1 0.09 29663.1
1 0.1 59851.7
1 0.2 20182.5
1 0.3 36611.4
1 0.4 50762
1 0.5 104831
1 0.6 742788
1 0.7 38935.6
1 0.8 8.50109e+06
1 0.9 331966

2 0 94027.1
2 0.01 68979.2
2 0.02 19363.7
2 0.03 1.10049e+06
2 0.04 25592.8
2 0.05 34888.3
2 0.06 58347.7
2 0.07 67355.5
2 0.08 64569.3
2 0.09 33056.8
2 0.1 51037.3
2 0.2 39797.8
2 0.3 621542
2 0.4 1.02996e+06
2 0.5 193192
2 0.6 225354
2 0.7 78638.8
2 0.8 166645
2 0.9 346750

3 0 26921.5
3 0.01 11182.5
3 0.02 16588.4
3 0.03 88913.6
3 0.04 116170
3 0.05 15468.9
3 0.06 16059.8
3 0.07 118103
3 0.08 35638.8
3 0.09 18576.5
3 0.1 21980.9
3 0.2 36366.3
3 0.3 54048
3 0.4 33178.8
3 0.5 276566
3 0.6 1.59032e+07
3 0.7 112512
3 0.8 426316
3 0.9 520813

4 0 67897.2
4 0.01 22271.8
4 0.02 73200
4 0.03 18685.5
4 0.04 18200.9
4 0.05 12219.2
4 0.06 32589.7
4 0.07 19899.4
4 0.08 10320
4 0.09 15766.5
4 0.1 137090
4 0.2 59396.6
4 0.3 116236
4 0.4 56185.8
4 0.5 168982
4 0.6 258799
4 0.7 92777.2
4 0.8 83886.8
4 0.9 335473

5 0 35633.1
5 0.01 23684.5
5 0.02 18051.8
5 0.03 627341
5 0.04 32251.3
5 0.05 34486.9
5 0.06 670386
5 0.07 27625.9
5 0.08 264887
5 0.09 35608.8
5 0.1 27702
5 0.2 235068
5 0.3 54249.5
5 0.4 79511.4
5 0.5 55921
5 0.6 68891.8
5 0.7 461093
5 0.8 410799
5 0.9 218306

6 0 45710.8
6 0.01 67399.7
6 0.02 23331.8
6 0.03 18208.9
6 0.04 42627.7
6 0.05 413547
6 0.06 10045.3
6 0.07 30301
6 0.08 426722
6 0.09 51421.1
6 0.1 23252.1
6 0.2 7.85349e+06
6 0.3 66389
6 0.4 273660
6 0.5 358438
6 0.6 1.40243e+06
6 0.7 191737
6 0.8 74414.7
6 0.9 241348

7 0 18684.1
7 0.01 77463.6
7 0.02 327336
7 0.03 14213
7 0.04 24197.9
7 0.05 32986.5
7 0.06 374143
7 0.07 81868.6
7 0.08 20706.5
7 0.09 21012.7
7 0.1 84316.2
7 0.2 88272.2
7 0.3 89284.8
7 0.4 96398.9
7 0.5 354702
7 0.6 232770
7 0.7 611438
7 0.8 118742
7 0.9 775541

8 0 42478.2
8 0.01 87807.7
8 0.02 195431
8 0.03 32150.7
8 0.04 63667.3
8 0.05 53269.1
8 0.06 632656
8 0.07 45120.9
8 0.08 517882
8 0.09 78053.8
8 0.1 77075.5
8 0.2 171384
8 0.3 122246
8 0.4 123048
8 0.5 367419
8 0.6 775647
8 0.7 1.77059e+06
8 0.8 531315
8 0.9 311456

9 0 91998.1
9 0.01 69268
9 0.02 33271.5
9 0.03 103422
9 0.04 437252
9 0.05 914937
9 0.06 4.265e+06
9 0.07 466347
9 0.08 75094.8
9 0.09 213760
9 0.1 44562.4
9 0.2 60231.5
9 0.3 2.66361e+06
9 0.4 71573.3
9 0.5 1.26685e+06
9 0.6 316422
9 0.7 1.34696e+06
9 0.8 463877
9 0.9 536719

