0 0 0
0 0.01 133.792
0 0.02 258.192
0 0.03 403.528
0 0.04 554.02
0 0.05 660.431
0 0.06 832.445
0 0.07 957.942
0 0.08 1095.88
0 0.09 1233.33
0 0.1 1321.23
0 0.2 2642.16
0 0.3 4054.82
0 0.4 5313.28
0 0.5 7112.98
0 0.6 8219.37
0 0.7 9512.34
0 0.8 10333.2
0 0.9 12492.6

0.1 0 60.5087
0.1 0.01 151.392
0.1 0.02 275.687
0.1 0.03 401.2
0.1 0.04 540.78
0.1 0.05 674.603
0.1 0.06 818.704
0.1 0.07 970.643
0.1 0.08 1069.41
0.1 0.09 1210.52
0.1 0.1 1349.05
0.1 0.2 2685.78
0.1 0.3 4125.04
0.1 0.4 5242.79
0.1 0.5 6909.29
0.1 0.6 7804.76
0.1 0.7 9421.7
0.1 0.8 10726.2
0.1 0.9 12220.1

0.2 0 128.034
0.2 0.01 186.089
0.2 0.02 309.306
0.2 0.03 438.623
0.2 0.04 529.352
0.2 0.05 710.559
0.2 0.06 818.002
0.2 0.07 968.898
0.2 0.08 1124.3
0.2 0.09 1261.21
0.2 0.1 1414.95
0.2 0.2 2872.42
0.2 0.3 4101.44
0.2 0.4 5360.5
0.2 0.5 6615.85
0.2 0.6 7817.56
0.2 0.7 9656.57
0.2 0.8 10883.3
0.2 0.9 12878.2

0.3 0 192.701
0.3 0.01 241.834
0.3 0.02 346.536
0.3 0.03 480.785
0.3 0.04 599.699
0.3 0.05 717.365
0.3 0.06 839.934
0.3 0.07 950.871
0.3 0.08 1144.33
0.3 0.09 1261.57
0.3 0.1 1480.47
0.3 0.2 2795.96
0.3 0.3 4294.32
0.3 0.4 5511.55
0.3 0.5 6825.96
0.3 0.6 8778.67
0.3 0.7 9622
0.3 0.8 10542.3
0.3 0.9 12464.6

0.4 0 281.971
0.4 0.01 344.402
0.4 0.02 417.457
0.4 0.03 580.246
0.4 0.04 659.054
0.4 0.05 806.27
0.4 0.06 885.144
0.4 0.07 1104.33
0.4 0.08 1197.47
0.4 0.09 1344.93
0.4 0.1 1485.23
0.4 0.2 2991.5
0.4 0.3 4283.99
0.4 0.4 6192.08
0.4 0.5 7113.58
0.4 0.6 8833.22
0.4 0.7 10167
0.4 0.8 11494.9
0.4 0.9 13161.9

0.5 0 585.299
0.5 0.01 409.339
0.5 0.02 585.436
0.5 0.03 657.781
0.5 0.04 1033.53
0.5 0.05 827.583
0.5 0.06 985.975
0.5 0.07 1107.52
0.5 0.08 1388.33
0.5 0.09 1407.69
0.5 0.1 1554.02
0.5 0.2 3068.09
0.5 0.3 4392.88
0.5 0.4 6204.63
0.5 0.5 7567.38
0.5 0.6 9052.56
0.5 0.7 10319.8
0.5 0.8 11430.5
0.5 0.9 13376.7

0.6 0 1301.16
0.6 0.01 829.945
0.6 0.02 812.299
0.6 0.03 935.054
0.6 0.04 101797
0.6 0.05 981.596
0.6 0.06 1105.02
0.6 0.07 1290.19
0.6 0.08 2615.89
0.6 0.09 1719.14
0.6 0.1 1955.42
0.6 0.2 3368.52
0.6 0.3 4857.13
0.6 0.4 8083.94
0.6 0.5 18191.4
0.6 0.6 9817.91
0.6 0.7 11638.6
0.6 0.8 17729.2
0.6 0.9 21546

0.7 0 1045.25
0.7 0.01 16991.4
0.7 0.02 1363.81
0.7 0.03 1995.76
0.7 0.04 6570.14
0.7 0.05 1382.86
0.7 0.06 3042.51
0.7 0.07 1822.62
0.7 0.08 2679.34
0.7 0.09 2959.02
0.7 0.1 2565.93
0.7 0.2 4500.2
0.7 0.3 34439.2
0.7 0.4 6993.34
0.7 0.5 24415.2
0.7 0.6 34439
0.7 0.7 14262.6
0.7 0.8 17018.2
0.7 0.9 16651.6

0.8 0 2486.38
0.8 0.01 4214
0.8 0.02 14191.4
0.8 0.03 6476.75
0.8 0.04 17636.5
0.8 0.05 6633.97
0.8 0.06 4594.59
0.8 0.07 59959.6
0.8 0.08 5150.52
0.8 0.09 4655.53
0.8 0.1 26102.3
0.8 0.2 14695.9
0.8 0.3 13951.2
0.8 0.4 29736.8
0.8 0.5 71057.8
0.8 0.6 225401
0.8 0.7 29320.8
0.8 0.8 203964
0.8 0.9 51678.8

0.9 0 16223.9
0.9 0.01 5166.66
0.9 0.02 10231.4
0.9 0.03 5085.5
0.9 0.04 10028.4
0.9 0.05 3210.19
0.9 0.06 8750.62
0.9 0.07 5215.61
0.9 0.08 2311.36
0.9 0.09 28805.2
0.9 0.1 22203.5
0.9 0.2 15491.5
0.9 0.3 40328.2
0.9 0.4 147829
0.9 0.5 89787.5
0.9 0.6 239953
0.9 0.7 28341.8
0.9 0.8 91821.3
0.9 0.9 203096

1 0 10758.9
1 0.01 8333.08
1 0.02 10227.1
1 0.03 49373.5
1 0.04 20472.5
1 0.05 6915.75
1 0.06 98100.6
1 0.07 18682.9
1 0.08 25275.1
1 0.09 29628.5
1 0.1 59762.6
1 0.2 20144.8
1 0.3 36557.9
1 0.4 50620.6
1 0.5 104630
1 0.6 741949
1 0.7 38882.4
1 0.8 8.48227e+06
1 0.9 330722

2 0 93998.5
2 0.01 69176.6
2 0.02 19257.3
2 0.03 1.09388e+06
2 0.04 25544.9
2 0.05 34858.5
2 0.06 58363.3
2 0.07 67292.5
2 0.08 64403.6
2 0.09 32950.5
2 0.1 50918
2 0.2 39747
2 0.3 618073
2 0.4 1.02629e+06
2 0.5 192537
2 0.6 224271
2 0.7 78466.9
2 0.8 166721
2 0.9 346796

3 0 26907.4
3 0.01 11149.6
3 0.02 16681.5
3 0.03 88868.4
3 0.04 115749
3 0.05 15411.4
3 0.06 16033.7
3 0.07 118448
3 0.08 35499.7
3 0.09 18643.2
3 0.1 21921.4
3 0.2 36374.3
3 0.3 53993.2
3 0.4 33126.7
3 0.5 277642
3 0.6 1.59204e+07
3 0.7 112205
3 0.8 425245
3 0.9 520165

4 0 68345.5
4 0.01 22236.9
4 0.02 73401.2
4 0.03 18649.2
4 0.04 18279.6
4 0.05 12206.5
4 0.06 32362.7
4 0.07 19904.3
4 0.08 10299.8
4 0.09 15762.1
4 0.1 136338
4 0.2 59670.5
4 0.3 115791
4 0.4 55973.7
4 0.5 169670
4 0.6 260813
4 0.7 92988.1
4 0.8 83672.3
4 0.9 334257

5 0 35563.5
5 0.01 23748.4
5 0.02 17950.8
5 0.03 622551
5 0.04 32236.9
5 0.05 34113.9
5 0.06 664408
5 0.07 27581.3
5 0.08 263934
5 0.09 35369.2
5 0.1 27673.1
5 0.2 234462
5 0.3 53958.3
5 0.4 79555.2
5 0.5 55757
5 0.6 68830.7
5 0.7 461182
5 0.8 414405
5 0.9 219848

6 0 45808.8
6 0.01 67087.5
6 0.02 23344.7
6 0.03 18075.3
6 0.04 42885.9
6 0.05 411772
6 0.06 10079.6
6 0.07 30096.9
6 0.08 422103
6 0.09 51426.6
6 0.1 23276.2
6 0.2 7.77803e+06
6 0.3 66265.1
6 0.4 277543
6 0.5 361775
6 0.6 1.38725e+06
6 0.7 191508
6 0.8 74140.7
6 0.9 237832

7 0 18677.4
7 0.01 77225.1
7 0.02 326689
7 0.03 14170.1
7 0.04 24205.2
7 0.05 32962.6
7 0.06 378290
7 0.07 82333.3
7 0.08 20599.5
7 0.09 21031.3
7 0.1 83556.1
7 0.2 88071.8
7 0.3 89053.9
7 0.4 96555.2
7 0.5 355840
7 0.6 233914
7 0.7 607288
7 0.8 119722
7 0.9 784326

8 0 42206.5
8 0.01 87669.6
8 0.02 194707
8 0.03 32163.8
8 0.04 65085.3
8 0.05 53633.9
8 0.06 638202
8 0.07 45690.4
8 0.08 521480
8 0.09 78931.5
8 0.1 77496.7
8 0.2 170673
8 0.3 124466
8 0.4 123688
8 0.5 365613
8 0.6 772267
8 0.7 1.79638e+06
8 0.8 530199
8 0.9 309635

9 0 92156.4
9 0.01 69518.9
9 0.02 32852.2
9 0.03 106397
9 0.04 436843
9 0.05 908838
9 0.06 4.30052e+06
9 0.07 485220
9 0.08 75327
9 0.09 216821
9 0.1 44753.4
9 0.2 59257.3
9 0.3 2.70573e+06
9 0.4 71223.1
9 0.5 1.27306e+06
9 0.6 314514
9 0.7 1.32552e+06
9 0.8 457755
9 0.9 540490

