0 0 0
0 0.01 133.729
0 0.02 258.057
0 0.03 403.316
0 0.04 553.74
0 0.05 660.106
0 0.06 832.026
0 0.07 957.453
0 0.08 1095.32
0 0.09 1232.71
0 0.1 1320.55
0 0.2 2640.85
0 0.3 4052.92
0 0.4 5310.49
0 0.5 7109.33
0 0.6 8215.24
0 0.7 9507.44
0 0.8 10327.9
0 0.9 12486.3

0.1 0 60.4739
0.1 0.01 151.314
0.1 0.02 275.543
0.1 0.03 401.002
0.1 0.04 540.502
0.1 0.05 674.25
0.1 0.06 818.306
0.1 0.07 970.182
0.1 0.08 1068.88
0.1 0.09 1209.95
0.1 0.1 1348.4
0.1 0.2 2684.45
0.1 0.3 4122.96
0.1 0.4 5240.22
0.1 0.5 6905.8
0.1 0.6 7800.95
0.1 0.7 9416.99
0.1 0.8 10720.8
0.1 0.9 12213.5

0.2 0 127.956
0.2 0.01 185.986
0.2 0.02 309.14
0.2 0.03 438.398
0.2 0.04 529.103
0.2 0.05 710.187
0.2 0.06 817.598
0.2 0.07 968.396
0.2 0.08 1123.72
0.2 0.09 1260.55
0.2 0.1 1414.23
0.2 0.2 2870.97
0.2 0.3 4099.35
0.2 0.4 5357.71
0.2 0.5 6612.63
0.2 0.6 7813.69
0.2 0.7 9652.04
0.2 0.8 10877.8
0.2 0.9 12871.5

0.3 0 192.584
0.3 0.01 241.712
0.3 0.02 346.356
0.3 0.03 480.535
0.3 0.04 599.391
0.3 0.05 717.014
0.3 0.06 839.524
0.3 0.07 950.414
0.3 0.08 1143.75
0.3 0.09 1260.87
0.3 0.1 1479.68
0.3 0.2 2794.63
0.3 0.3 4292.22
0.3 0.4 5509.01
0.3 0.5 6822.4
0.3 0.6 8774.14
0.3 0.7 9617.08
0.3 0.8 10536.8
0.3 0.9 12458.5

0.4 0 281.791
0.4 0.01 344.227
0.4 0.02 417.236
0.4 0.03 579.915
0.4 0.04 658.688
0.4 0.05 805.885
0.4 0.06 884.673
0.4 0.07 1103.77
0.4 0.08 1196.87
0.4 0.09 1344.23
0.4 0.1 1484.45
0.4 0.2 2990.06
0.4 0.3 4281.92
0.4 0.4 6189.04
0.4 0.5 7109.78
0.4 0.6 8828.6
0.4 0.7 10161.7
0.4 0.8 11488.8
0.4 0.9 13154.7

0.5 0 584.992
0.5 0.01 409.1
0.5 0.02 585.095
0.5 0.03 657.414
0.5 0.04 1032.95
0.5 0.05 827.188
0.5 0.06 985.482
0.5 0.07 1106.93
0.5 0.08 1387.56
0.5 0.09 1406.94
0.5 0.1 1553.17
0.5 0.2 3066.54
0.5 0.3 4390.5
0.5 0.4 6201.51
0.5 0.5 7563.42
0.5 0.6 9047.75
0.5 0.7 10314.5
0.5 0.8 11424.5
0.5 0.9 13369.4

0.6 0 1300.42
0.6 0.01 829.47
0.6 0.02 811.807
0.6 0.03 934.43
0.6 0.04 101772
0.6 0.05 981.081
0.6 0.06 1104.45
0.6 0.07 1289.41
0.6 0.08 2615.17
0.6 0.09 1718.2
0.6 0.1 1954.52
0.6 0.2 3366.57
0.6 0.3 4854.32
0.6 0.4 8078.33
0.6 0.5 18177.6
0.6 0.6 9812.85
0.6 0.7 11632.2
0.6 0.8 17719.2
0.6 0.9 21530.1

0.7 0 1044.54
0.7 0.01 16971.6
0.7 0.02 1362.88
0.7 0.03 1994.17
0.7 0.04 6567.88
0.7 0.05 1382.45
0.7 0.06 3040.2
0.7 0.07 1821.2
0.7 0.08 2678.25
0.7 0.09 2956.94
0.7 0.1 2564.85
0.7 0.2 4497.9
0.7 0.3 34440.8
0.7 0.4 6989.73
0.7 0.5 24391
0.7 0.6 34417.8
0.7 0.7 14255.6
0.7 0.8 17009.4
0.7 0.9 16642.9

0.8 0 2486.08
0.8 0.01 4214.04
0.8 0.02 14178.7
0.8 0.03 6475.13
0.8 0.04 17635.1
0.8 0.05 6631
0.8 0.06 4591.14
0.8 0.07 59958.9
0.8 0.08 5147.22
0.8 0.09 4652.95
0.8 0.1 26076.6
0.8 0.2 14690.1
0.8 0.3 13940.6
0.8 0.4 29722.8
0.8 0.5 71010.2
0.8 0.6 225340
0.8 0.7 29304.3
0.8 0.8 203737
0.8 0.9 51639

0.9 0 16214.9
0.9 0.01 5164.48
0.9 0.02 10224.9
0.9 0.03 5081.22
0.9 0.04 10028.1
0.9 0.05 3207.04
0.9 0.06 8744.64
0.9 0.07 5210.97
0.9 0.08 2310.33
0.9 0.09 28807.5
0.9 0.1 22191.7
0.9 0.2 15485.9
0.9 0.3 40311.3
0.9 0.4 147788
0.9 0.5 89766.6
0.9 0.6 239854
0.9 0.7 28329.7
0.9 0.8 91766.1
0.9 0.9 203084

1 0 10755.4
1 0.01 8333
1 0.02 10224
1 0.03 49367.6
1 0.04 20463.7
1 0.05 6912.03
1 0.06 98108.5
1 0.07 18678.3
1 0.08 25284.8
1 0.09 29615.9
1 0.1 59730.8
1 0.2 20131.6
1 0.3 36539.2
1 0.4 50572.8
1 0.5 104562
1 0.6 741630
1 0.7 38864.7
1 0.8 8.47639e+06
1 0.9 330344

2 0 93992.9
2 0.01 69245.4
2 0.02 19218.4
2 0.03 1.09166e+06
2 0.04 25527.1
2 0.05 34849.7
2 0.06 58380.8
2 0.07 67259.1
2 0.08 64342.4
2 0.09 32913.5
2 0.1 50875.4
2 0.2 39727.8
2 0.3 617023
2 0.4 1.02505e+06
2 0.5 192327
2 0.6 223912
2 0.7 78398
2 0.8 166762
2 0.9 346853

3 0 26904.9
3 0.01 11138.2
3 0.02 16713.3
3 0.03 88865.5
3 0.04 115611
3 0.05 15391.7
3 0.06 16025.1
3 0.07 118545
3 0.08 35446.5
3 0.09 18664.3
3 0.1 21900.6
3 0.2 36382.4
3 0.3 53971.3
3 0.4 33110.4
3 0.5 277966
3 0.6 1.59261e+07
3 0.7 112097
3 0.8 424902
3 0.9 519920

4 0 68505.3
4 0.01 22224.2
4 0.02 73465.4
4 0.03 18637.2
4 0.04 18300.8
4 0.05 12200.5
4 0.06 32289.8
4 0.07 19908
4 0.08 10293.5
4 0.09 15758.1
4 0.1 136140
4 0.2 59752.6
4 0.3 115656
4 0.4 55906.2
4 0.5 169882
4 0.6 261400
4 0.7 93031.6
4 0.8 83594.5
4 0.9 333854

5 0 35543.9
5 0.01 23765.7
5 0.02 17917.9
5 0.03 620935
5 0.04 32230.3
5 0.05 33984.1
5 0.06 662344
5 0.07 27571.5
5 0.08 263677
5 0.09 35287.8
5 0.1 27661.7
5 0.2 234205
5 0.3 53864.3
5 0.4 79560.8
5 0.5 55687.9
5 0.6 68790
5 0.7 461211
5 0.8 415553
5 0.9 220358

6 0 45847.2
6 0.01 66964.8
6 0.02 23352.8
6 0.03 18029.1
6 0.04 42967.1
6 0.05 411287
6 0.06 10091.7
6 0.07 30030.5
6 0.08 420497
6 0.09 51430
6 0.1 23273.8
6 0.2 7.75602e+06
6 0.3 66217.8
6 0.4 278892
6 0.5 363054
6 0.6 1.38141e+06
6 0.7 191325
6 0.8 74041.9
6 0.9 236698

7 0 18677.9
7 0.01 77200.4
7 0.02 326306
7 0.03 14158.5
7 0.04 24199.3
7 0.05 32960.7
7 0.06 379622
7 0.07 82561.2
7 0.08 20567.2
7 0.09 21042.5
7 0.1 83316.8
7 0.2 88029.8
7 0.3 88987.2
7 0.4 96611.5
7 0.5 356428
7 0.6 234207
7 0.7 605767
7 0.8 120089
7 0.9 787016

8 0 42135.9
8 0.01 87629.2
8 0.02 194537
8 0.03 32163.5
8 0.04 65585.7
8 0.05 53743.4
8 0.06 640092
8 0.07 45884.5
8 0.08 522773
8 0.09 79201.6
8 0.1 77666.8
8 0.2 170361
8 0.3 125308
8 0.4 123832
8 0.5 364979
8 0.6 771618
8 0.7 1.80481e+06
8 0.8 529987
8 0.9 309080

9 0 92292.4
9 0.01 69592.6
9 0.02 32724.7
9 0.03 107495
9 0.04 436353
9 0.05 907280
9 0.06 4.31059e+06
9 0.07 491429
9 0.08 75409.6
9 0.09 217915
9 0.1 44820.2
9 0.2 58952.2
9 0.3 2.72096e+06
9 0.4 71130.6
9 0.5 1.27484e+06
9 0.6 313988
9 0.7 1.31876e+06
9 0.8 455598
9 0.9 541644

