0 0 0.000338289
0 0.01 133.666
0 0.02 267.383
0 0.03 397.732
0 0.04 533.567
0 0.05 668.58
0 0.06 780.205
0 0.07 925.027
0 0.08 1070.34
0 0.09 1180.09
0 0.1 1330.63
0 0.2 2688.76
0 0.3 3907.2
0 0.4 5340.15
0 0.5 6599.29
0 0.6 7898.65
0 0.7 9246.43
0 0.8 10552.3
0 0.9 11949.2

0.1 0 6.55345
0.1 0.01 129.941
0.1 0.02 265.529
0.1 0.03 395.569
0.1 0.04 521.401
0.1 0.05 653.564
0.1 0.06 799.109
0.1 0.07 915.225
0.1 0.08 1057.65
0.1 0.09 1181.16
0.1 0.1 1303.76
0.1 0.2 2602.83
0.1 0.3 3958.95
0.1 0.4 5313.36
0.1 0.5 6622.97
0.1 0.6 7716.45
0.1 0.7 9253.65
0.1 0.8 10647.8
0.1 0.9 11849.9

0.2 0 13.0657
0.2 0.01 133.728
0.2 0.02 267.558
0.2 0.03 395.865
0.2 0.04 521.981
0.2 0.05 659.218
0.2 0.06 789.788
0.2 0.07 925.606
0.2 0.08 1048.02
0.2 0.09 1195.07
0.2 0.1 1310.45
0.2 0.2 2628.59
0.2 0.3 3923.73
0.2 0.4 5345.13
0.2 0.5 6597.38
0.2 0.6 7992.1
0.2 0.7 9399.69
0.2 0.8 10444.7
0.2 0.9 11909.9

0.3 0 19.9926
0.3 0.01 132.002
0.3 0.02 265.813
0.3 0.03 395.469
0.3 0.04 523.519
0.3 0.05 649.984
0.3 0.06 780.831
0.3 0.07 930.211
0.3 0.08 1063.32
0.3 0.09 1183.38
0.3 0.1 1325.29
0.3 0.2 2630.56
0.3 0.3 3904.82
0.3 0.4 5189.8
0.3 0.5 6649.99
0.3 0.6 7915.39
0.3 0.7 9123.12
0.3 0.8 10628.3
0.3 0.9 11768.4

0.4 0 26.2673
0.4 0.01 136.892
0.4 0.02 260.259
0.4 0.03 403.99
0.4 0.04 527.163
0.4 0.05 663.429
0.4 0.06 799.021
0.4 0.07 924.248
0.4 0.08 1054.51
0.4 0.09 1181.06
0.4 0.1 1331.36
0.4 0.2 2621.79
0.4 0.3 3933.15
0.4 0.4 5342.73
0.4 0.5 6591.87
0.4 0.6 8048.62
0.4 0.7 9154.9
0.4 0.8 10517.2
0.4 0.9 11881.4

0.5 0 33.1299
0.5 0.01 134.436
0.5 0.02 271.902
0.5 0.03 401.05
0.5 0.04 537.888
0.5 0.05 663.853
0.5 0.06 787.842
0.5 0.07 919.019
0.5 0.08 1059
0.5 0.09 1183.29
0.5 0.1 1325.4
0.5 0.2 2620.62
0.5 0.3 4014.95
0.5 0.4 5286.89
0.5 0.5 6619.62
0.5 0.6 7868.04
0.5 0.7 9270.18
0.5 0.8 10477.3
0.5 0.9 11839.4

0.6 0 40.047
0.6 0.01 138.244
0.6 0.02 268.635
0.6 0.03 400.033
0.6 0.04 541.446
0.6 0.05 674.474
0.6 0.06 792.798
0.6 0.07 940.338
0.6 0.08 1046.2
0.6 0.09 1186.27
0.6 0.1 1324.57
0.6 0.2 2656.02
0.6 0.3 3950.81
0.6 0.4 5338.46
0.6 0.5 6652.9
0.6 0.6 8027.31
0.6 0.7 9241.23
0.6 0.8 10542.8
0.6 0.9 11886.4

0.7 0 46.1401
0.7 0.01 140.409
0.7 0.02 267.78
0.7 0.03 395.789
0.7 0.04 520.537
0.7 0.05 665.074
0.7 0.06 809.669
0.7 0.07 915.445
0.7 0.08 1044.44
0.7 0.09 1195.95
0.7 0.1 1316.99
0.7 0.2 2615.14
0.7 0.3 4045.73
0.7 0.4 5386.63
0.7 0.5 6651.19
0.7 0.6 7684.31
0.7 0.7 9209.28
0.7 0.8 10693.9
0.7 0.9 12114

0.8 0 52.4713
0.8 0.01 144.108
0.8 0.02 270.751
0.8 0.03 401.124
0.8 0.04 530.769
0.8 0.05 666.634
0.8 0.06 801.54
0.8 0.07 948.452
0.8 0.08 1045.66
0.8 0.09 1201.21
0.8 0.1 1301.9
0.8 0.2 2663.52
0.8 0.3 3923.79
0.8 0.4 5310.91
0.8 0.5 6571.96
0.8 0.6 7877.45
0.8 0.7 9215.7
0.8 0.8 10357
0.8 0.9 11925.5

0.9 0 59.3631
0.9 0.01 146.489
0.9 0.02 270.142
0.9 0.03 403.227
0.9 0.04 531.855
0.9 0.05 666.276
0.9 0.06 803.008
0.9 0.07 920.214
0.9 0.08 1063.19
0.9 0.09 1201
0.9 0.1 1334.36
0.9 0.2 2647.47
0.9 0.3 3969.99
0.9 0.4 5314.26
0.9 0.5 6679.9
0.9 0.6 8017.04
0.9 0.7 9313.53
0.9 0.8 10582.6
0.9 0.9 11893.3

1 0 66.7597
1 0.01 150.742
1 0.02 268.908
1 0.03 408.015
1 0.04 531.753
1 0.05 661.767
1 0.06 789.274
1 0.07 919.95
1 0.08 1057.14
1 0.09 1195.24
1 0.1 1332.11
1 0.2 2610.63
1 0.3 4001.42
1 0.4 5355.97
1 0.5 6546.91
1 0.6 7999.26
1 0.7 9339.16
1 0.8 10340.4
1 0.9 12052.1

2 0 141.002
2 0.01 192.721
2 0.02 300.782
2 0.03 439.625
2 0.04 560.711
2 0.05 681.902
2 0.06 812.501
2 0.07 949.93
2 0.08 1090.34
2 0.09 1225.05
2 0.1 1364.07
2 0.2 2701.6
2 0.3 4035.66
2 0.4 5344.58
2 0.5 6619.84
2 0.6 7999.38
2 0.7 9301.36
2 0.8 10880.4
2 0.9 12123.7

3 0 224.794
3 0.01 265.017
3 0.02 360.799
3 0.03 465.96
3 0.04 594.078
3 0.05 719.611
3 0.06 851.06
3 0.07 973.828
3 0.08 1119.14
3 0.09 1268.17
3 0.1 1377.88
3 0.2 2744.01
3 0.3 4141.82
3 0.4 5532.7
3 0.5 7037.03
3 0.6 8237.75
3 0.7 9541.64
3 0.8 11154
3 0.9 12719.1

4 0 336.118
4 0.01 368.352
4 0.02 471.267
4 0.03 544.87
4 0.04 651.149
4 0.05 765.916
4 0.06 919.119
4 0.07 1074.33
4 0.08 1241.12
4 0.09 1346.7
4 0.1 1486.67
4 0.2 2880.03
4 0.3 4375.26
4 0.4 5744.08
4 0.5 7183.99
4 0.6 8659.07
4 0.7 10187.5
4 0.8 11640.3
4 0.9 13183

5 0 1026.11
5 0.01 1306.49
5 0.02 707.111
5 0.03 784.553
5 0.04 886.251
5 0.05 969.838
5 0.06 1190.28
5 0.07 1347.42
5 0.08 1383.05
5 0.09 1660.07
5 0.1 1636.81
5 0.2 3364.18
5 0.3 4708.81
5 0.4 6280.84
5 0.5 7916.51
5 0.6 9965.39
5 0.7 11645.1
5 0.8 14922.5
5 0.9 14517.5

6 0 5687.85
6 0.01 1649.57
6 0.02 3616.64
6 0.03 2272.83
6 0.04 3217.05
6 0.05 3502.61
6 0.06 170476
6 0.07 6260.36
6 0.08 2557.1
6 0.09 22242
6 0.1 2338.64
6 0.2 6411.95
6 0.3 23116.3
6 0.4 9785
6 0.5 33363.1
6 0.6 11414.2
6 0.7 4.60523e+06
6 0.8 44330.7
6 0.9 48648.4

7 0 10363.8
7 0.01 13678.7
7 0.02 5462.17
7 0.03 5639.72
7 0.04 52871.9
7 0.05 47188.2
7 0.06 4861.8
7 0.07 4978.39
7 0.08 4320
7 0.09 4925.3
7 0.1 39088
7 0.2 39706.2
7 0.3 38607.1
7 0.4 53254.9
7 0.5 184591
7 0.6 37298.1
7 0.7 42245.6
7 0.8 224709
7 0.9 88137.7

8 0 19745.1
8 0.01 16396.9
8 0.02 22228.7
8 0.03 22887.2
8 0.04 87592.5
8 0.05 9465.95
8 0.06 110942
8 0.07 39395.5
8 0.08 35073.2
8 0.09 137140
8 0.1 11565.2
8 0.2 41545.6
8 0.3 25820.4
8 0.4 30857
8 0.5 1.31089e+06
8 0.6 97663.8
8 0.7 124943
8 0.8 142284
8 0.9 67064.7

9 0 91414.4
9 0.01 11407.5
9 0.02 9559.01
9 0.03 136002
9 0.04 213827
9 0.05 25250.5
9 0.06 157612
9 0.07 46932
9 0.08 197564
9 0.09 22957.7
9 0.1 11727
9 0.2 158417
9 0.3 139592
9 0.4 981511
9 0.5 77919.6
9 0.6 524469
9 0.7 104125
9 0.8 387296
9 0.9 212223

