0 0 0
0 0.02 0.0770686
0 0.04 0.427797
0 0.06 5.21917
0 0.08 14.3811
0 0.1 36.7102
0 0.12 61.8913
0 0.14 88.8722
0 0.16 123.02
0 0.18 155.356
0 0.2 195.561
0 0.22 238.23
0 0.24 276.723
0 0.26 308.536
0 0.28 342.531
0 0.3 375.83
0 0.32 403.955
0 0.34 431.36
0 0.36 460.57
0 0.38 482.888
0 0.4 506.671
0 0.42 522.349
0 0.44 547.093
0 0.46 563.625
0 0.48 577.059

0.1 0 0
0.1 0.02 0.104424
0.1 0.04 1.30043
0.1 0.06 5.8193
0.1 0.08 15.7627
0.1 0.1 35.0664
0.1 0.12 59.0885
0.1 0.14 87.3908
0.1 0.16 122.485
0.1 0.18 156.783
0.1 0.2 195.515
0.1 0.22 235.861
0.1 0.24 271.707
0.1 0.26 304.601
0.1 0.28 343.362
0.1 0.3 372.569
0.1 0.32 406.765
0.1 0.34 434.596
0.1 0.36 461.145
0.1 0.38 479.763
0.1 0.4 505.162
0.1 0.42 527.65
0.1 0.44 541.664
0.1 0.46 560.579
0.1 0.48 579.347

0.2 0 0
0.2 0.02 0.0957164
0.2 0.04 0.33432
0.2 0.06 4.63531
0.2 0.08 17.5179
0.2 0.1 31.999
0.2 0.12 59.2055
0.2 0.14 88.748
0.2 0.16 122.324
0.2 0.18 157.928
0.2 0.2 197.724
0.2 0.22 233.224
0.2 0.24 270.325
0.2 0.26 303.729
0.2 0.28 340.672
0.2 0.3 375.237
0.2 0.32 405.213
0.2 0.34 434.445
0.2 0.36 459.008
0.2 0.38 482.469
0.2 0.4 505.966
0.2 0.42 522.907
0.2 0.44 541.994
0.2 0.46 559.267
0.2 0.48 575.977

0.3 0 0
0.3 0.02 0
0.3 0.04 0.951498
0.3 0.06 7.33201
0.3 0.08 17.3709
0.3 0.1 37.3099
0.3 0.12 58.2822
0.3 0.14 89.3564
0.3 0.16 125.53
0.3 0.18 159.056
0.3 0.2 193.88
0.3 0.22 236.995
0.3 0.24 268.772
0.3 0.26 303.991
0.3 0.28 339.996
0.3 0.3 374.166
0.3 0.32 401.961
0.3 0.34 434.94
0.3 0.36 456.799
0.3 0.38 479.72
0.3 0.4 502.106
0.3 0.42 525.2
0.3 0.44 542.145
0.3 0.46 557.445
0.3 0.48 570.963

0.4 0 0
0.4 0.02 0.107136
0.4 0.04 0.909259
0.4 0.06 5.48325
0.4 0.08 16.2061
0.4 0.1 34.6572
0.4 0.12 58.32
0.4 0.14 89.8146
0.4 0.16 123.02
0.4 0.18 158.106
0.4 0.2 195.077
0.4 0.22 230.681
0.4 0.24 272.1
0.4 0.26 306.049
0.4 0.28 342.98
0.4 0.3 370.388
0.4 0.32 405.405
0.4 0.34 427.939
0.4 0.36 459.479
0.4 0.38 484.118
0.4 0.4 505.334
0.4 0.42 516.538
0.4 0.44 542.499
0.4 0.46 558.692
0.4 0.48 576.261

0.5 0 0
0.5 0.02 0.0833851
0.5 0.04 1.0546
0.5 0.06 6.09777
0.5 0.08 16.1933
0.5 0.1 39.4245
0.5 0.12 62.335
0.5 0.14 90.3034
0.5 0.16 124.012
0.5 0.18 158.171
0.5 0.2 201.038
0.5 0.22 232.839
0.5 0.24 272.069
0.5 0.26 305.858
0.5 0.28 339.45
0.5 0.3 372.264
0.5 0.32 407.169
0.5 0.34 432.564
0.5 0.36 459.011
0.5 0.38 482.01
0.5 0.4 502.149
0.5 0.42 524.636
0.5 0.44 543.803
0.5 0.46 557.604
0.5 0.48 570.257

0.6 0 0
0.6 0.02 0.0943544
0.6 0.04 1.70477
0.6 0.06 4.99484
0.6 0.08 18.431
0.6 0.1 37.8074
0.6 0.12 61.1418
0.6 0.14 90.2598
0.6 0.16 126.622
0.6 0.18 157.786
0.6 0.2 196.923
0.6 0.22 233.61
0.6 0.24 267.081
0.6 0.26 304.549
0.6 0.28 342.542
0.6 0.3 375.303
0.6 0.32 405.365
0.6 0.34 431.816
0.6 0.36 463.341
0.6 0.38 480.728
0.6 0.4 501.381
0.6 0.42 520.088
0.6 0.44 546.144
0.6 0.46 557.3
0.6 0.48 574.432

0.7 0 0
0.7 0.02 0.158088
0.7 0.04 1.17236
0.7 0.06 6.94706
0.7 0.08 17.7759
0.7 0.1 36.5689
0.7 0.12 62.5257
0.7 0.14 91.6602
0.7 0.16 118.89
0.7 0.18 160.463
0.7 0.2 197.363
0.7 0.22 234.942
0.7 0.24 269.825
0.7 0.26 307.181
0.7 0.28 345.466
0.7 0.3 373.345
0.7 0.32 405.435
0.7 0.34 430.203
0.7 0.36 456.74
0.7 0.38 481.515
0.7 0.4 505.062
0.7 0.42 525.855
0.7 0.44 540.454
0.7 0.46 555.638
0.7 0.48 575.291

0.8 0 0
0.8 0.02 0.173686
0.8 0.04 1.17366
0.8 0.06 4.48869
0.8 0.08 19.0433
0.8 0.1 37.191
0.8 0.12 63.8701
0.8 0.14 92.0789
0.8 0.16 126.546
0.8 0.18 159.83
0.8 0.2 192.898
0.8 0.22 234.917
0.8 0.24 274.293
0.8 0.26 307.022
0.8 0.28 338.378
0.8 0.3 376.485
0.8 0.32 405.14
0.8 0.34 430.145
0.8 0.36 455.794
0.8 0.38 482.432
0.8 0.4 502.369
0.8 0.42 518.152
0.8 0.44 551.463
0.8 0.46 557.068
0.8 0.48 573.169

0.9 0 0.073632
0.9 0.02 0.105526
0.9 0.04 1.33339
0.9 0.06 6.59298
0.9 0.08 18.1677
0.9 0.1 38.5788
0.9 0.12 59.8588
0.9 0.14 90.0917
0.9 0.16 124.601
0.9 0.18 164.006
0.9 0.2 198.347
0.9 0.22 236.621
0.9 0.24 271.422
0.9 0.26 309.106
0.9 0.28 345.08
0.9 0.3 373.532
0.9 0.32 404.682
0.9 0.34 428.336
0.9 0.36 457.949
0.9 0.38 483.365
0.9 0.4 500.986
0.9 0.42 522.772
0.9 0.44 539.92
0.9 0.46 558.621
0.9 0.48 574.209

