0 0 0.00160254
0 0.02 593.25
0 0.04 1049.9
0 0.06 2243.54
0 0.08 3820.16
0 0.1 5302.55
0 0.12 6783.72
0 0.14 8353.31
0 0.16 9660.17
0 0.18 10970.7
0 0.2 12111.7
0 0.22 13139.3
0 0.24 14059.9
0 0.26 14724.1
0 0.28 15404.6
0 0.3 16138
0 0.32 16515.7
0 0.34 17043.8
0 0.36 17468.6
0 0.38 17825.5
0 0.4 18166.4
0 0.42 18420.9
0 0.44 18739
0 0.46 18997.9
0 0.48 19166.3

0.1 0 12.2026
0.1 0.02 590.454
0.1 0.04 1026.93
0.1 0.06 2335.98
0.1 0.08 3786.29
0.1 0.1 5271.43
0.1 0.12 6833.85
0.1 0.14 8368.04
0.1 0.16 9751.73
0.1 0.18 11000.3
0.1 0.2 12159.6
0.1 0.22 13131.3
0.1 0.24 14041.1
0.1 0.26 14824.3
0.1 0.28 15477.2
0.1 0.3 16064.9
0.1 0.32 16590.7
0.1 0.34 17084.5
0.1 0.36 17537.4
0.1 0.38 17779
0.1 0.4 18191
0.1 0.42 18414.4
0.1 0.44 18697
0.1 0.46 18926.1
0.1 0.48 19154.5

0.2 0 96.8352
0.2 0.02 586.059
0.2 0.04 1031.77
0.2 0.06 2279.82
0.2 0.08 3772.07
0.2 0.1 5276.87
0.2 0.12 6731.42
0.2 0.14 8256.84
0.2 0.16 9714.5
0.2 0.18 11031
0.2 0.2 12150.5
0.2 0.22 13210.8
0.2 0.24 14012.3
0.2 0.26 14796.6
0.2 0.28 15453.3
0.2 0.3 16081.9
0.2 0.32 16636.4
0.2 0.34 17008.1
0.2 0.36 17502.3
0.2 0.38 17771.8
0.2 0.4 18157.7
0.2 0.42 18458.2
0.2 0.44 18717.4
0.2 0.46 18901.3
0.2 0.48 19229.3

0.3 0 250.075
0.3 0.02 584.427
0.3 0.04 1047.79
0.3 0.06 2294.55
0.3 0.08 3773.17
0.3 0.1 5245.24
0.3 0.12 6824.78
0.3 0.14 8217.01
0.3 0.16 9695.9
0.3 0.18 11009.7
0.3 0.2 12104.5
0.3 0.22 13210.6
0.3 0.24 14069.9
0.3 0.26 14760.7
0.3 0.28 15417.7
0.3 0.3 16132.1
0.3 0.32 16594.7
0.3 0.34 17108.2
0.3 0.36 17512.4
0.3 0.38 17856.3
0.3 0.4 18187.7
0.3 0.42 18474.9
0.3 0.44 18787.2
0.3 0.46 18993.4
0.3 0.48 19201.7

0.4 0 361.697
0.4 0.02 590.187
0.4 0.04 1027.48
0.4 0.06 2313.29
0.4 0.08 3852.14
0.4 0.1 5266.42
0.4 0.12 6828.63
0.4 0.14 8309.46
0.4 0.16 9714.34
0.4 0.18 10847.2
0.4 0.2 12054.5
0.4 0.22 13156.4
0.4 0.24 13994.6
0.4 0.26 14815.4
0.4 0.28 15489.9
0.4 0.3 16062.6
0.4 0.32 16558.6
0.4 0.34 17068.1
0.4 0.36 17477.1
0.4 0.38 17847.8
0.4 0.4 18116.8
0.4 0.42 18487.1
0.4 0.44 18708.9
0.4 0.46 18927.7
0.4 0.48 19200.8

0.5 0 433.645
0.5 0.02 593.347
0.5 0.04 1048.27
0.5 0.06 2341.43
0.5 0.08 3804.53
0.5 0.1 5257.11
0.5 0.12 6754.06
0.5 0.14 8292.88
0.5 0.16 9669.74
0.5 0.18 10972
0.5 0.2 12108.5
0.5 0.22 13150.3
0.5 0.24 14096.7
0.5 0.26 14863.2
0.5 0.28 15469.3
0.5 0.3 16063.5
0.5 0.32 16657.3
0.5 0.34 17008
0.5 0.36 17453.3
0.5 0.38 17840.1
0.5 0.4 18175
0.5 0.42 18520.5
0.5 0.44 18751.5
0.5 0.46 18978.6
0.5 0.48 19134.7

0.6 0 473.537
0.6 0.02 595.395
0.6 0.04 1030.31
0.6 0.06 2342.83
0.6 0.08 3816.28
0.6 0.1 5289.15
0.6 0.12 6837.86
0.6 0.14 8251.8
0.6 0.16 9777.1
0.6 0.18 10973.3
0.6 0.2 12065.2
0.6 0.22 13064.4
0.6 0.24 13994
0.6 0.26 14745.5
0.6 0.28 15580.2
0.6 0.3 16160.3
0.6 0.32 16551.5
0.6 0.34 17102.7
0.6 0.36 17447.5
0.6 0.38 17810.4
0.6 0.4 18163.7
0.6 0.42 18454.5
0.6 0.44 18728.4
0.6 0.46 18962.4
0.6 0.48 19213.3

0.7 0 496.358
0.7 0.02 580.301
0.7 0.04 1044.74
0.7 0.06 2344.79
0.7 0.08 3749.85
0.7 0.1 5261.37
0.7 0.12 6823.79
0.7 0.14 8256.38
0.7 0.16 9633.32
0.7 0.18 10910.6
0.7 0.2 12113.9
0.7 0.22 13149.5
0.7 0.24 14056.9
0.7 0.26 14816.9
0.7 0.28 15451.8
0.7 0.3 16074.3
0.7 0.32 16640.8
0.7 0.34 17094.8
0.7 0.36 17436.4
0.7 0.38 17827.7
0.7 0.4 18131.7
0.7 0.42 18482.2
0.7 0.44 18700.2
0.7 0.46 18971.7
0.7 0.48 19152.6

0.8 0 505.702
0.8 0.02 580.13
0.8 0.04 1029.74
0.8 0.06 2355.83
0.8 0.08 3775.47
0.8 0.1 5294.75
0.8 0.12 6831.93
0.8 0.14 8319.97
0.8 0.16 9743.98
0.8 0.18 10996.6
0.8 0.2 12110.1
0.8 0.22 13171.6
0.8 0.24 14045.1
0.8 0.26 14764
0.8 0.28 15541.4
0.8 0.3 16109.4
0.8 0.32 16633.3
0.8 0.34 17032.9
0.8 0.36 17482.9
0.8 0.38 17826.1
0.8 0.4 18170.2
0.8 0.42 18443.5
0.8 0.44 18737.8
0.8 0.46 18977.5
0.8 0.48 19139.2

0.9 0 506.536
0.9 0.02 569.35
0.9 0.04 1081.19
0.9 0.06 2281.33
0.9 0.08 3767.01
0.9 0.1 5303.12
0.9 0.12 6805.87
0.9 0.14 8305.52
0.9 0.16 9681.38
0.9 0.18 10976.3
0.9 0.2 12174.1
0.9 0.22 13162.9
0.9 0.24 14002.2
0.9 0.26 14851.5
0.9 0.28 15457.9
0.9 0.3 16067.7
0.9 0.32 16630.9
0.9 0.34 17058.4
0.9 0.36 17558.7
0.9 0.38 17831.7
0.9 0.4 18133.1
0.9 0.42 18479.8
0.9 0.44 18705.2
0.9 0.46 18960.8
0.9 0.48 19150.7

